#!ascii label  , from subject sub-01 vox2ras=TkReg
1774
110856  -40.414  -8.422  20.936 0.0000000000
112219  -47.614  -6.990  8.648 0.0000000000
120592  -47.057  0.556  22.787 0.0000000000
109765  -47.105  -9.655  15.009 0.0000000000
107377  -45.577  -11.128  26.322 0.0000000000
117665  -42.081  -2.594  10.895 0.0000000000
123786  -50.619  3.654  11.605 0.0000000000
129486  -39.793  9.601  12.476 0.0000000000
109579  -39.334  -8.942  28.816 0.0000000000
107489  -42.114  -11.043  16.771 0.0000000000
112167  -43.989  -7.752  12.006 0.0000000000
114473  -40.498  -5.414  15.835 0.0000000000
125802  -46.962  6.164  21.331 0.0000000000
121646  -49.420  1.443  16.863 0.0000000000
128548  -47.304  7.843  16.760 0.0000000000
128623  -46.239  9.057  11.807 0.0000000000
129408  -41.608  10.298  19.224 0.0000000000
113446  -44.667  -6.336  5.702 0.0000000000
117554  -37.347  -2.144  22.598 0.0000000000
116539  -43.542  -3.469  21.244 0.0000000000
112085  -49.850  -7.698  19.669 0.0000000000
108531  -45.769  -10.658  21.467 0.0000000000
105085  -40.998  -13.455  22.282 0.0000000000
108473  -39.452  -10.184  26.385 0.0000000000
115631  -46.596  -4.246  7.479 0.0000000000
119739  -44.567  -0.434  4.704 0.0000000000
117622  -45.652  -2.592  15.779 0.0000000000
120719  -46.520  1.314  10.380 0.0000000000
124902  -44.271  3.966  5.534 0.0000000000
122745  -45.755  2.763  11.287 0.0000000000
124805  -43.320  4.388  15.543 0.0000000000
108554  -39.536  -10.354  18.774 0.0000000000
110900  -40.508  -8.489  15.767 0.0000000000
112090  -40.185  -7.263  18.328 0.0000000000
127596  -48.426  7.549  22.323 0.0000000000
126772  -47.350  6.913  19.079 0.0000000000
128493  -45.971  8.615  21.440 0.0000000000
127631  -43.825  7.876  18.575 0.0000000000
112231  -46.336  -6.966  7.309 0.0000000000
120558  -36.945  -0.153  25.717 0.0000000000
119576  -39.398  -0.331  24.836 0.0000000000
107396  -45.350  -11.114  24.307 0.0000000000
106271  -43.750  -12.368  21.364 0.0000000000
106238  -43.437  -12.568  24.233 0.0000000000
112007  -39.610  -7.721  27.298 0.0000000000
110831  -33.867  -8.030  23.130 0.0000000000
114421  -34.142  -5.727  22.470 0.0000000000
114413  -32.175  -6.054  23.824 0.0000000000
110962  -48.253  -8.387  13.033 0.0000000000
114517  -42.425  -5.547  11.517 0.0000000000
114547  -44.737  -5.818  9.569 0.0000000000
115617  -43.527  -4.408  8.632 0.0000000000
116657  -44.787  -3.227  6.353 0.0000000000
118695  -42.971  -1.099  7.929 0.0000000000
118576  -45.572  -1.308  22.122 0.0000000000
116553  -44.537  -3.407  18.419 0.0000000000
118607  -47.352  -1.240  18.926 0.0000000000
122724  -50.925  2.924  13.932 0.0000000000
120682  -49.652  0.759  13.296 0.0000000000
121724  -49.978  2.012  10.392 0.0000000000
122800  -46.721  3.162  7.506 0.0000000000
124867  -48.653  4.626  8.094 0.0000000000
123820  -45.243  3.863  8.289 0.0000000000
123783  -47.887  3.416  11.094 0.0000000000
129506  -42.552  9.587  11.308 0.0000000000
126837  -45.149  6.882  13.807 0.0000000000
127693  -42.247  7.534  12.963 0.0000000000
126812  -41.002  6.030  15.619 0.0000000000
127707  -39.215  7.584  11.925 0.0000000000
108586  -44.462  -10.972  16.359 0.0000000000
109777  -45.465  -9.260  13.130 0.0000000000
108608  -43.024  -9.639  14.395 0.0000000000
112153  -41.758  -7.173  13.535 0.0000000000
116600  -41.116  -3.656  13.143 0.0000000000
123686  -44.297  3.533  21.503 0.0000000000
121621  -48.096  0.695  18.987 0.0000000000
123722  -45.759  3.414  17.926 0.0000000000
124798  -48.792  4.623  16.153 0.0000000000
126815  -50.609  6.697  14.945 0.0000000000
127700  -49.293  7.724  13.032 0.0000000000
128582  -46.822  8.874  14.307 0.0000000000
129445  -43.263  9.059  14.826 0.0000000000
129442  -40.050  9.998  15.889 0.0000000000
114594  -43.038  -5.626  5.139 0.0000000000
115517  -38.912  -4.830  20.540 0.0000000000
113274  -41.842  -6.258  21.238 0.0000000000
117564  -40.526  -2.702  21.163 0.0000000000
119586  -42.886  -0.202  23.479 0.0000000000
120567  -45.402  0.539  25.654 0.0000000000
123671  -43.396  3.162  26.686 0.0000000000
123680  -44.369  3.449  24.830 0.0000000000
110901  -48.856  -8.843  17.283 0.0000000000
109695  -47.596  -9.024  19.770 0.0000000000
108557  -46.264  -10.356  18.570 0.0000000000
107461  -44.140  -11.633  18.418 0.0000000000
106296  -41.460  -12.564  19.606 0.0000000000
108420  -44.778  -9.750  29.335 0.0000000000
111954  -41.574  -7.182  29.240 0.0000000000
110769  -42.017  -8.126  27.974 0.0000000000
107352  -42.047  -11.206  27.450 0.0000000000
105062  -40.086  -13.199  24.731 0.0000000000
110844  -38.361  -8.418  21.508 0.0000000000
114552  -50.181  -5.375  8.887 0.0000000000
112183  -46.531  -7.456  11.507 0.0000000000
114550  -48.147  -5.016  9.331 0.0000000000
114572  -48.613  -5.130  7.502 0.0000000000
114598  -46.580  -4.686  5.955 0.0000000000
115668  -44.960  -3.885  4.647 0.0000000000
118721  -43.382  -1.543  4.083 0.0000000000
114456  -42.264  -5.327  18.422 0.0000000000
116584  -42.528  -3.211  15.594 0.0000000000
118656  -42.764  -1.382  13.341 0.0000000000
118625  -49.298  -0.989  16.253 0.0000000000
119678  -46.469  -0.143  13.830 0.0000000000
119703  -44.133  -0.216  10.963 0.0000000000
120734  -44.378  1.179  7.748 0.0000000000
121785  -44.287  1.399  4.589 0.0000000000
120752  -42.312  0.292  5.338 0.0000000000
125882  -47.306  5.174  14.063 0.0000000000
122728  -44.770  2.263  13.979 0.0000000000
121665  -42.621  1.407  14.461 0.0000000000
122703  -41.477  2.707  16.737 0.0000000000
124785  -39.417  4.332  17.786 0.0000000000
110855  -39.927  -8.798  20.200 0.0000000000
110870  -39.734  -8.301  18.207 0.0000000000
110863  -40.389  -8.115  19.986 0.0000000000
128495  -47.529  7.952  21.587 0.0000000000
129385  -44.772  9.695  21.419 0.0000000000
113409  -47.280  -6.886  8.267 0.0000000000
107386  -45.418  -11.132  25.293 0.0000000000
107395  -44.768  -11.630  24.256 0.0000000000
106217  -44.536  -11.984  25.663 0.0000000000
110822  -33.117  -8.065  23.873 0.0000000000
112042  -32.890  -7.336  23.460 0.0000000000
109766  -47.939  -9.466  14.924 0.0000000000
110946  -48.167  -9.080  13.917 0.0000000000
116616  -42.107  -4.023  10.835 0.0000000000
115604  -43.121  -4.967  9.906 0.0000000000
116633  -42.600  -3.381  9.364 0.0000000000
117679  -42.873  -3.013  8.272 0.0000000000
118686  -42.742  -1.524  9.520 0.0000000000
119602  -46.358  -0.666  22.603 0.0000000000
118589  -46.064  -1.514  20.581 0.0000000000
119610  -47.462  -0.560  20.605 0.0000000000
123765  -51.147  3.714  13.538 0.0000000000
121694  -51.216  2.127  12.825 0.0000000000
122759  -50.796  3.031  10.650 0.0000000000
122771  -50.199  3.177  8.870 0.0000000000
123811  -50.050  3.649  9.305 0.0000000000
123809  -48.266  3.817  9.334 0.0000000000
123774  -49.747  4.051  12.151 0.0000000000
129487  -41.013  9.464  12.262 0.0000000000
128619  -42.327  8.340  10.957 0.0000000000
127732  -41.019  8.345  10.584 0.0000000000
127708  -40.350  7.683  11.868 0.0000000000
128618  -39.658  8.692  10.984 0.0000000000
107490  -42.973  -11.294  16.722 0.0000000000
108597  -43.533  -10.481  15.302 0.0000000000
108584  -42.683  -10.697  16.055 0.0000000000
112114  -40.080  -7.083  16.040 0.0000000000
110913  -40.773  -8.000  15.091 0.0000000000
113329  -40.657  -6.244  14.413 0.0000000000
114491  -40.985  -5.192  13.309 0.0000000000
115558  -40.731  -4.550  14.505 0.0000000000
125800  -44.808  5.015  21.139 0.0000000000
123705  -44.736  3.511  19.934 0.0000000000
125828  -45.359  5.201  19.112 0.0000000000
127635  -47.152  7.212  18.725 0.0000000000
126799  -46.812  5.972  16.933 0.0000000000
126801  -48.484  6.589  16.244 0.0000000000
125871  -49.844  5.719  15.660 0.0000000000
127657  -48.819  7.511  15.808 0.0000000000
128572  -48.738  8.339  14.765 0.0000000000
128558  -46.663  8.208  16.223 0.0000000000
128530  -42.441  8.941  19.056 0.0000000000
128555  -43.482  8.264  16.759 0.0000000000
129427  -41.761  9.273  17.435 0.0000000000
129443  -41.201  9.487  15.580 0.0000000000
130259  -40.609  10.604  17.998 0.0000000000
113445  -43.679  -6.465  5.478 0.0000000000
116533  -37.835  -3.475  21.170 0.0000000000
116535  -39.946  -3.437  20.845 0.0000000000
118579  -39.119  -1.757  21.764 0.0000000000
120562  -40.959  0.305  26.077 0.0000000000
119584  -40.476  0.086  24.027 0.0000000000
120571  -42.193  0.580  25.176 0.0000000000
120582  -43.563  0.187  24.238 0.0000000000
120551  -43.515  0.571  26.699 0.0000000000
125761  -42.899  5.508  25.589 0.0000000000
123678  -44.327  3.161  25.877 0.0000000000
124733  -44.701  4.556  25.449 0.0000000000
124739  -44.666  4.812  24.187 0.0000000000
125764  -45.922  5.768  25.412 0.0000000000
110886  -49.853  -8.196  17.780 0.0000000000
110874  -49.616  -7.994  18.789 0.0000000000
109676  -47.587  -8.749  21.600 0.0000000000
109686  -47.010  -9.545  20.615 0.0000000000
109694  -47.059  -9.645  19.632 0.0000000000
108550  -46.384  -10.278  19.556 0.0000000000
108556  -45.460  -10.877  18.525 0.0000000000
107438  -45.058  -11.365  20.416 0.0000000000
106254  -42.393  -13.024  22.285 0.0000000000
106286  -42.656  -12.661  20.462 0.0000000000
106268  -41.392  -13.115  20.893 0.0000000000
111952  -40.135  -7.970  29.127 0.0000000000
111990  -40.841  -7.662  27.708 0.0000000000
109605  -40.596  -9.361  27.105 0.0000000000
108458  -42.309  -10.475  27.827 0.0000000000
108475  -40.886  -10.638  27.125 0.0000000000
106213  -40.941  -12.324  26.455 0.0000000000
107384  -39.302  -11.361  25.974 0.0000000000
113270  -37.362  -6.758  20.811 0.0000000000
112062  -36.336  -7.500  21.407 0.0000000000
113404  -50.818  -5.335  9.750 0.0000000000
109788  -44.844  -8.716  12.646 0.0000000000
110974  -46.052  -8.113  11.933 0.0000000000
110972  -45.014  -7.836  11.666 0.0000000000
114561  -45.388  -5.273  8.778 0.0000000000
114548  -45.857  -5.728  9.582 0.0000000000
115620  -47.010  -4.514  8.174 0.0000000000
115622  -48.821  -4.601  8.330 0.0000000000
115632  -47.456  -4.306  7.500 0.0000000000
115642  -47.268  -4.937  6.321 0.0000000000
116659  -46.862  -3.860  6.332 0.0000000000
118714  -44.231  -1.677  5.558 0.0000000000
117701  -45.036  -2.421  5.091 0.0000000000
117721  -44.939  -1.842  4.150 0.0000000000
117710  -44.382  -2.261  3.977 0.0000000000
119754  -44.741  -0.753  3.754 0.0000000000
114434  -42.614  -4.768  21.463 0.0000000000
114449  -42.318  -5.585  20.035 0.0000000000
115520  -42.867  -4.931  20.297 0.0000000000
116562  -45.424  -3.365  17.187 0.0000000000
115544  -44.070  -4.157  17.440 0.0000000000
117605  -44.105  -3.078  16.128 0.0000000000
117631  -42.667  -2.285  14.504 0.0000000000
118646  -44.437  -1.455  14.484 0.0000000000
121632  -48.489  1.304  17.715 0.0000000000
119629  -49.144  -0.374  18.118 0.0000000000
119644  -49.941  0.136  16.599 0.0000000000
120694  -47.823  1.017  12.185 0.0000000000
120680  -47.272  0.334  13.478 0.0000000000
120693  -46.320  0.413  12.468 0.0000000000
120692  -45.212  0.166  12.140 0.0000000000
120706  -45.621  0.507  11.305 0.0000000000
120726  -44.733  0.791  9.126 0.0000000000
121734  -45.424  1.441  8.865 0.0000000000
123847  -46.385  3.950  6.346 0.0000000000
122812  -45.332  3.200  6.129 0.0000000000
123870  -44.297  2.738  4.804 0.0000000000
121783  -43.143  1.051  4.356 0.0000000000
122817  -42.846  2.436  5.457 0.0000000000
121767  -41.744  1.506  6.260 0.0000000000
123845  -43.131  3.379  6.272 0.0000000000
122766  -44.920  3.122  9.634 0.0000000000
122781  -43.483  3.102  8.518 0.0000000000
128608  -47.940  8.683  11.959 0.0000000000
126840  -48.151  6.734  13.388 0.0000000000
126839  -47.153  6.786  13.524 0.0000000000
125879  -44.421  5.399  14.861 0.0000000000
124815  -45.280  4.493  14.863 0.0000000000
122714  -44.065  3.008  15.148 0.0000000000
121666  -43.660  1.998  14.579 0.0000000000
121655  -42.851  2.087  15.479 0.0000000000
121643  -42.009  2.139  16.150 0.0000000000
123730  -42.489  3.584  16.186 0.0000000000
127665  -39.690  6.886  15.225 0.0000000000
126798  -40.127  5.762  16.477 0.0000000000
126797  -39.464  5.965  16.737 0.0000000000
125847  -38.232  5.515  17.746 0.0000000000
108567  -40.254  -10.371  17.570 0.0000000000
108582  -40.524  -9.944  16.748 0.0000000000
109713  -39.724  -9.261  17.356 0.0000000000
110884  -39.648  -8.208  17.130 0.0000000000
113297  -40.276  -6.255  17.553 0.0000000000
126745  -47.384  6.518  20.392 0.0000000000
127610  -47.875  7.439  20.607 0.0000000000
127609  -47.201  7.745  20.177 0.0000000000
127634  -46.543  7.583  18.422 0.0000000000
128546  -45.472  7.723  17.466 0.0000000000
128520  -45.019  7.949  19.975 0.0000000000
128504  -43.501  8.933  20.367 0.0000000000
113431  -45.171  -6.831  6.243 0.0000000000
119574  -37.119  -1.112  24.695 0.0000000000
119582  -38.459  -1.046  23.825 0.0000000000
119569  -38.606  -0.283  25.616 0.0000000000
108520  -45.790  -10.573  22.438 0.0000000000
107427  -45.146  -11.268  21.416 0.0000000000
107402  -44.658  -11.668  23.322 0.0000000000
106247  -43.336  -12.574  23.239 0.0000000000
105072  -42.244  -13.281  23.934 0.0000000000
111969  -38.808  -7.583  28.329 0.0000000000
110785  -37.866  -8.130  26.065 0.0000000000
110832  -35.124  -8.398  22.744 0.0000000000
113263  -35.229  -7.059  22.012 0.0000000000
112052  -34.331  -7.464  22.650 0.0000000000
114414  -32.716  -5.627  23.707 0.0000000000
113370  -42.749  -6.318  11.687 0.0000000000
113372  -44.012  -6.816  10.984 0.0000000000
114531  -43.218  -5.744  10.609 0.0000000000
114560  -44.404  -5.231  8.843 0.0000000000
115618  -44.883  -4.686  8.121 0.0000000000
115641  -45.088  -3.793  6.818 0.0000000000
116646  -43.708  -3.304  7.265 0.0000000000
117691  -43.604  -2.426  6.656 0.0000000000
119732  -43.587  -0.568  6.399 0.0000000000
117568  -44.352  -2.356  21.354 0.0000000000
116549  -43.973  -3.823  19.563 0.0000000000
117571  -44.767  -2.585  20.307 0.0000000000
117584  -45.370  -2.657  18.473 0.0000000000
117596  -46.317  -2.673  17.517 0.0000000000
122708  -50.270  2.406  15.759 0.0000000000
120657  -50.460  0.757  15.312 0.0000000000
121679  -50.802  1.529  13.466 0.0000000000
121691  -49.645  1.414  11.874 0.0000000000
121722  -48.128  1.667  10.276 0.0000000000
121751  -47.310  2.144  8.992 0.0000000000
122769  -48.410  2.421  8.910 0.0000000000
123836  -47.900  3.876  7.216 0.0000000000
125922  -46.636  5.148  6.800 0.0000000000
124878  -44.782  4.431  7.085 0.0000000000
124865  -46.553  4.600  7.892 0.0000000000
123807  -46.431  3.712  9.127 0.0000000000
123782  -46.837  3.169  10.898 0.0000000000
129524  -44.597  9.311  11.367 0.0000000000
127713  -45.671  8.141  12.515 0.0000000000
128604  -43.873  8.496  11.749 0.0000000000
127694  -43.222  7.540  13.070 0.0000000000
126827  -42.783  6.512  14.468 0.0000000000
125868  -42.494  5.366  15.534 0.0000000000
127678  -41.028  7.190  14.042 0.0000000000
127691  -40.109  7.564  13.020 0.0000000000
127690  -39.007  7.559  13.118 0.0000000000
108600  -45.754  -10.423  15.815 0.0000000000
109764  -46.149  -10.084  14.845 0.0000000000
108610  -44.419  -10.256  14.708 0.0000000000
109761  -43.557  -9.422  13.881 0.0000000000
109774  -42.995  -8.660  13.415 0.0000000000
109745  -41.450  -8.917  15.213 0.0000000000
110928  -42.148  -8.391  14.000 0.0000000000
112154  -42.223  -7.241  13.072 0.0000000000
113355  -41.870  -6.002  12.642 0.0000000000
115584  -41.605  -4.530  11.896 0.0000000000
117655  -41.623  -3.013  11.621 0.0000000000
121583  -45.797  1.439  21.766 0.0000000000
121596  -47.442  0.606  20.763 0.0000000000
121594  -45.412  1.774  20.501 0.0000000000
122683  -46.545  2.264  18.188 0.0000000000
122696  -47.644  2.359  17.331 0.0000000000
125843  -45.893  5.713  18.419 0.0000000000
124796  -46.958  4.542  16.748 0.0000000000
123733  -48.480  3.576  16.467 0.0000000000
123744  -49.994  4.189  15.663 0.0000000000
124810  -51.128  4.781  14.704 0.0000000000
125892  -50.985  5.401  13.677 0.0000000000
125890  -49.833  5.505  13.104 0.0000000000
127683  -50.274  7.883  13.713 0.0000000000
129478  -48.738  9.408  12.905 0.0000000000
129475  -46.079  9.546  12.829 0.0000000000
128556  -44.530  8.160  16.551 0.0000000000
128580  -44.813  8.877  14.716 0.0000000000
129474  -45.055  9.539  12.852 0.0000000000
129472  -42.919  9.623  13.073 0.0000000000
129471  -41.793  9.595  13.228 0.0000000000
129453  -39.641  10.127  14.997 0.0000000000
113272  -40.173  -6.554  21.254 0.0000000000
112067  -41.443  -6.892  21.372 0.0000000000
115519  -40.422  -5.002  21.054 0.0000000000
116536  -40.985  -3.917  21.160 0.0000000000
117566  -42.265  -2.938  21.744 0.0000000000
119596  -39.968  -0.604  22.951 0.0000000000
118572  -41.593  -1.362  22.203 0.0000000000
118573  -42.698  -1.810  22.239 0.0000000000
119600  -44.312  -1.015  22.903 0.0000000000
119578  -45.469  -0.283  24.200 0.0000000000
120576  -46.495  0.243  24.396 0.0000000000
122629  -43.280  1.705  27.322 0.0000000000
121547  -44.489  1.089  27.127 0.0000000000
121565  -45.305  1.374  25.752 0.0000000000
121574  -45.188  1.690  23.586 0.0000000000
122645  -44.507  2.580  23.079 0.0000000000
125784  -45.003  5.490  23.116 0.0000000000
125794  -46.834  6.031  22.516 0.0000000000
109735  -49.218  -8.997  16.336 0.0000000000
109733  -47.621  -9.587  16.738 0.0000000000
110858  -48.746  -7.734  20.747 0.0000000000
110865  -48.997  -7.855  19.732 0.0000000000
110872  -48.041  -8.685  19.245 0.0000000000
109716  -47.711  -9.370  17.705 0.0000000000
109732  -46.757  -10.057  16.704 0.0000000000
108570  -45.111  -10.975  17.539 0.0000000000
107476  -44.183  -11.422  17.542 0.0000000000
107475  -43.246  -11.619  17.471 0.0000000000
107437  -44.252  -11.920  20.317 0.0000000000
106308  -42.903  -12.305  18.839 0.0000000000
107458  -41.649  -11.844  18.145 0.0000000000
107457  -40.469  -11.426  18.486 0.0000000000
113175  -42.767  -6.761  29.771 0.0000000000
111971  -40.766  -7.459  28.557 0.0000000000
111972  -41.599  -7.315  28.531 0.0000000000
111956  -43.619  -7.522  29.215 0.0000000000
109581  -43.566  -9.194  28.828 0.0000000000
108432  -43.526  -10.402  28.510 0.0000000000
107354  -44.071  -11.786  27.226 0.0000000000
106215  -43.050  -12.504  26.475 0.0000000000
105064  -41.902  -13.336  24.720 0.0000000000
105070  -40.655  -13.546  23.903 0.0000000000
110845  -39.430  -8.328  21.569 0.0000000000
113279  -38.822  -6.545  20.771 0.0000000000
115515  -37.274  -4.854  20.831 0.0000000000
117560  -36.795  -3.143  21.896 0.0000000000
117548  -36.287  -2.438  23.367 0.0000000000
112202  -50.824  -6.592  10.364 0.0000000000
113391  -49.830  -6.483  9.739 0.0000000000
113401  -48.962  -6.367  8.838 0.0000000000
110944  -46.556  -8.916  12.863 0.0000000000
112169  -47.469  -7.638  12.129 0.0000000000
113387  -45.671  -6.452  10.330 0.0000000000
114535  -47.486  -5.736  10.139 0.0000000000
114536  -48.811  -5.285  10.255 0.0000000000
115606  -49.032  -4.595  9.072 0.0000000000
114566  -49.638  -5.103  8.310 0.0000000000
113411  -48.700  -6.034  8.143 0.0000000000
113419  -47.834  -5.922  7.346 0.0000000000
114581  -46.387  -5.687  6.272 0.0000000000
114597  -45.965  -5.105  5.835 0.0000000000
116668  -45.677  -3.422  5.491 0.0000000000
115654  -45.560  -4.322  5.255 0.0000000000
114596  -44.816  -4.982  5.240 0.0000000000
114607  -44.036  -4.738  4.642 0.0000000000
116680  -43.007  -3.375  4.798 0.0000000000
117698  -42.629  -2.530  4.993 0.0000000000
112083  -41.476  -7.007  20.348 0.0000000000
113291  -41.376  -6.267  18.672 0.0000000000
114464  -41.140  -5.119  17.161 0.0000000000
115527  -43.636  -4.289  18.905 0.0000000000
115542  -42.347  -4.225  16.835 0.0000000000
115552  -41.121  -4.240  15.694 0.0000000000
116583  -41.609  -3.502  15.288 0.0000000000
117642  -42.255  -2.190  13.777 0.0000000000
118664  -42.465  -1.463  12.320 0.0000000000
118599  -48.229  -0.848  19.084 0.0000000000
117598  -48.235  -1.785  18.110 0.0000000000
118623  -47.658  -2.001  16.292 0.0000000000
119666  -49.646  -0.136  14.913 0.0000000000
119664  -47.636  -0.500  14.706 0.0000000000
118647  -45.602  -1.305  14.783 0.0000000000
119676  -44.823  -0.642  13.556 0.0000000000
119686  -43.731  -0.483  12.454 0.0000000000
118671  -43.001  -1.122  10.775 0.0000000000
119710  -43.307  -0.690  9.587 0.0000000000
120746  -44.068  0.153  5.759 0.0000000000
121760  -45.423  2.174  7.688 0.0000000000
121769  -44.652  1.884  6.354 0.0000000000
120762  -44.479  0.224  4.347 0.0000000000
120767  -43.789  -0.092  3.712 0.0000000000
119744  -43.103  -0.595  4.158 0.0000000000
123817  -42.863  3.298  7.541 0.0000000000
124833  -49.112  4.602  12.791 0.0000000000
123763  -48.266  4.056  13.037 0.0000000000
122737  -46.405  2.791  12.307 0.0000000000
126838  -46.203  6.695  13.685 0.0000000000
123761  -46.122  3.031  13.637 0.0000000000
122736  -45.525  2.469  12.538 0.0000000000
121689  -43.937  1.725  12.823 0.0000000000
121676  -42.370  1.203  13.348 0.0000000000
120678  -40.985  0.838  13.454 0.0000000000
124794  -41.347  4.334  16.705 0.0000000000
124786  -40.316  4.324  17.381 0.0000000000
131076  -38.447  11.287  14.261 0.0000000000
130296  -38.047  10.675  12.494 0.0000000000
129502  -37.648  9.615  11.320 0.0000000000
127722  -37.760  8.056  11.794 0.0000000000
128591  -37.043  8.264  12.726 0.0000000000
112074  -40.986  -7.573  20.602 0.0000000000
108476  -46.219  -10.524  26.361 0.0000000000
108488  -46.029  -10.513  25.376 0.0000000000
107385  -44.868  -11.637  25.146 0.0000000000
107376  -44.790  -11.787  26.220 0.0000000000
110808  -33.853  -8.459  24.758 0.0000000000
109780  -47.608  -9.473  14.478 0.0000000000
116625  -41.944  -3.426  10.833 0.0000000000
116626  -42.339  -3.549  10.281 0.0000000000
117672  -42.472  -2.522  9.878 0.0000000000
119603  -47.162  -0.197  22.904 0.0000000000
119606  -47.187  -0.332  21.600 0.0000000000
120593  -47.291  0.103  22.334 0.0000000000
124836  -50.910  4.071  12.547 0.0000000000
123776  -51.146  3.611  12.597 0.0000000000
123800  -50.829  3.256  11.087 0.0000000000
123799  -50.482  3.405  10.571 0.0000000000
123798  -49.605  3.657  10.341 0.0000000000
124841  -50.306  3.880  11.931 0.0000000000
129520  -41.150  9.211  10.777 0.0000000000
129504  -40.320  9.279  11.284 0.0000000000
127731  -40.253  8.283  10.698 0.0000000000
112115  -40.266  -6.631  15.806 0.0000000000
112128  -40.440  -7.003  15.339 0.0000000000
113317  -40.373  -6.156  15.447 0.0000000000
114481  -40.553  -5.391  14.942 0.0000000000
125801  -45.648  5.628  21.211 0.0000000000
125811  -45.260  5.259  20.177 0.0000000000
125812  -46.386  6.031  20.329 0.0000000000
127648  -47.181  7.388  17.584 0.0000000000
126800  -47.422  6.550  16.902 0.0000000000
127656  -47.947  7.465  16.644 0.0000000000
128559  -47.781  8.253  16.029 0.0000000000
129409  -42.049  9.941  19.437 0.0000000000
128543  -42.443  8.660  18.104 0.0000000000
129419  -41.779  9.469  18.463 0.0000000000
129426  -40.865  10.122  17.830 0.0000000000
129418  -41.379  10.192  18.832 0.0000000000
112241  -44.584  -7.559  6.573 0.0000000000
112253  -44.123  -7.021  5.795 0.0000000000
117562  -38.264  -2.346  21.723 0.0000000000
117555  -37.985  -1.825  22.319 0.0000000000
120549  -41.574  0.426  26.767 0.0000000000
120570  -41.190  0.441  25.190 0.0000000000
120563  -41.866  0.546  26.044 0.0000000000
120564  -42.866  0.596  25.993 0.0000000000
120550  -42.526  0.442  26.790 0.0000000000
125763  -44.795  5.100  26.035 0.0000000000
112091  -50.206  -7.834  18.743 0.0000000000
112102  -50.140  -7.943  18.291 0.0000000000
110866  -49.676  -7.794  19.253 0.0000000000
108541  -46.413  -10.179  20.546 0.0000000000
108540  -45.739  -10.762  20.482 0.0000000000
108549  -45.642  -10.833  19.493 0.0000000000
105086  -41.667  -13.330  22.339 0.0000000000
106269  -41.914  -13.088  21.370 0.0000000000
105092  -40.956  -13.262  21.390 0.0000000000
105104  -40.620  -13.027  21.016 0.0000000000
105091  -40.217  -12.873  21.345 0.0000000000
110747  -39.423  -8.076  28.814 0.0000000000
109621  -39.958  -9.071  26.786 0.0000000000
108474  -40.337  -10.178  26.807 0.0000000000
108456  -40.846  -9.929  27.255 0.0000000000
107372  -40.610  -11.254  26.672 0.0000000000
107371  -39.985  -10.970  26.383 0.0000000000
110843  -37.067  -8.456  21.439 0.0000000000
114537  -49.920  -5.189  10.779 0.0000000000
110958  -44.467  -8.265  12.322 0.0000000000
115619  -46.016  -4.650  8.107 0.0000000000
114562  -46.457  -5.110  8.780 0.0000000000
116650  -47.619  -4.073  7.022 0.0000000000
116649  -46.889  -3.971  6.909 0.0000000000
118715  -44.698  -1.483  4.889 0.0000000000
118716  -44.870  -1.907  4.622 0.0000000000
118724  -44.993  -1.404  4.223 0.0000000000
118735  -45.084  -1.323  3.896 0.0000000000
119746  -44.917  -0.589  4.114 0.0000000000
115513  -42.941  -4.325  21.422 0.0000000000
115521  -43.220  -4.523  20.889 0.0000000000
116575  -45.534  -3.207  16.354 0.0000000000
117606  -44.542  -3.172  16.147 0.0000000000
117621  -44.678  -2.655  15.724 0.0000000000
117633  -44.189  -2.205  15.184 0.0000000000
118633  -45.162  -1.883  15.334 0.0000000000
121645  -48.870  1.786  17.037 0.0000000000
120635  -49.635  0.541  17.172 0.0000000000
120647  -49.870  0.906  16.613 0.0000000000
120708  -47.594  1.318  11.360 0.0000000000
120707  -46.756  1.151  11.153 0.0000000000
120718  -45.794  1.045  10.143 0.0000000000
121720  -46.478  1.435  9.899 0.0000000000
124904  -45.708  4.518  5.888 0.0000000000
123859  -45.440  3.716  5.690 0.0000000000
123858  -44.449  3.421  5.253 0.0000000000
123869  -43.934  2.894  4.758 0.0000000000
123857  -43.561  3.318  5.393 0.0000000000
123856  -42.787  2.978  5.871 0.0000000000
124890  -44.102  4.245  6.118 0.0000000000
122756  -45.474  3.073  10.235 0.0000000000
122755  -44.636  2.612  10.493 0.0000000000
122744  -44.431  2.107  11.811 0.0000000000
128607  -47.004  8.696  12.031 0.0000000000
127698  -47.461  7.590  13.102 0.0000000000
127714  -46.719  8.181  12.519 0.0000000000
125869  -43.685  5.052  15.289 0.0000000000
125870  -44.244  4.873  15.190 0.0000000000
123741  -43.806  3.597  15.394 0.0000000000
122713  -43.434  2.840  15.455 0.0000000000
123740  -43.063  3.606  15.705 0.0000000000
122712  -42.780  2.886  15.887 0.0000000000
124804  -42.658  4.346  15.920 0.0000000000
127664  -39.084  7.035  14.857 0.0000000000
126810  -38.990  6.689  15.755 0.0000000000
108566  -39.630  -9.862  18.018 0.0000000000
110871  -40.139  -7.878  19.097 0.0000000000
112089  -39.777  -7.603  17.649 0.0000000000
112100  -39.713  -7.168  16.933 0.0000000000
112101  -39.882  -7.040  17.647 0.0000000000
127611  -48.642  7.138  21.117 0.0000000000
127600  -48.265  7.546  21.583 0.0000000000
128494  -46.711  8.403  21.718 0.0000000000
128508  -47.281  7.991  20.900 0.0000000000
128507  -46.622  8.139  20.785 0.0000000000
127623  -46.882  7.562  19.392 0.0000000000
127608  -46.516  7.812  20.079 0.0000000000
127622  -45.906  7.701  19.469 0.0000000000
128506  -45.700  8.173  20.566 0.0000000000
130224  -44.497  10.715  21.397 0.0000000000
128505  -44.530  8.679  20.717 0.0000000000
129398  -43.151  9.755  20.379 0.0000000000
112217  -45.895  -7.707  8.302 0.0000000000
112230  -45.594  -7.645  7.650 0.0000000000
112242  -45.661  -7.080  6.677 0.0000000000
119568  -37.535  -0.559  25.364 0.0000000000
108507  -45.830  -10.519  23.404 0.0000000000
107403  -45.285  -11.143  23.356 0.0000000000
107414  -45.212  -11.190  22.395 0.0000000000
106239  -44.188  -12.172  24.252 0.0000000000
106246  -42.643  -12.935  23.168 0.0000000000
106237  -42.790  -12.928  24.066 0.0000000000
109635  -36.172  -9.363  24.179 0.0000000000
110824  -35.204  -8.781  23.681 0.0000000000
109657  -35.511  -8.963  23.128 0.0000000000
113253  -33.174  -6.532  23.311 0.0000000000
114518  -42.920  -6.064  11.265 0.0000000000
115616  -42.847  -3.932  9.023 0.0000000000
115629  -44.417  -3.959  7.433 0.0000000000
115628  -43.693  -3.825  7.817 0.0000000000
117684  -42.750  -2.040  8.243 0.0000000000
117685  -43.022  -2.514  7.747 0.0000000000
118701  -43.168  -1.469  7.123 0.0000000000
118707  -43.640  -1.537  6.082 0.0000000000
118584  -45.067  -1.721  21.658 0.0000000000
117569  -45.112  -1.923  21.308 0.0000000000
117576  -46.305  -1.432  19.397 0.0000000000
117575  -45.678  -2.002  19.682 0.0000000000
117585  -46.584  -1.754  18.670 0.0000000000
117597  -47.443  -2.119  17.890 0.0000000000
122715  -50.477  2.510  15.112 0.0000000000
121668  -50.593  1.755  14.512 0.0000000000
121669  -50.782  2.380  14.182 0.0000000000
121708  -50.755  1.970  11.448 0.0000000000
121692  -50.342  1.508  11.996 0.0000000000
121707  -50.145  1.719  11.235 0.0000000000
121706  -49.357  1.570  11.116 0.0000000000
121723  -49.049  1.794  10.386 0.0000000000
121738  -48.806  2.137  9.664 0.0000000000
121739  -49.570  2.195  9.840 0.0000000000
124869  -49.608  3.938  8.429 0.0000000000
123823  -49.174  3.667  8.054 0.0000000000
124882  -48.391  4.514  7.483 0.0000000000
124894  -47.470  4.638  6.797 0.0000000000
125924  -47.916  4.895  7.231 0.0000000000
124880  -47.038  5.078  7.441 0.0000000000
124866  -47.666  4.604  8.277 0.0000000000
123797  -48.605  3.610  10.221 0.0000000000
123808  -47.397  3.848  9.095 0.0000000000
123796  -47.632  3.505  10.070 0.0000000000
123795  -46.723  3.474  9.904 0.0000000000
129507  -43.540  9.573  11.446 0.0000000000
128621  -44.172  8.802  11.197 0.0000000000
128634  -43.526  9.046  10.827 0.0000000000
128602  -42.143  8.097  11.466 0.0000000000
127710  -42.568  7.956  12.231 0.0000000000
127680  -42.971  7.141  13.839 0.0000000000
127679  -42.047  7.175  13.917 0.0000000000
127724  -39.507  7.945  10.988 0.0000000000
127706  -38.281  7.697  12.238 0.0000000000
108599  -45.098  -10.606  15.764 0.0000000000
108611  -45.175  -10.385  15.036 0.0000000000
108598  -44.398  -10.619  15.541 0.0000000000
108609  -43.572  -9.971  14.512 0.0000000000
109775  -43.482  -8.891  13.417 0.0000000000
109760  -42.532  -9.034  14.182 0.0000000000
109730  -40.526  -9.188  16.247 0.0000000000
109731  -41.222  -9.547  15.813 0.0000000000
109744  -40.801  -8.658  15.584 0.0000000000
110926  -41.197  -7.527  14.491 0.0000000000
110914  -41.424  -8.338  14.727 0.0000000000
110927  -41.659  -7.880  14.112 0.0000000000
110939  -42.057  -7.600  13.495 0.0000000000
113356  -42.268  -6.465  12.475 0.0000000000
113343  -41.913  -6.805  13.115 0.0000000000
115568  -40.876  -4.381  13.291 0.0000000000
115576  -41.238  -4.494  12.673 0.0000000000
116607  -41.420  -3.712  12.182 0.0000000000
121582  -44.906  2.044  21.433 0.0000000000
121593  -44.825  2.267  20.824 0.0000000000
123714  -45.377  3.442  18.644 0.0000000000
122671  -45.304  2.726  19.149 0.0000000000
122694  -46.181  2.823  17.793 0.0000000000
122695  -46.815  2.626  17.580 0.0000000000
123723  -46.499  3.470  17.357 0.0000000000
126757  -47.002  6.496  19.591 0.0000000000
125829  -46.055  5.925  19.366 0.0000000000
126771  -46.651  6.481  18.665 0.0000000000
125860  -47.227  5.469  16.628 0.0000000000
125859  -46.563  5.326  17.066 0.0000000000
124797  -47.816  4.551  16.461 0.0000000000
123734  -49.582  3.574  16.050 0.0000000000
124799  -49.594  4.763  15.775 0.0000000000
126814  -50.034  6.638  15.497 0.0000000000
125872  -50.530  5.767  15.361 0.0000000000
125883  -51.134  5.520  14.289 0.0000000000
126816  -50.880  6.220  14.477 0.0000000000
126831  -50.623  6.914  14.150 0.0000000000
127668  -50.353  7.505  14.462 0.0000000000
128583  -47.820  8.834  14.038 0.0000000000
128584  -48.779  8.686  13.945 0.0000000000
129461  -47.591  9.295  13.399 0.0000000000
129476  -47.026  9.420  12.869 0.0000000000
129460  -46.880  9.299  13.516 0.0000000000
127646  -44.741  7.623  18.028 0.0000000000
128557  -45.629  8.160  16.425 0.0000000000
128545  -44.231  7.736  17.391 0.0000000000
128567  -43.592  8.666  15.741 0.0000000000
128579  -44.014  8.852  14.969 0.0000000000
129458  -44.895  9.331  13.789 0.0000000000
129457  -43.787  9.356  14.079 0.0000000000
129473  -43.999  9.543  12.955 0.0000000000
129456  -42.606  9.420  14.149 0.0000000000
129455  -41.498  9.524  14.414 0.0000000000
129454  -40.387  9.737  14.692 0.0000000000
129441  -39.659  10.260  15.515 0.0000000000
113444  -42.956  -6.597  5.600 0.0000000000
115639  -42.656  -5.102  5.454 0.0000000000
114441  -39.523  -5.825  20.730 0.0000000000
114430  -40.133  -5.912  21.071 0.0000000000
115518  -39.794  -4.937  20.697 0.0000000000
116537  -41.961  -3.750  21.574 0.0000000000
117565  -41.512  -2.894  21.385 0.0000000000
119583  -39.152  -0.724  23.657 0.0000000000
119595  -39.392  -0.895  22.977 0.0000000000
119585  -41.783  0.049  23.545 0.0000000000
119597  -41.074  -0.489  22.844 0.0000000000
119598  -42.237  -0.649  22.691 0.0000000000
119599  -43.315  -0.861  22.747 0.0000000000
118574  -43.750  -1.635  22.346 0.0000000000
120573  -44.245  0.408  25.009 0.0000000000
120583  -44.523  -0.027  24.247 0.0000000000
120574  -45.261  0.069  24.883 0.0000000000
119579  -46.059  -0.168  24.412 0.0000000000
120575  -46.036  0.358  24.960 0.0000000000
124731  -43.297  4.659  26.184 0.0000000000
123670  -42.522  3.169  26.617 0.0000000000
122637  -42.901  2.450  27.065 0.0000000000
122630  -44.043  1.598  27.206 0.0000000000
122638  -43.783  2.348  27.029 0.0000000000
122641  -44.575  2.221  25.343 0.0000000000
121569  -45.303  1.596  24.702 0.0000000000
122643  -44.533  2.439  24.215 0.0000000000
124740  -45.252  5.384  24.351 0.0000000000
125776  -45.287  5.517  23.868 0.0000000000
125785  -45.899  5.839  23.266 0.0000000000
125786  -46.887  5.994  23.505 0.0000000000
112116  -51.129  -7.803  16.681 0.0000000000
110885  -48.953  -8.617  17.770 0.0000000000
110902  -49.482  -8.638  16.788 0.0000000000
109734  -48.604  -9.156  16.799 0.0000000000
109687  -47.548  -8.871  20.666 0.0000000000
110847  -48.219  -8.117  21.631 0.0000000000
110857  -48.222  -8.279  20.698 0.0000000000
110864  -48.176  -8.494  19.808 0.0000000000
109701  -47.012  -9.737  18.627 0.0000000000
109715  -46.878  -9.871  17.649 0.0000000000
108571  -46.080  -10.444  17.603 0.0000000000
108588  -45.912  -10.459  16.660 0.0000000000
107462  -44.734  -11.345  18.529 0.0000000000
107477  -44.558  -11.355  18.004 0.0000000000
107460  -43.469  -11.910  18.291 0.0000000000
107426  -44.446  -11.816  21.369 0.0000000000
106297  -42.380  -12.521  19.606 0.0000000000
106307  -42.042  -12.309  18.835 0.0000000000
106306  -41.197  -12.182  18.872 0.0000000000
108434  -45.336  -10.379  28.968 0.0000000000
111939  -41.484  -7.599  29.762 0.0000000000
111940  -42.191  -7.009  30.020 0.0000000000
111941  -43.086  -6.828  30.382 0.0000000000
111955  -42.211  -6.880  29.443 0.0000000000
111988  -39.198  -7.468  27.757 0.0000000000
111970  -39.858  -7.662  28.520 0.0000000000
111989  -40.049  -7.547  27.910 0.0000000000
110768  -41.444  -8.329  27.571 0.0000000000
111991  -41.709  -7.719  27.997 0.0000000000
111992  -41.998  -7.761  28.111 0.0000000000
111974  -42.973  -7.208  28.858 0.0000000000
110749  -43.186  -8.020  28.707 0.0000000000
110748  -42.612  -8.613  28.351 0.0000000000
109580  -42.780  -9.764  28.294 0.0000000000
108431  -42.935  -10.776  28.190 0.0000000000
107331  -43.523  -11.219  28.010 0.0000000000
107353  -42.947  -11.629  27.515 0.0000000000
106197  -43.645  -12.135  26.845 0.0000000000
107374  -42.239  -11.999  27.127 0.0000000000
106225  -40.505  -12.827  25.646 0.0000000000
106226  -41.485  -13.121  25.676 0.0000000000
105063  -41.018  -13.396  24.823 0.0000000000
109661  -38.945  -10.110  22.069 0.0000000000
109673  -39.242  -9.435  21.776 0.0000000000
109674  -39.734  -8.751  21.557 0.0000000000
112064  -38.828  -7.447  21.258 0.0000000000
113277  -37.025  -5.690  20.772 0.0000000000
114439  -37.509  -5.338  20.706 0.0000000000
113262  -34.719  -6.607  22.164 0.0000000000
113267  -34.984  -6.231  21.761 0.0000000000
115503  -34.392  -5.222  22.400 0.0000000000
116520  -35.495  -3.375  22.935 0.0000000000
116521  -36.153  -3.213  22.601 0.0000000000
117543  -35.493  -2.351  24.142 0.0000000000
117544  -36.039  -2.055  24.057 0.0000000000
112188  -51.593  -6.942  10.969 0.0000000000
113393  -51.340  -5.839  10.378 0.0000000000
114553  -50.542  -5.015  9.095 0.0000000000
113403  -50.514  -5.560  9.470 0.0000000000
113402  -49.633  -6.028  9.013 0.0000000000
109778  -46.366  -9.587  13.671 0.0000000000
110960  -46.583  -8.177  12.229 0.0000000000
113386  -44.634  -6.507  10.440 0.0000000000
112195  -45.104  -6.878  10.711 0.0000000000
113399  -45.312  -6.171  9.936 0.0000000000
114549  -46.971  -5.418  9.443 0.0000000000
114534  -46.429  -6.009  10.054 0.0000000000
114551  -48.835  -4.833  9.584 0.0000000000
115633  -48.334  -4.581  7.563 0.0000000000
115634  -49.160  -4.719  8.058 0.0000000000
114573  -49.011  -4.847  7.800 0.0000000000
114565  -49.136  -5.434  8.005 0.0000000000
113420  -48.366  -5.603  7.548 0.0000000000
114571  -48.194  -5.425  7.293 0.0000000000
114582  -46.955  -5.236  6.303 0.0000000000
116658  -45.918  -3.663  6.431 0.0000000000
116667  -45.245  -3.036  5.726 0.0000000000
116683  -45.024  -2.770  4.625 0.0000000000
115669  -45.589  -3.673  5.057 0.0000000000
114608  -44.494  -4.405  4.677 0.0000000000
115667  -44.174  -3.922  4.450 0.0000000000
117709  -43.869  -2.285  3.980 0.0000000000
116681  -43.655  -3.204  4.393 0.0000000000
117708  -43.177  -2.436  4.431 0.0000000000
112075  -41.599  -7.098  21.029 0.0000000000
113281  -41.866  -6.525  20.635 0.0000000000
114452  -42.474  -5.465  19.109 0.0000000000
114448  -42.150  -5.859  19.404 0.0000000000
114451  -41.976  -5.890  18.821 0.0000000000
114455  -41.431  -5.565  17.911 0.0000000000
116550  -44.458  -3.367  19.187 0.0000000000
115528  -44.106  -3.887  18.587 0.0000000000
116573  -43.198  -3.450  16.250 0.0000000000
115543  -43.355  -4.151  17.143 0.0000000000
115541  -41.350  -4.485  16.488 0.0000000000
116572  -42.071  -3.783  16.079 0.0000000000
118645  -43.265  -1.648  14.172 0.0000000000
117649  -42.081  -2.142  12.895 0.0000000000
121607  -47.504  0.758  19.972 0.0000000000
120605  -48.148  0.013  20.438 0.0000000000
120615  -48.292  0.116  19.503 0.0000000000
118617  -49.342  -1.043  17.017 0.0000000000
118609  -48.632  -1.122  18.411 0.0000000000
118616  -48.731  -1.465  17.564 0.0000000000
117610  -48.137  -2.000  17.441 0.0000000000
118624  -48.432  -1.667  16.592 0.0000000000
120670  -50.321  0.617  14.220 0.0000000000
119667  -50.201  0.105  15.243 0.0000000000
120669  -49.179  0.302  14.138 0.0000000000
120667  -47.520  0.005  14.156 0.0000000000
119663  -46.797  -0.568  14.504 0.0000000000
118648  -46.520  -1.136  14.926 0.0000000000
119662  -46.040  -0.695  14.350 0.0000000000
119661  -45.296  -0.847  14.205 0.0000000000
119677  -45.682  -0.409  13.679 0.0000000000
120705  -44.764  0.140  11.469 0.0000000000
119696  -44.204  -0.235  11.829 0.0000000000
119695  -43.319  -0.694  11.525 0.0000000000
119702  -43.489  -0.658  10.487 0.0000000000
118679  -43.024  -1.120  10.088 0.0000000000
119711  -44.030  -0.039  9.977 0.0000000000
120733  -43.799  0.316  8.179 0.0000000000
120740  -43.889  0.505  6.877 0.0000000000
122784  -47.469  2.605  8.314 0.0000000000
121750  -46.654  2.068  8.705 0.0000000000
122783  -46.334  2.525  7.946 0.0000000000
122819  -44.577  2.675  5.259 0.0000000000
122811  -44.846  2.637  6.097 0.0000000000
121777  -44.521  1.737  5.509 0.0000000000
120755  -44.449  0.592  5.080 0.0000000000
121792  -44.368  0.547  4.067 0.0000000000
121791  -44.155  0.887  3.980 0.0000000000
120753  -42.799  0.345  4.542 0.0000000000
119737  -42.515  -0.637  4.921 0.0000000000
119736  -42.050  -0.662  5.753 0.0000000000
124863  -45.024  4.137  7.754 0.0000000000
123833  -44.082  3.854  7.286 0.0000000000
123819  -44.503  3.720  7.908 0.0000000000
122780  -42.654  2.881  8.334 0.0000000000
126841  -49.189  6.731  13.261 0.0000000000
125888  -47.654  5.699  13.640 0.0000000000
124825  -48.590  4.831  13.343 0.0000000000
124824  -47.643  4.541  13.802 0.0000000000
123771  -47.179  3.077  11.909 0.0000000000
123762  -47.018  3.376  13.362 0.0000000000
127696  -45.401  7.497  13.159 0.0000000000
126830  -45.688  6.196  14.136 0.0000000000
123751  -44.998  3.089  14.565 0.0000000000
123752  -45.721  3.469  14.347 0.0000000000
122729  -45.511  2.611  13.614 0.0000000000
122735  -44.766  2.089  13.087 0.0000000000
121678  -44.166  1.870  13.741 0.0000000000
121675  -41.380  1.025  12.922 0.0000000000
121664  -41.412  0.936  14.107 0.0000000000
121642  -40.887  1.743  16.440 0.0000000000
121630  -40.525  2.173  16.970 0.0000000000
126813  -41.562  5.998  15.371 0.0000000000
125857  -41.791  4.995  16.267 0.0000000000
125867  -41.427  5.586  15.899 0.0000000000
125849  -39.881  5.213  17.291 0.0000000000
125850  -40.448  4.882  17.074 0.0000000000
131087  -37.730  11.278  11.958 0.0000000000
130303  -37.816  10.368  11.595 0.0000000000
130308  -37.434  10.861  10.977 0.0000000000
129501  -36.968  9.666  11.162 0.0000000000
128601  -37.199  8.369  11.994 0.0000000000
109693  -39.492  -9.447  19.654 0.0000000000
109700  -39.540  -9.306  18.546 0.0000000000
110862  -39.755  -8.609  19.310 0.0000000000
128486  -47.748  8.123  22.661 0.0000000000
128492  -45.256  8.867  21.303 0.0000000000
129386  -45.583  9.614  21.847 0.0000000000
130225  -45.180  10.618  21.850 0.0000000000
131031  -45.063  11.424  21.567 0.0000000000
113418  -47.114  -6.646  7.719 0.0000000000
120544  -36.595  0.482  26.155 0.0000000000
120545  -37.638  0.241  26.206 0.0000000000
106229  -44.352  -12.063  25.125 0.0000000000
106228  -43.644  -12.503  25.257 0.0000000000
110823  -34.276  -8.463  23.718 0.0000000000
110915  -49.111  -8.975  15.375 0.0000000000
110929  -48.760  -9.003  14.729 0.0000000000
115585  -42.008  -4.623  11.275 0.0000000000
115593  -42.889  -5.193  10.464 0.0000000000
115592  -42.570  -4.676  10.596 0.0000000000
115603  -42.784  -4.192  9.622 0.0000000000
116641  -43.261  -3.449  8.051 0.0000000000
116640  -42.887  -3.483  8.654 0.0000000000
117678  -42.662  -2.491  8.770 0.0000000000
118694  -42.805  -1.466  8.591 0.0000000000
118577  -46.184  -1.119  21.865 0.0000000000
118585  -45.729  -1.583  21.400 0.0000000000
118586  -46.579  -1.096  21.256 0.0000000000
118587  -47.081  -0.793  20.907 0.0000000000
119619  -47.376  -0.717  19.932 0.0000000000
122731  -51.260  2.869  13.141 0.0000000000
122748  -50.896  2.708  11.216 0.0000000000
122747  -50.674  2.402  10.849 0.0000000000
122757  -50.062  2.350  9.762 0.0000000000
122758  -50.548  2.732  10.030 0.0000000000
124855  -49.321  4.101  8.621 0.0000000000
124854  -48.570  4.245  8.701 0.0000000000
123810  -49.157  3.863  9.371 0.0000000000
123784  -48.893  3.693  11.274 0.0000000000
129505  -41.510  9.458  11.281 0.0000000000
128633  -42.450  8.898  10.658 0.0000000000
129521  -41.987  9.340  10.756 0.0000000000
127733  -41.740  8.480  10.651 0.0000000000
127709  -41.511  7.812  11.857 0.0000000000
127725  -40.670  7.809  10.956 0.0000000000
108585  -43.653  -10.955  16.104 0.0000000000
108596  -42.508  -9.977  15.108 0.0000000000
110899  -39.987  -8.090  16.101 0.0000000000
110912  -40.282  -7.493  15.643 0.0000000000
112141  -40.910  -7.107  14.593 0.0000000000
113330  -41.080  -6.698  14.118 0.0000000000
113342  -41.438  -6.292  13.389 0.0000000000
113341  -40.858  -5.773  13.773 0.0000000000
114490  -40.633  -5.295  14.100 0.0000000000
116592  -40.710  -4.164  14.062 0.0000000000
124746  -44.462  4.292  20.972 0.0000000000
123696  -44.459  3.516  20.644 0.0000000000
124756  -44.706  4.317  20.192 0.0000000000
124757  -45.038  4.643  19.595 0.0000000000
124772  -45.189  4.285  18.961 0.0000000000
126787  -47.180  6.874  18.101 0.0000000000
126786  -46.495  6.155  17.577 0.0000000000
125861  -48.123  5.600  16.307 0.0000000000
125862  -49.026  5.655  15.915 0.0000000000
126802  -49.320  6.558  15.782 0.0000000000
127667  -49.718  7.647  15.077 0.0000000000
128573  -49.447  8.330  14.398 0.0000000000
127666  -48.956  7.939  15.293 0.0000000000
128571  -47.766  8.566  15.023 0.0000000000
128570  -46.767  8.493  15.251 0.0000000000
128531  -43.251  8.174  18.770 0.0000000000
128544  -43.256  7.936  17.758 0.0000000000
128554  -42.579  8.627  17.092 0.0000000000
128566  -42.794  8.755  16.239 0.0000000000
129444  -42.419  9.179  15.334 0.0000000000
129434  -41.983  9.203  16.396 0.0000000000
129433  -41.000  9.645  16.710 0.0000000000
129432  -40.375  10.243  17.034 0.0000000000
116542  -38.545  -4.003  20.664 0.0000000000
116543  -39.400  -4.109  20.611 0.0000000000
116534  -38.891  -3.269  20.964 0.0000000000
117563  -39.452  -2.526  21.321 0.0000000000
118580  -40.018  -1.766  21.588 0.0000000000
119577  -40.319  0.002  25.384 0.0000000000
120580  -41.604  0.395  24.425 0.0000000000
120581  -42.529  0.304  24.310 0.0000000000
120572  -43.213  0.498  25.107 0.0000000000
120565  -43.890  0.589  25.909 0.0000000000
120552  -44.535  0.705  26.620 0.0000000000
124722  -43.889  4.099  26.482 0.0000000000
123672  -44.080  3.094  26.506 0.0000000000
124723  -44.384  4.072  26.187 0.0000000000
124734  -45.292  5.250  24.843 0.0000000000
110887  -50.613  -8.090  17.256 0.0000000000
112103  -50.865  -7.974  17.757 0.0000000000
109675  -46.986  -9.419  21.565 0.0000000000
107449  -44.910  -11.385  19.423 0.0000000000
106255  -43.158  -12.622  22.302 0.0000000000
106270  -42.907  -12.705  21.381 0.0000000000
106285  -41.786  -12.824  20.405 0.0000000000
106295  -40.526  -12.289  19.572 0.0000000000
106284  -40.877  -12.921  20.504 0.0000000000
110787  -39.323  -8.285  26.710 0.0000000000
112008  -40.155  -7.735  27.524 0.0000000000
110788  -40.123  -8.115  27.162 0.0000000000
110767  -40.711  -8.562  27.232 0.0000000000
109607  -41.932  -9.227  27.873 0.0000000000
109606  -41.172  -9.240  27.390 0.0000000000
108457  -41.484  -10.301  27.460 0.0000000000
107373  -41.392  -11.527  27.079 0.0000000000
106212  -40.053  -11.969  26.300 0.0000000000
106224  -39.610  -12.425  25.467 0.0000000000
109660  -38.411  -10.017  22.091 0.0000000000
109672  -37.834  -9.301  21.809 0.0000000000
112063  -37.538  -7.404  21.011 0.0000000000
113269  -36.639  -6.411  21.001 0.0000000000
114428  -35.591  -5.547  21.521 0.0000000000
115608  -50.496  -4.701  9.712 0.0000000000
115624  -50.231  -4.632  9.013 0.0000000000
109789  -45.042  -8.935  12.791 0.0000000000
110943  -46.027  -8.734  12.645 0.0000000000
110959  -45.500  -8.550  12.421 0.0000000000
110973  -45.523  -8.021  11.810 0.0000000000
112182  -45.557  -7.521  11.354 0.0000000000
114563  -47.438  -4.859  8.787 0.0000000000
115605  -48.433  -4.649  8.719 0.0000000000
115621  -47.968  -4.575  8.223 0.0000000000
115644  -48.084  -4.643  7.106 0.0000000000
114584  -48.121  -4.860  7.012 0.0000000000
116661  -47.869  -4.443  6.861 0.0000000000
116660  -47.454  -4.228  6.558 0.0000000000
116670  -47.259  -4.173  6.178 0.0000000000
117700  -44.615  -2.397  5.621 0.0000000000
117711  -44.942  -2.310  4.674 0.0000000000
116682  -44.418  -2.963  4.291 0.0000000000
116690  -44.700  -2.355  4.246 0.0000000000
117719  -44.296  -1.853  3.802 0.0000000000
118722  -43.921  -1.448  3.713 0.0000000000
114433  -42.299  -5.292  21.475 0.0000000000
113282  -42.222  -5.986  20.811 0.0000000000
114443  -42.654  -5.353  20.951 0.0000000000
115523  -42.906  -4.905  19.491 0.0000000000
116554  -44.999  -3.089  17.802 0.0000000000
116561  -44.587  -3.635  17.569 0.0000000000
116574  -44.469  -3.629  16.662 0.0000000000
116585  -43.084  -3.005  15.682 0.0000000000
117619  -42.945  -2.680  15.233 0.0000000000
117620  -43.670  -2.720  15.610 0.0000000000
117632  -43.538  -2.187  14.843 0.0000000000
121620  -47.258  1.514  18.644 0.0000000000
120624  -48.804  0.273  18.391 0.0000000000
120625  -49.415  0.152  17.785 0.0000000000
119635  -49.680  -0.239  17.288 0.0000000000
119643  -49.766  -0.431  16.504 0.0000000000
120695  -49.082  1.139  12.546 0.0000000000
120681  -48.526  0.639  13.321 0.0000000000
120679  -46.499  0.195  13.270 0.0000000000
119688  -45.458  -0.160  12.921 0.0000000000
120717  -44.844  0.363  10.500 0.0000000000
121748  -45.069  1.637  8.179 0.0000000000
123834  -46.297  3.496  6.852 0.0000000000
123846  -45.808  3.483  6.363 0.0000000000
122820  -45.014  3.124  5.740 0.0000000000
122829  -44.324  2.282  4.747 0.0000000000
121784  -43.731  1.326  4.253 0.0000000000
122828  -44.042  2.212  4.508 0.0000000000
122818  -43.421  2.232  4.760 0.0000000000
121775  -42.695  1.378  5.182 0.0000000000
121774  -42.013  0.919  5.605 0.0000000000
121768  -42.458  1.929  5.782 0.0000000000
122810  -42.380  2.385  6.105 0.0000000000
123806  -45.532  3.553  9.129 0.0000000000
123804  -43.987  3.293  8.499 0.0000000000
122765  -43.778  2.751  9.312 0.0000000000
127716  -48.550  8.306  12.591 0.0000000000
127699  -48.436  7.605  13.012 0.0000000000
127715  -47.712  8.203  12.482 0.0000000000
125887  -46.899  6.183  13.698 0.0000000000
126836  -44.378  6.969  14.035 0.0000000000
126829  -44.840  6.260  14.340 0.0000000000
124807  -44.803  4.162  15.064 0.0000000000
122721  -44.438  2.648  14.623 0.0000000000
121667  -44.273  2.160  14.245 0.0000000000
122720  -43.821  2.553  15.014 0.0000000000
121656  -43.459  2.342  15.158 0.0000000000
121654  -41.748  1.472  15.345 0.0000000000
121644  -42.474  2.467  15.980 0.0000000000
122704  -42.241  2.850  16.348 0.0000000000
123729  -41.862  3.543  16.623 0.0000000000
126824  -40.193  6.825  15.153 0.0000000000
125866  -40.864  5.793  15.986 0.0000000000
126811  -40.228  6.220  15.842 0.0000000000
126785  -39.229  5.577  17.336 0.0000000000
125848  -38.825  5.125  17.760 0.0000000000
126784  -38.627  5.812  17.355 0.0000000000
126796  -38.294  6.353  16.678 0.0000000000
108568  -40.874  -10.735  17.227 0.0000000000
108583  -41.324  -10.299  16.389 0.0000000000
109714  -40.205  -9.722  16.956 0.0000000000
109729  -39.855  -8.714  16.677 0.0000000000
113307  -39.942  -6.769  16.562 0.0000000000
113308  -40.215  -6.266  16.368 0.0000000000
126738  -47.714  6.514  20.857 0.0000000000
126758  -47.645  6.940  19.927 0.0000000000
127624  -47.418  7.291  19.625 0.0000000000
127647  -46.711  7.632  17.784 0.0000000000
128547  -46.529  7.781  17.160 0.0000000000
128533  -46.014  7.693  18.050 0.0000000000
127633  -45.478  7.644  18.489 0.0000000000
127632  -44.431  7.763  18.714 0.0000000000
128519  -44.067  8.195  19.566 0.0000000000
128503  -42.909  9.181  20.090 0.0000000000
129397  -42.653  9.669  19.968 0.0000000000
130245  -42.428  10.908  19.713 0.0000000000
118562  -37.551  -1.568  23.319 0.0000000000
118563  -38.402  -1.302  23.274 0.0000000000
118559  -38.009  -1.229  23.802 0.0000000000
119575  -38.209  -0.820  24.479 0.0000000000
119558  -37.891  -0.212  25.853 0.0000000000
119570  -39.639  -0.210  25.826 0.0000000000
107413  -44.559  -11.732  22.357 0.0000000000
106256  -43.957  -12.330  22.322 0.0000000000
106248  -44.084  -12.266  23.291 0.0000000000
105079  -41.985  -13.352  23.130 0.0000000000
110746  -38.550  -8.228  28.618 0.0000000000
111968  -37.849  -7.668  28.231 0.0000000000
111987  -38.233  -7.528  27.536 0.0000000000
112005  -37.720  -7.830  26.474 0.0000000000
112006  -38.754  -7.658  26.896 0.0000000000
110786  -38.283  -8.460  26.148 0.0000000000
110841  -35.451  -7.951  22.245 0.0000000000
112061  -35.577  -7.519  21.902 0.0000000000
112053  -35.091  -7.499  22.314 0.0000000000
113261  -33.841  -6.575  22.710 0.0000000000
112051  -33.538  -7.331  23.058 0.0000000000
114415  -33.505  -5.683  23.084 0.0000000000
112166  -43.465  -7.350  11.913 0.0000000000
112180  -43.822  -7.066  11.351 0.0000000000
113371  -43.366  -6.570  11.313 0.0000000000
113385  -43.798  -6.401  10.634 0.0000000000
114532  -44.009  -6.014  10.138 0.0000000000
114546  -43.780  -5.443  9.555 0.0000000000
115630  -45.631  -4.205  7.290 0.0000000000
116648  -46.305  -4.032  7.003 0.0000000000
115640  -44.659  -3.625  6.862 0.0000000000
116656  -44.107  -3.044  6.640 0.0000000000
117692  -44.233  -2.655  6.231 0.0000000000
117699  -44.005  -2.169  5.961 0.0000000000
119738  -44.149  -0.790  5.460 0.0000000000
117567  -43.666  -2.855  21.574 0.0000000000
116546  -43.785  -3.783  20.409 0.0000000000
116540  -44.136  -3.086  20.658 0.0000000000
116547  -44.358  -3.269  19.939 0.0000000000
117574  -44.867  -2.791  19.393 0.0000000000
117595  -45.498  -2.915  17.710 0.0000000000
116563  -46.064  -3.179  16.794 0.0000000000
117608  -46.581  -2.751  16.527 0.0000000000
122707  -49.840  2.389  16.278 0.0000000000
121647  -50.138  1.554  16.274 0.0000000000
121657  -50.426  1.584  15.560 0.0000000000
120683  -50.370  1.175  13.094 0.0000000000
121690  -48.847  1.356  11.792 0.0000000000
121705  -48.332  1.471  11.147 0.0000000000
121704  -47.574  1.451  10.847 0.0000000000
121736  -46.917  1.729  9.417 0.0000000000
121737  -47.793  1.947  9.481 0.0000000000
122768  -47.744  2.296  8.944 0.0000000000
122770  -49.744  2.527  9.041 0.0000000000
122785  -48.675  3.207  8.202 0.0000000000
122801  -47.715  3.382  7.623 0.0000000000
123848  -47.255  4.201  6.773 0.0000000000
124893  -46.504  4.592  6.429 0.0000000000
125935  -45.893  5.007  6.107 0.0000000000
124891  -45.405  4.774  6.234 0.0000000000
124879  -45.963  5.032  7.048 0.0000000000
124864  -45.610  4.386  7.737 0.0000000000
123821  -46.043  4.086  8.463 0.0000000000
124853  -48.009  4.159  8.817 0.0000000000
123822  -46.845  4.189  8.546 0.0000000000
123794  -45.936  3.450  9.795 0.0000000000
123781  -46.118  3.252  10.454 0.0000000000
129525  -44.943  9.329  11.474 0.0000000000
128606  -45.938  8.700  12.023 0.0000000000
128605  -44.896  8.585  11.848 0.0000000000
127712  -44.611  8.098  12.493 0.0000000000
127695  -44.295  7.502  13.278 0.0000000000
128620  -43.213  8.623  11.039 0.0000000000
127711  -43.560  8.054  12.418 0.0000000000
126828  -43.783  6.527  14.401 0.0000000000
125878  -43.294  5.786  14.881 0.0000000000
125877  -42.637  6.020  14.919 0.0000000000
126826  -41.938  6.434  14.785 0.0000000000
127692  -41.216  7.501  12.919 0.0000000000
126825  -40.857  6.602  15.040 0.0000000000
127677  -39.844  7.252  14.349 0.0000000000
127676  -38.640  7.291  14.081 0.0000000000
109747  -46.541  -10.116  15.796 0.0000000000
109763  -45.349  -9.945  14.179 0.0000000000
109762  -44.461  -9.682  13.901 0.0000000000
109776  -44.416  -8.969  13.153 0.0000000000
110942  -43.974  -8.629  12.994 0.0000000000
110957  -43.498  -7.960  12.483 0.0000000000
108595  -41.705  -9.641  15.507 0.0000000000
109746  -42.056  -9.391  15.021 0.0000000000
109759  -41.834  -8.527  14.451 0.0000000000
110940  -42.613  -8.053  13.257 0.0000000000
110956  -43.058  -7.692  12.531 0.0000000000
113357  -42.896  -6.820  11.969 0.0000000000
114503  -41.677  -5.382  12.418 0.0000000000
114516  -41.880  -5.049  11.733 0.0000000000
117664  -41.782  -3.189  11.127 0.0000000000
121584  -46.605  0.886  22.214 0.0000000000
120595  -47.114  0.432  21.849 0.0000000000
121595  -46.708  0.920  20.998 0.0000000000
121606  -46.424  1.451  19.721 0.0000000000
122660  -45.172  2.411  19.808 0.0000000000
121605  -45.594  2.002  19.442 0.0000000000
121631  -47.613  1.750  17.853 0.0000000000
122697  -48.454  2.099  17.059 0.0000000000
125851  -45.674  4.590  17.968 0.0000000000
124789  -46.418  4.445  17.244 0.0000000000
124788  -45.897  4.191  17.677 0.0000000000
123732  -47.385  3.490  16.813 0.0000000000
122705  -48.200  2.778  16.814 0.0000000000
122706  -49.029  2.506  16.660 0.0000000000
123735  -50.070  2.969  15.857 0.0000000000
123745  -50.451  3.622  15.381 0.0000000000
124808  -50.255  4.820  15.532 0.0000000000
124809  -50.784  4.832  15.190 0.0000000000
123755  -51.000  3.706  14.533 0.0000000000
124818  -51.239  4.633  13.961 0.0000000000
124828  -50.910  4.498  13.125 0.0000000000
124827  -50.579  4.792  12.952 0.0000000000
125898  -50.326  4.957  12.917 0.0000000000
125891  -50.512  5.397  13.298 0.0000000000
126842  -50.150  6.738  13.474 0.0000000000
127701  -49.772  8.146  13.163 0.0000000000
128585  -49.589  8.587  13.744 0.0000000000
128594  -49.363  9.035  13.156 0.0000000000
127717  -49.210  8.484  12.811 0.0000000000
129512  -48.226  9.332  12.117 0.0000000000
129493  -47.309  9.415  12.370 0.0000000000
129492  -46.283  9.412  12.251 0.0000000000
128569  -45.732  8.473  15.446 0.0000000000
128568  -44.712  8.502  15.625 0.0000000000
128581  -45.815  8.850  14.494 0.0000000000
129459  -45.927  9.370  13.644 0.0000000000
129491  -45.249  9.647  12.114 0.0000000000
129490  -44.200  9.654  12.125 0.0000000000
129489  -43.215  9.659  12.090 0.0000000000
129488  -42.158  9.598  12.134 0.0000000000
129470  -40.624  9.603  13.463 0.0000000000
129469  -39.393  9.928  13.760 0.0000000000
112066  -40.844  -7.434  21.350 0.0000000000
113273  -41.128  -6.459  21.441 0.0000000000
114432  -41.474  -5.589  21.459 0.0000000000
116544  -40.239  -4.327  20.822 0.0000000000
115510  -40.973  -4.925  21.403 0.0000000000
115511  -41.699  -4.683  21.568 0.0000000000
115512  -42.410  -4.422  21.561 0.0000000000
116538  -42.827  -3.505  21.707 0.0000000000
118564  -39.009  -1.147  22.957 0.0000000000
118570  -39.505  -1.249  22.401 0.0000000000
118571  -40.533  -1.232  22.264 0.0000000000
118581  -41.051  -1.956  21.613 0.0000000000
118582  -41.935  -2.232  21.846 0.0000000000
118583  -42.436  -2.446  21.975 0.0000000000
116528  -43.127  -2.985  21.901 0.0000000000
117557  -43.488  -2.475  21.956 0.0000000000
117558  -44.030  -1.976  21.917 0.0000000000
118575  -44.628  -1.562  22.163 0.0000000000
119587  -43.917  -0.417  23.548 0.0000000000
119588  -44.934  -0.501  23.674 0.0000000000
119601  -45.300  -0.946  22.866 0.0000000000
119589  -45.856  -0.514  23.636 0.0000000000
119590  -46.660  -0.153  23.765 0.0000000000
120586  -46.798  0.416  23.667 0.0000000000
120533  -43.122  0.704  27.196 0.0000000000
120534  -43.948  0.779  27.118 0.0000000000
120553  -45.140  0.667  26.219 0.0000000000
122639  -44.470  1.891  26.486 0.0000000000
121561  -45.223  0.969  26.536 0.0000000000
121566  -45.595  0.814  25.728 0.0000000000
121570  -46.090  0.966  25.047 0.0000000000
121575  -46.140  1.067  24.036 0.0000000000
120585  -46.488  0.849  23.494 0.0000000000
121579  -46.048  1.098  22.953 0.0000000000
121578  -45.068  1.848  22.469 0.0000000000
123684  -44.260  3.571  22.506 0.0000000000
123682  -44.287  3.580  23.647 0.0000000000
124742  -44.401  4.632  22.917 0.0000000000
124744  -44.394  4.447  21.848 0.0000000000
125792  -44.829  5.359  22.075 0.0000000000
125793  -45.809  5.789  22.251 0.0000000000
125787  -47.941  5.936  23.644 0.0000000000
110903  -50.443  -8.182  16.701 0.0000000000
110917  -50.273  -8.321  15.826 0.0000000000
110916  -49.606  -8.772  15.743 0.0000000000
109750  -49.070  -9.227  16.003 0.0000000000
109749  -48.383  -9.371  15.761 0.0000000000
109748  -47.387  -9.689  15.817 0.0000000000
110873  -48.732  -8.423  18.761 0.0000000000
109703  -48.461  -8.730  18.241 0.0000000000
109702  -47.835  -9.018  18.701 0.0000000000
109717  -48.389  -8.942  17.747 0.0000000000
108587  -45.175  -10.747  16.516 0.0000000000
108569  -44.675  -11.118  16.957 0.0000000000
107492  -44.302  -11.237  16.908 0.0000000000
107491  -43.820  -11.308  16.826 0.0000000000
107474  -42.328  -11.521  17.429 0.0000000000
107448  -44.151  -11.837  19.276 0.0000000000
106287  -43.500  -12.422  20.483 0.0000000000
106298  -43.355  -12.340  19.517 0.0000000000
107447  -43.728  -12.021  18.858 0.0000000000
107459  -42.623  -12.052  18.105 0.0000000000
107473  -41.332  -11.157  17.415 0.0000000000
107472  -40.717  -10.943  17.661 0.0000000000
108555  -39.993  -10.828  18.365 0.0000000000
107356  -45.893  -11.047  27.365 0.0000000000
113176  -43.496  -6.636  30.083 0.0000000000
113190  -43.771  -6.686  29.862 0.0000000000
113187  -42.035  -6.873  28.967 0.0000000000
113203  -42.830  -6.863  29.032 0.0000000000
111957  -44.026  -7.019  29.680 0.0000000000
110731  -43.797  -8.441  29.131 0.0000000000
109566  -44.210  -9.192  29.274 0.0000000000
109582  -43.985  -9.517  29.093 0.0000000000
108433  -44.305  -10.121  29.005 0.0000000000
107333  -45.154  -10.999  28.289 0.0000000000
107332  -44.259  -11.122  28.165 0.0000000000
107355  -45.049  -11.556  27.333 0.0000000000
107375  -44.268  -12.034  26.593 0.0000000000
106216  -44.085  -12.276  26.143 0.0000000000
106214  -41.941  -12.588  26.480 0.0000000000
106227  -42.651  -13.065  25.247 0.0000000000
105071  -41.523  -13.499  23.950 0.0000000000
105077  -40.401  -13.538  22.962 0.0000000000
107383  -38.645  -11.137  25.557 0.0000000000
106223  -38.829  -11.957  25.166 0.0000000000
106235  -38.510  -12.225  24.179 0.0000000000
106236  -39.253  -12.748  24.481 0.0000000000
105069  -39.767  -13.355  23.720 0.0000000000
105076  -39.623  -13.238  22.737 0.0000000000
105084  -40.306  -13.239  22.102 0.0000000000
109685  -39.962  -8.886  21.414 0.0000000000
110846  -40.115  -8.256  21.445 0.0000000000
112065  -39.865  -7.510  21.423 0.0000000000
113280  -39.521  -6.484  20.966 0.0000000000
114440  -38.378  -5.577  20.587 0.0000000000
112073  -38.122  -6.960  20.776 0.0000000000
115516  -37.799  -4.540  20.752 0.0000000000
117561  -37.269  -2.869  21.830 0.0000000000
113268  -35.495  -6.626  21.623 0.0000000000
116527  -36.427  -3.410  22.001 0.0000000000
117553  -36.689  -2.850  22.380 0.0000000000
117549  -37.002  -1.935  23.216 0.0000000000
118561  -36.917  -1.723  23.606 0.0000000000
119573  -36.567  -1.267  24.723 0.0000000000
119567  -36.421  -0.884  25.199 0.0000000000
118552  -35.596  -1.405  24.931 0.0000000000
119566  -35.340  -0.779  25.417 0.0000000000
120557  -36.008  -0.106  25.683 0.0000000000
112186  -49.830  -7.210  10.474 0.0000000000
113392  -50.420  -6.212  9.800 0.0000000000
112200  -49.117  -6.941  10.069 0.0000000000
112211  -49.026  -6.531  9.243 0.0000000000
112210  -48.381  -6.806  9.092 0.0000000000
109779  -47.153  -9.560  14.157 0.0000000000
110945  -47.356  -9.051  13.301 0.0000000000
110961  -47.445  -8.299  12.597 0.0000000000
112181  -44.550  -7.352  11.326 0.0000000000
112196  -45.609  -7.078  10.870 0.0000000000
112197  -46.106  -7.218  11.095 0.0000000000
114533  -45.931  -6.080  9.980 0.0000000000
113389  -47.938  -6.221  10.786 0.0000000000
115595  -49.833  -4.595  10.096 0.0000000000
115607  -49.795  -4.520  9.361 0.0000000000
114567  -50.091  -4.813  8.713 0.0000000000
115623  -49.612  -4.661  8.646 0.0000000000
113412  -49.301  -5.605  8.341 0.0000000000
112220  -48.137  -6.572  8.501 0.0000000000
113410  -47.793  -6.494  8.109 0.0000000000
113434  -47.421  -5.650  6.756 0.0000000000
113433  -46.788  -6.155  6.776 0.0000000000
112243  -46.176  -6.657  6.682 0.0000000000
113432  -45.784  -6.229  6.186 0.0000000000
113447  -45.312  -5.688  5.695 0.0000000000
116669  -46.921  -3.953  5.938 0.0000000000
115655  -46.292  -4.135  5.619 0.0000000000
114595  -43.933  -5.623  4.952 0.0000000000
114606  -43.396  -4.956  4.786 0.0000000000
115666  -43.471  -4.129  4.649 0.0000000000
115653  -42.807  -4.422  5.154 0.0000000000
112082  -40.838  -7.171  19.502 0.0000000000
113288  -42.054  -6.139  20.321 0.0000000000
113286  -41.163  -6.610  19.111 0.0000000000
113290  -40.756  -6.604  18.576 0.0000000000
113298  -40.949  -6.185  18.172 0.0000000000
114454  -40.816  -5.556  17.343 0.0000000000
114463  -40.635  -5.359  16.715 0.0000000000
115524  -43.415  -4.395  19.951 0.0000000000
115526  -42.871  -4.864  18.605 0.0000000000
115532  -43.425  -4.402  17.983 0.0000000000
115531  -42.460  -4.723  17.754 0.0000000000
115530  -41.713  -4.786  17.253 0.0000000000
115540  -40.731  -4.762  16.053 0.0000000000
115551  -40.737  -4.723  15.354 0.0000000000
115559  -41.042  -4.124  15.017 0.0000000000
116593  -41.075  -3.633  14.227 0.0000000000
117618  -42.264  -2.834  15.041 0.0000000000
117630  -41.768  -2.734  14.450 0.0000000000
117641  -41.542  -2.788  13.519 0.0000000000
117648  -41.532  -2.859  12.539 0.0000000000
117656  -41.960  -2.197  11.924 0.0000000000
118670  -42.542  -1.490  11.377 0.0000000000
120597  -48.067  0.027  21.052 0.0000000000
119620  -47.981  -0.375  19.843 0.0000000000
118598  -47.680  -0.904  19.358 0.0000000000
119628  -48.536  -0.393  18.879 0.0000000000
117586  -47.679  -1.655  18.503 0.0000000000
117609  -47.414  -2.257  16.929 0.0000000000
117623  -46.543  -2.350  15.887 0.0000000000
119654  -50.140  0.120  15.959 0.0000000000
119653  -49.728  -0.453  15.740 0.0000000000
118637  -49.261  -0.834  15.807 0.0000000000
120668  -48.129  0.135  14.138 0.0000000000
119651  -48.322  -0.799  15.279 0.0000000000
118636  -48.704  -1.147  15.790 0.0000000000
118635  -47.447  -1.506  15.569 0.0000000000
118634  -46.151  -1.785  15.401 0.0000000000
118658  -44.235  -0.874  13.772 0.0000000000
119687  -44.606  -0.290  12.578 0.0000000000
119675  -44.047  -0.575  13.228 0.0000000000
119674  -43.380  -0.746  13.074 0.0000000000
119694  -42.765  -1.045  11.912 0.0000000000
118678  -42.603  -1.695  10.414 0.0000000000
119717  -42.924  -1.012  9.164 0.0000000000
119718  -43.231  -0.598  8.587 0.0000000000
120725  -43.814  -0.032  9.104 0.0000000000
120754  -44.369  -0.104  5.207 0.0000000000
121735  -46.067  1.568  9.265 0.0000000000
121749  -45.808  1.993  8.349 0.0000000000
122799  -45.611  2.794  7.017 0.0000000000
121759  -44.892  1.959  7.202 0.0000000000
120741  -44.408  1.361  6.816 0.0000000000
120747  -44.461  1.036  6.017 0.0000000000
120769  -44.565  -0.080  3.986 0.0000000000
119753  -44.039  -0.656  3.639 0.0000000000
119745  -43.572  -0.909  3.800 0.0000000000
120761  -43.887  0.749  3.847 0.0000000000
120760  -43.464  0.382  3.884 0.0000000000
118713  -42.776  -1.573  4.594 0.0000000000
124877  -44.077  4.105  6.795 0.0000000000
123832  -43.461  3.648  6.942 0.0000000000
123818  -43.566  3.410  7.861 0.0000000000
122797  -42.347  3.111  7.593 0.0000000000
124834  -49.759  4.539  12.596 0.0000000000
123773  -49.105  4.044  12.311 0.0000000000
125889  -48.828  5.768  13.351 0.0000000000
123764  -48.772  4.401  12.846 0.0000000000
123772  -48.120  3.496  12.197 0.0000000000
122746  -46.554  2.903  11.598 0.0000000000
127697  -46.447  7.556  13.157 0.0000000000
125881  -46.605  5.596  14.097 0.0000000000
125880  -45.552  5.431  14.530 0.0000000000
124816  -46.314  4.515  14.467 0.0000000000
124823  -46.952  4.192  14.063 0.0000000000
122730  -46.155  2.779  13.112 0.0000000000
121703  -43.639  1.688  12.082 0.0000000000
121688  -43.087  1.494  12.640 0.0000000000
121677  -43.346  1.516  13.613 0.0000000000
121687  -42.226  1.309  12.323 0.0000000000
121686  -41.423  1.262  11.950 0.0000000000
121653  -40.484  0.927  15.118 0.0000000000
125858  -42.304  4.774  16.065 0.0000000000
124795  -42.120  4.284  16.355 0.0000000000
123721  -41.223  3.520  16.989 0.0000000000
125856  -40.722  5.320  16.555 0.0000000000
124787  -40.886  4.065  17.122 0.0000000000
122693  -40.949  2.965  17.139 0.0000000000
125841  -38.450  4.760  18.123 0.0000000000
131046  -42.359  11.781  19.454 0.0000000000
130257  -39.819  11.332  17.227 0.0000000000
130275  -39.701  10.386  16.035 0.0000000000
130274  -39.338  10.770  15.623 0.0000000000
130283  -39.102  10.377  14.432 0.0000000000
129468  -38.901  10.022  13.390 0.0000000000
131082  -38.194  11.480  13.587 0.0000000000
130289  -38.509  10.479  13.497 0.0000000000
129485  -38.890  9.853  12.858 0.0000000000
129503  -38.692  9.361  11.775 0.0000000000
128617  -38.568  8.655  11.208 0.0000000000
129518  -37.199  10.188  10.926 0.0000000000
128616  -37.628  8.723  11.393 0.0000000000
127723  -38.421  7.993  11.384 0.0000000000
127689  -38.033  7.558  13.223 0.0000000000
105065  -42.418  -13.208  24.512 0.0000000000
105078  -41.220  -13.536  23.096 0.0000000000
105093  -41.387  -13.297  21.852 0.0000000000
105103  -40.441  -12.847  20.877 0.0000000000
106198  -44.018  -12.090  26.714 0.0000000000
106299  -43.859  -12.194  19.888 0.0000000000
106309  -43.387  -12.188  18.861 0.0000000000
107456  -39.813  -11.043  18.743 0.0000000000
108419  -44.419  -9.704  29.239 0.0000000000
108421  -45.480  -9.779  29.436 0.0000000000
108612  -45.554  -10.393  15.355 0.0000000000
109565  -43.832  -8.926  29.101 0.0000000000
110830  -33.328  -7.744  23.357 0.0000000000
110941  -43.484  -8.455  12.953 0.0000000000
111973  -42.291  -7.583  28.419 0.0000000000
112072  -37.670  -6.867  20.777 0.0000000000
112127  -40.267  -7.200  15.682 0.0000000000
112142  -41.347  -7.120  14.053 0.0000000000
112165  -42.730  -7.296  12.519 0.0000000000
112201  -50.079  -6.742  10.206 0.0000000000
113188  -42.573  -6.807  29.238 0.0000000000
113189  -43.260  -6.828  29.427 0.0000000000
113201  -42.080  -7.102  28.672 0.0000000000
113202  -42.458  -6.985  28.830 0.0000000000
113271  -39.471  -6.927  21.176 0.0000000000
113275  -42.272  -5.749  21.173 0.0000000000
113278  -37.681  -6.282  20.692 0.0000000000
113287  -41.718  -6.367  19.663 0.0000000000
113296  -39.915  -6.567  16.867 0.0000000000
113400  -45.689  -6.115  9.954 0.0000000000
114422  -34.769  -5.653  21.923 0.0000000000
114427  -35.149  -6.024  21.616 0.0000000000
114431  -40.653  -5.723  21.304 0.0000000000
114442  -40.120  -5.491  20.952 0.0000000000
114444  -42.763  -4.890  21.292 0.0000000000
114504  -42.091  -5.839  12.285 0.0000000000
114530  -42.756  -5.305  10.787 0.0000000000
114554  -50.938  -5.179  10.004 0.0000000000
114564  -48.014  -4.738  8.758 0.0000000000
114583  -47.854  -5.206  6.836 0.0000000000
115533  -44.087  -4.021  18.131 0.0000000000
115567  -40.685  -4.594  13.809 0.0000000000
115594  -49.300  -4.697  9.661 0.0000000000
115643  -47.790  -4.598  6.711 0.0000000000
115656  -46.976  -4.441  6.021 0.0000000000
115657  -47.378  -4.407  6.356 0.0000000000
116529  -43.334  -3.076  21.707 0.0000000000
116532  -36.925  -3.558  21.452 0.0000000000
116545  -40.661  -4.550  21.127 0.0000000000
116552  -44.150  -3.769  18.929 0.0000000000
116571  -41.529  -4.006  15.883 0.0000000000
116576  -46.111  -3.095  16.420 0.0000000000
116586  -44.913  -3.197  16.139 0.0000000000
116587  -45.219  -2.996  15.936 0.0000000000
116599  -40.775  -4.035  13.690 0.0000000000
116615  -41.714  -3.792  11.342 0.0000000000
116647  -44.325  -3.460  6.889 0.0000000000
116651  -47.908  -4.353  7.061 0.0000000000
116691  -44.850  -2.127  4.270 0.0000000000
117556  -42.814  -2.735  22.003 0.0000000000
117572  -45.311  -2.043  20.800 0.0000000000
117583  -44.787  -3.040  18.855 0.0000000000
117587  -48.198  -1.518  18.503 0.0000000000
117607  -46.133  -2.910  16.109 0.0000000000
117624  -47.150  -2.220  16.218 0.0000000000
117720  -44.729  -1.883  3.911 0.0000000000
118557  -36.522  -1.605  24.192 0.0000000000
118558  -37.387  -1.339  24.028 0.0000000000
118568  -37.937  -1.606  22.760 0.0000000000
118569  -38.576  -1.538  22.416 0.0000000000
118590  -46.759  -0.966  20.377 0.0000000000
118591  -47.132  -0.756  20.568 0.0000000000
118596  -46.268  -1.280  19.880 0.0000000000
118597  -46.861  -1.002  19.505 0.0000000000
118608  -48.036  -1.301  18.869 0.0000000000
118610  -49.192  -0.869  17.714 0.0000000000
118632  -44.605  -2.004  15.235 0.0000000000
118644  -42.721  -1.848  13.965 0.0000000000
118649  -47.087  -0.904  14.959 0.0000000000
118657  -43.664  -1.052  13.707 0.0000000000
118687  -42.991  -1.082  9.739 0.0000000000
118700  -42.864  -1.709  7.912 0.0000000000
118723  -44.845  -0.961  4.399 0.0000000000
118733  -44.487  -1.339  3.669 0.0000000000
118734  -44.935  -1.389  3.756 0.0000000000
119559  -38.202  -0.060  26.061 0.0000000000
119580  -46.426  -0.006  24.475 0.0000000000
119591  -47.153  -0.012  23.440 0.0000000000
119605  -46.540  -0.748  21.820 0.0000000000
119607  -47.836  -0.084  21.265 0.0000000000
119609  -47.159  -0.748  20.302 0.0000000000
119611  -47.958  -0.209  20.899 0.0000000000
119618  -47.000  -0.821  19.993 0.0000000000
119636  -49.836  0.207  16.945 0.0000000000
119652  -49.092  -0.613  15.409 0.0000000000
119665  -48.689  -0.267  14.786 0.0000000000
119679  -47.113  -0.124  14.171 0.0000000000
119685  -42.986  -0.845  12.452 0.0000000000
119689  -46.058  0.012  13.243 0.0000000000
119709  -42.962  -1.052  9.498 0.0000000000
119747  -45.129  -1.004  3.863 0.0000000000
119752  -43.561  -0.350  3.759 0.0000000000
119755  -45.016  -1.170  3.715 0.0000000000
120559  -37.495  -0.180  25.794 0.0000000000
120566  -44.813  0.449  25.796 0.0000000000
120584  -45.069  -0.215  24.274 0.0000000000
120587  -47.249  0.131  23.104 0.0000000000
120591  -46.705  0.792  23.180 0.0000000000
120596  -47.629  0.122  21.448 0.0000000000
120603  -47.432  0.471  21.196 0.0000000000
120604  -47.881  0.332  20.776 0.0000000000
120614  -47.993  0.281  20.100 0.0000000000
120634  -49.197  0.619  17.709 0.0000000000
120636  -49.884  0.472  16.676 0.0000000000
120648  -50.219  0.751  16.172 0.0000000000
120691  -44.686  -0.013  12.009 0.0000000000
120696  -49.967  1.177  12.543 0.0000000000
120697  -50.409  1.378  12.524 0.0000000000
120727  -45.480  1.228  9.375 0.0000000000
120768  -44.154  0.162  3.791 0.0000000000
121546  -43.691  1.086  27.376 0.0000000000
121562  -45.362  0.760  26.083 0.0000000000
121571  -46.293  0.533  24.723 0.0000000000
121576  -46.396  0.610  24.416 0.0000000000
121580  -46.672  0.859  22.810 0.0000000000
121608  -47.993  0.427  19.658 0.0000000000
121618  -45.665  2.294  18.937 0.0000000000
121619  -46.137  1.933  18.830 0.0000000000
121633  -49.256  0.952  17.385 0.0000000000
121680  -50.984  2.222  13.683 0.0000000000
121693  -50.829  1.629  12.460 0.0000000000
121709  -51.149  2.170  11.992 0.0000000000
121721  -47.160  1.503  10.210 0.0000000000
121725  -50.466  2.183  10.775 0.0000000000
121776  -43.254  1.535  4.564 0.0000000000
122647  -44.445  2.659  22.010 0.0000000000
122649  -44.499  2.743  21.106 0.0000000000
122659  -44.772  2.702  20.324 0.0000000000
122670  -44.950  2.958  19.683 0.0000000000
122682  -45.757  2.636  18.418 0.0000000000
122684  -47.178  2.098  17.920 0.0000000000
122702  -40.846  2.447  16.931 0.0000000000
122722  -45.137  2.760  14.289 0.0000000000
122723  -50.710  2.716  14.542 0.0000000000
122738  -51.229  2.783  12.222 0.0000000000
122767  -45.460  3.311  9.721 0.0000000000
122782  -45.777  2.408  7.755 0.0000000000
122786  -49.600  3.186  8.492 0.0000000000
122787  -49.851  3.449  8.569 0.0000000000
122798  -44.969  2.354  6.652 0.0000000000
122802  -48.313  3.611  7.580 0.0000000000
123706  -45.032  3.498  19.310 0.0000000000
123720  -40.629  3.519  17.301 0.0000000000
123724  -47.042  2.942  17.189 0.0000000000
123731  -46.786  3.978  17.000 0.0000000000
123742  -44.654  3.516  14.930 0.0000000000
123743  -45.155  3.880  14.874 0.0000000000
123746  -50.924  4.234  15.013 0.0000000000
123753  -46.549  3.848  14.131 0.0000000000
123754  -50.682  3.117  14.917 0.0000000000
123775  -50.917  3.839  12.131 0.0000000000
123785  -49.909  3.793  11.517 0.0000000000
123787  -51.071  3.360  11.733 0.0000000000
123805  -44.643  3.427  8.827 0.0000000000
123824  -49.543  3.748  8.314 0.0000000000
123825  -49.834  3.659  8.691 0.0000000000
123835  -47.039  3.749  7.069 0.0000000000
123837  -48.719  3.937  7.530 0.0000000000
123838  -49.285  3.988  7.825 0.0000000000
123849  -48.011  4.314  7.092 0.0000000000
123860  -46.017  4.302  6.012 0.0000000000
124771  -44.870  4.062  19.575 0.0000000000
124780  -45.540  4.137  18.247 0.0000000000
124793  -40.736  4.574  16.940 0.0000000000
124806  -44.186  4.321  15.294 0.0000000000
124814  -44.603  4.649  15.088 0.0000000000
124817  -47.034  4.798  14.232 0.0000000000
124826  -49.270  5.054  13.055 0.0000000000
124835  -50.475  4.282  12.474 0.0000000000
124840  -50.073  4.058  12.129 0.0000000000
124856  -49.704  4.005  8.688 0.0000000000
124868  -49.298  4.204  8.074 0.0000000000
124881  -47.903  4.900  7.560 0.0000000000
124883  -49.014  4.171  7.698 0.0000000000
124892  -45.856  5.017  6.351 0.0000000000
124895  -47.971  4.617  7.059 0.0000000000
124903  -45.075  4.453  5.644 0.0000000000
124905  -46.029  4.594  6.051 0.0000000000
125777  -45.898  5.787  24.293 0.0000000000
125810  -44.783  4.730  20.620 0.0000000000
125842  -45.528  4.875  18.375 0.0000000000
125852  -45.960  5.095  17.698 0.0000000000
125855  -40.072  5.584  16.790 0.0000000000
125873  -50.987  5.681  14.914 0.0000000000
125897  -50.126  4.825  12.766 0.0000000000
125921  -46.062  5.092  6.485 0.0000000000
125923  -47.456  5.143  7.039 0.0000000000
125934  -45.682  4.884  6.228 0.0000000000
125936  -46.260  4.979  6.439 0.0000000000
125937  -47.057  4.994  6.655 0.0000000000
125938  -47.788  4.871  6.971 0.0000000000
125948  -45.529  4.789  5.992 0.0000000000
125949  -45.753  4.895  5.974 0.0000000000
125950  -45.962  4.827  6.132 0.0000000000
126746  -48.131  6.864  20.694 0.0000000000
126832  -50.809  6.151  13.916 0.0000000000
126843  -50.631  5.926  13.615 0.0000000000
127621  -44.976  7.717  19.263 0.0000000000
127644  -43.555  7.854  18.312 0.0000000000
127645  -43.989  7.676  18.123 0.0000000000
127658  -49.528  7.120  15.580 0.0000000000
127681  -43.730  7.226  13.813 0.0000000000
127682  -50.056  8.118  14.321 0.0000000000
127705  -37.540  7.898  12.523 0.0000000000
127718  -49.543  8.643  12.905 0.0000000000
127726  -41.566  8.010  10.947 0.0000000000
128517  -42.583  9.247  19.664 0.0000000000
128518  -43.043  8.677  19.659 0.0000000000
128532  -43.905  8.017  18.901 0.0000000000
128534  -46.320  7.681  17.795 0.0000000000
128560  -48.459  8.213  15.447 0.0000000000
128586  -49.748  8.474  13.341 0.0000000000
128592  -48.210  9.124  13.551 0.0000000000
128593  -48.808  9.096  13.368 0.0000000000
128595  -49.632  8.753  13.115 0.0000000000
128603  -42.901  8.357  11.636 0.0000000000
128609  -48.613  8.875  12.317 0.0000000000
128610  -49.257  8.972  12.796 0.0000000000
128611  -49.551  8.889  12.915 0.0000000000
128622  -45.120  8.985  11.438 0.0000000000
128624  -47.304  9.062  11.816 0.0000000000
128625  -48.080  9.134  11.841 0.0000000000
128626  -48.392  9.157  12.125 0.0000000000
128631  -40.611  8.832  10.681 0.0000000000
128632  -41.450  8.926  10.532 0.0000000000
128635  -44.338  9.129  11.141 0.0000000000
128636  -44.818  9.163  11.384 0.0000000000
129425  -40.476  10.441  17.506 0.0000000000
129477  -47.995  9.493  13.008 0.0000000000
129479  -49.106  9.310  12.943 0.0000000000
129494  -48.125  9.472  12.430 0.0000000000
129495  -48.652  9.230  12.526 0.0000000000
129496  -49.020  9.178  12.760 0.0000000000
129508  -44.460  9.538  11.566 0.0000000000
129509  -45.349  9.309  11.665 0.0000000000
129510  -46.698  9.213  11.971 0.0000000000
129511  -47.656  9.347  11.975 0.0000000000
129513  -48.421  9.266  12.294 0.0000000000
129519  -37.437  10.362  11.038 0.0000000000
129522  -42.980  9.349  10.944 0.0000000000
129523  -43.898  9.358  11.140 0.0000000000
130234  -42.752  10.337  20.059 0.0000000000
130244  -41.487  10.858  19.315 0.0000000000
130253  -40.789  10.735  18.494 0.0000000000
130265  -39.607  11.176  16.808 0.0000000000
130266  -39.816  10.535  16.541 0.0000000000
130282  -38.794  10.901  14.716 0.0000000000
130288  -38.135  10.773  12.943 0.0000000000
130290  -38.976  10.202  13.916 0.0000000000
130297  -38.288  10.039  12.312 0.0000000000
130304  -38.150  9.847  11.841 0.0000000000
130307  -37.227  10.739  10.840 0.0000000000
131057  -39.734  11.886  17.162 0.0000000000
131881  -38.407  12.173  14.170 0.0000000000
