#!ascii label  , from subject sub-01 vox2ras=TkReg
1587
74282  -37.434  -38.872  32.723 0.0000000000
94849  -51.458  -23.021  26.464 0.0000000000
84743  -44.465  -30.821  29.906 0.0000000000
46602  -11.230  -60.554  46.740 0.0000000000
78421  -31.915  -36.528  37.124 0.0000000000
55164  -27.126  -53.921  46.948 0.0000000000
62636  -33.554  -47.990  48.332 0.0000000000
70133  -35.676  -41.578  43.916 0.0000000000
75550  -35.288  -37.363  42.874 0.0000000000
55218  -17.213  -54.644  42.509 0.0000000000
55163  -21.648  -53.953  47.894 0.0000000000
57612  -21.780  -52.795  42.543 0.0000000000
62714  -28.683  -48.629  41.832 0.0000000000
65124  -32.982  -45.916  42.408 0.0000000000
77057  -39.070  -37.477  40.661 0.0000000000
78412  -43.263  -35.635  38.198 0.0000000000
88501  -48.499  -27.749  28.152 0.0000000000
79834  -40.796  -34.737  30.511 0.0000000000
91152  -50.526  -25.381  22.657 0.0000000000
41073  -8.454  -64.740  47.112 0.0000000000
79628  -35.772  -35.493  42.868 0.0000000000
77167  -34.056  -37.543  34.995 0.0000000000
57639  -26.604  -52.154  41.816 0.0000000000
57584  -31.368  -51.776  45.762 0.0000000000
81012  -45.612  -32.756  35.588 0.0000000000
91177  -58.904  -25.382  20.339 0.0000000000
68986  -34.587  -42.924  39.883 0.0000000000
70183  -35.322  -40.900  39.673 0.0000000000
56467  -19.028  -53.455  42.437 0.0000000000
63977  -31.358  -46.441  39.076 0.0000000000
65170  -32.805  -44.994  39.274 0.0000000000
67637  -34.793  -43.691  43.132 0.0000000000
75683  -38.861  -38.304  36.630 0.0000000000
77078  -41.896  -37.481  39.567 0.0000000000
77154  -40.593  -36.798  35.433 0.0000000000
92439  -49.881  -25.237  27.451 0.0000000000
89721  -51.011  -26.968  30.479 0.0000000000
94863  -54.519  -23.404  26.307 0.0000000000
46635  -9.173  -60.442  44.219 0.0000000000
45347  -10.099  -62.207  47.559 0.0000000000
77054  -34.058  -37.050  40.220 0.0000000000
78322  -34.592  -35.950  43.101 0.0000000000
79672  -33.902  -36.082  39.253 0.0000000000
78409  -35.516  -36.459  39.313 0.0000000000
78453  -33.079  -36.162  35.902 0.0000000000
56345  -24.852  -53.805  47.664 0.0000000000
53916  -24.670  -54.615  50.733 0.0000000000
55100  -27.512  -54.860  50.240 0.0000000000
53937  -29.553  -54.865  49.616 0.0000000000
57715  -23.584  -51.765  39.073 0.0000000000
60204  -25.550  -49.824  38.985 0.0000000000
62689  -31.214  -48.586  44.042 0.0000000000
60118  -30.063  -49.671  44.106 0.0000000000
61375  -31.885  -49.306  47.127 0.0000000000
58799  -33.087  -50.782  49.209 0.0000000000
51526  -13.903  -57.281  44.330 0.0000000000
52729  -15.109  -56.320  48.064 0.0000000000
51439  -14.535  -56.620  50.869 0.0000000000
83594  -42.353  -32.049  29.733 0.0000000000
82279  -43.107  -33.180  33.811 0.0000000000
84691  -44.765  -31.362  32.395 0.0000000000
92558  -60.215  -24.968  19.341 0.0000000000
45319  -9.734  -61.966  50.569 0.0000000000
72677  -36.190  -39.488  46.489 0.0000000000
75508  -36.029  -37.351  46.206 0.0000000000
72742  -36.169  -39.744  42.457 0.0000000000
74178  -35.252  -38.166  39.712 0.0000000000
53983  -17.487  -54.774  45.603 0.0000000000
55135  -19.119  -54.326  48.023 0.0000000000
55201  -19.300  -53.545  45.220 0.0000000000
56404  -21.577  -53.308  45.481 0.0000000000
56407  -24.689  -53.079  45.236 0.0000000000
62746  -26.511  -48.542  39.298 0.0000000000
62768  -28.731  -48.118  39.545 0.0000000000
63915  -31.085  -47.800  41.770 0.0000000000
63851  -32.858  -47.164  45.036 0.0000000000
66247  -34.686  -44.637  45.975 0.0000000000
68915  -35.592  -42.184  46.976 0.0000000000
54013  -15.587  -55.447  42.207 0.0000000000
78309  -40.493  -35.467  44.309 0.0000000000
80836  -43.338  -34.043  46.223 0.0000000000
78328  -43.024  -35.773  43.218 0.0000000000
78369  -44.543  -35.917  41.274 0.0000000000
87232  -45.863  -29.016  28.346 0.0000000000
85921  -46.647  -29.662  31.593 0.0000000000
88472  -48.972  -28.026  30.779 0.0000000000
35937  -3.742  -68.654  47.554 0.0000000000
77223  -39.098  -36.655  31.382 0.0000000000
82398  -39.564  -32.603  28.243 0.0000000000
88495  -42.822  -28.300  27.538 0.0000000000
88520  -44.368  -27.322  26.986 0.0000000000
91073  -46.451  -26.074  26.179 0.0000000000
92484  -48.237  -25.195  25.523 0.0000000000
92487  -50.582  -24.865  25.491 0.0000000000
91135  -47.687  -25.540  23.207 0.0000000000
42502  -8.497  -64.080  50.027 0.0000000000
39671  -6.691  -66.456  49.834 0.0000000000
37165  -4.469  -67.835  48.794 0.0000000000
80789  -39.046  -33.769  47.790 0.0000000000
78281  -35.192  -35.638  46.114 0.0000000000
80828  -35.823  -34.794  45.235 0.0000000000
79573  -38.396  -35.409  44.787 0.0000000000
78364  -37.267  -36.832  41.847 0.0000000000
77118  -36.671  -37.961  37.720 0.0000000000
75735  -35.773  -38.917  33.544 0.0000000000
53889  -22.137  -54.560  51.081 0.0000000000
57614  -23.919  -52.645  42.562 0.0000000000
56431  -27.054  -52.967  44.160 0.0000000000
58868  -27.832  -50.208  41.534 0.0000000000
56455  -29.385  -52.068  43.286 0.0000000000
55182  -30.241  -53.740  46.689 0.0000000000
55149  -32.198  -53.732  48.675 0.0000000000
47835  -11.402  -59.690  44.492 0.0000000000
50313  -12.769  -58.372  44.118 0.0000000000
49008  -12.214  -59.173  47.778 0.0000000000
78471  -41.520  -35.459  33.982 0.0000000000
80988  -44.302  -34.387  36.728 0.0000000000
82168  -48.245  -33.230  39.270 0.0000000000
85864  -47.112  -30.218  35.169 0.0000000000
91093  -53.109  -25.819  25.654 0.0000000000
89799  -55.688  -26.287  24.584 0.0000000000
89823  -57.634  -27.084  22.697 0.0000000000
91175  -56.775  -25.733  20.221 0.0000000000
88563  -59.492  -27.827  21.301 0.0000000000
67735  -34.185  -43.226  38.367 0.0000000000
69033  -34.494  -42.286  37.522 0.0000000000
67776  -33.730  -43.167  36.233 0.0000000000
65182  -31.869  -45.448  37.891 0.0000000000
66401  -33.105  -44.431  38.539 0.0000000000
66382  -33.782  -43.982  39.584 0.0000000000
75719  -37.679  -38.549  34.598 0.0000000000
77136  -39.845  -37.776  36.776 0.0000000000
75738  -39.006  -37.803  33.694 0.0000000000
93730  -51.078  -23.875  27.053 0.0000000000
92441  -51.403  -24.950  27.991 0.0000000000
94812  -52.109  -23.165  27.564 0.0000000000
95943  -53.381  -22.604  27.394 0.0000000000
95987  -53.279  -22.973  26.648 0.0000000000
46612  -10.925  -61.073  46.274 0.0000000000
46611  -10.183  -61.496  46.105 0.0000000000
46600  -10.379  -61.506  46.972 0.0000000000
77071  -33.024  -37.046  38.345 0.0000000000
78376  -33.556  -36.733  39.478 0.0000000000
79683  -33.181  -36.160  38.078 0.0000000000
78423  -33.343  -36.021  37.702 0.0000000000
78437  -32.394  -35.873  36.521 0.0000000000
52704  -17.090  -55.652  50.287 0.0000000000
56346  -25.723  -53.809  47.451 0.0000000000
55120  -26.033  -54.189  49.341 0.0000000000
55121  -27.136  -54.471  49.324 0.0000000000
55101  -28.602  -55.187  50.195 0.0000000000
55146  -29.035  -54.340  48.524 0.0000000000
62657  -32.107  -48.164  46.326 0.0000000000
62656  -31.692  -48.747  46.081 0.0000000000
62646  -32.235  -48.606  47.237 0.0000000000
61365  -32.416  -49.003  48.534 0.0000000000
52738  -16.153  -55.855  46.209 0.0000000000
52721  -15.853  -55.881  48.604 0.0000000000
52712  -15.997  -55.905  49.729 0.0000000000
80773  -42.087  -33.137  48.394 0.0000000000
84724  -43.038  -31.414  29.677 0.0000000000
83575  -44.109  -32.165  31.202 0.0000000000
84726  -44.601  -31.429  30.621 0.0000000000
71395  -36.001  -40.479  44.983 0.0000000000
72697  -36.262  -39.544  45.403 0.0000000000
71412  -36.027  -40.587  42.881 0.0000000000
72755  -35.683  -39.306  40.068 0.0000000000
72773  -34.803  -39.338  38.196 0.0000000000
74193  -34.516  -37.952  38.673 0.0000000000
54003  -17.335  -54.631  43.784 0.0000000000
55199  -17.997  -54.255  45.226 0.0000000000
55209  -18.034  -54.237  44.206 0.0000000000
56468  -20.313  -53.027  42.138 0.0000000000
56425  -20.770  -53.168  44.448 0.0000000000
56426  -21.900  -53.173  44.383 0.0000000000
56405  -22.667  -53.271  45.379 0.0000000000
56427  -23.005  -53.172  44.386 0.0000000000
62789  -27.518  -47.944  38.106 0.0000000000
63935  -32.051  -46.412  40.670 0.0000000000
63953  -30.739  -47.112  40.091 0.0000000000
63898  -32.009  -46.913  42.488 0.0000000000
63882  -32.010  -47.120  43.352 0.0000000000
65105  -33.200  -46.471  43.668 0.0000000000
65084  -34.212  -46.157  45.589 0.0000000000
66267  -34.263  -45.329  44.455 0.0000000000
68953  -35.197  -42.882  42.936 0.0000000000
68934  -35.322  -42.863  45.076 0.0000000000
68935  -35.603  -41.935  45.137 0.0000000000
70099  -35.869  -41.297  46.535 0.0000000000
54014  -16.550  -55.001  42.506 0.0000000000
78347  -40.179  -36.327  42.767 0.0000000000
78327  -41.877  -35.675  43.397 0.0000000000
77026  -41.271  -36.586  42.070 0.0000000000
77102  -42.323  -36.699  38.482 0.0000000000
78368  -43.881  -36.503  40.757 0.0000000000
78383  -44.371  -35.750  40.253 0.0000000000
79663  -45.712  -34.731  40.835 0.0000000000
79676  -44.838  -35.055  39.535 0.0000000000
87233  -46.946  -28.648  28.326 0.0000000000
85961  -47.658  -29.347  29.569 0.0000000000
87235  -48.782  -28.430  28.721 0.0000000000
90999  -52.284  -25.475  31.604 0.0000000000
88519  -43.576  -27.604  27.048 0.0000000000
89767  -43.004  -27.197  26.528 0.0000000000
91089  -45.026  -26.125  25.080 0.0000000000
92505  -46.247  -25.847  25.144 0.0000000000
92483  -47.257  -25.472  25.556 0.0000000000
92507  -47.635  -25.488  24.910 0.0000000000
92508  -48.531  -25.421  24.829 0.0000000000
43972  -8.893  -63.421  45.957 0.0000000000
39693  -7.267  -65.893  46.682 0.0000000000
45309  -9.137  -62.248  51.633 0.0000000000
43911  -9.127  -62.880  50.246 0.0000000000
43894  -8.253  -63.309  52.236 0.0000000000
39664  -6.809  -65.584  51.509 0.0000000000
38382  -6.495  -66.543  50.632 0.0000000000
37167  -5.848  -67.203  49.300 0.0000000000
37154  -5.710  -67.538  49.867 0.0000000000
34598  -5.119  -68.661  49.247 0.0000000000
75536  -36.004  -37.823  44.260 0.0000000000
76975  -35.559  -36.543  46.335 0.0000000000
76998  -35.090  -36.616  44.278 0.0000000000
79627  -35.140  -35.371  42.665 0.0000000000
80849  -35.452  -34.920  44.214 0.0000000000
80868  -35.825  -35.049  44.197 0.0000000000
79546  -36.949  -34.991  45.312 0.0000000000
79602  -37.178  -35.880  43.693 0.0000000000
78323  -37.851  -36.317  43.288 0.0000000000
78343  -36.828  -36.481  42.389 0.0000000000
77134  -34.930  -37.420  36.598 0.0000000000
77096  -35.729  -37.070  38.978 0.0000000000
77135  -35.498  -37.696  36.774 0.0000000000
75698  -36.184  -38.169  35.462 0.0000000000
75717  -35.379  -38.425  34.438 0.0000000000
55137  -20.568  -53.986  48.407 0.0000000000
53936  -20.363  -54.363  49.595 0.0000000000
55115  -21.672  -54.178  49.158 0.0000000000
57693  -24.952  -51.871  39.940 0.0000000000
57664  -24.243  -51.986  40.793 0.0000000000
57638  -25.573  -52.046  41.825 0.0000000000
56451  -25.473  -52.798  43.443 0.0000000000
57617  -26.817  -52.551  42.571 0.0000000000
62731  -27.767  -48.390  41.125 0.0000000000
61494  -27.297  -49.077  40.503 0.0000000000
61455  -28.247  -49.190  41.665 0.0000000000
58834  -30.645  -50.768  45.015 0.0000000000
57619  -29.598  -51.211  43.166 0.0000000000
56434  -30.013  -52.080  44.322 0.0000000000
56412  -29.873  -52.909  45.231 0.0000000000
56391  -31.034  -52.875  46.282 0.0000000000
56368  -30.866  -53.694  47.164 0.0000000000
56392  -31.784  -52.439  46.984 0.0000000000
66220  -34.629  -44.860  47.948 0.0000000000
51525  -13.376  -57.780  44.633 0.0000000000
50285  -12.966  -58.304  46.162 0.0000000000
49032  -12.541  -58.792  45.387 0.0000000000
51418  -14.666  -56.873  52.971 0.0000000000
78546  -40.217  -35.562  30.779 0.0000000000
78489  -40.791  -36.012  33.202 0.0000000000
79762  -41.163  -35.327  32.536 0.0000000000
82258  -44.298  -32.460  34.568 0.0000000000
81009  -43.421  -33.954  34.877 0.0000000000
81011  -45.023  -33.323  35.586 0.0000000000
80969  -45.904  -34.116  37.401 0.0000000000
80970  -46.897  -33.629  37.270 0.0000000000
87154  -47.042  -28.958  33.037 0.0000000000
85892  -46.558  -29.607  33.545 0.0000000000
85878  -47.498  -29.423  34.711 0.0000000000
91113  -49.969  -25.818  24.248 0.0000000000
91092  -52.118  -25.684  25.417 0.0000000000
91115  -51.869  -25.995  24.535 0.0000000000
91141  -53.733  -25.980  23.810 0.0000000000
91156  -54.730  -26.208  22.802 0.0000000000
89813  -57.323  -26.739  23.796 0.0000000000
89831  -56.029  -26.443  22.386 0.0000000000
93808  -57.867  -23.513  19.915 0.0000000000
92553  -56.126  -24.550  19.965 0.0000000000
91176  -57.971  -25.645  19.971 0.0000000000
89834  -58.187  -26.872  20.941 0.0000000000
88572  -59.046  -26.803  20.575 0.0000000000
89845  -59.853  -26.425  20.141 0.0000000000
89860  -60.413  -26.442  18.803 0.0000000000
68975  -35.135  -42.421  41.337 0.0000000000
71424  -35.767  -41.196  41.785 0.0000000000
69004  -35.000  -41.653  39.482 0.0000000000
70205  -34.948  -41.324  37.762 0.0000000000
55220  -18.681  -53.734  43.178 0.0000000000
65195  -31.261  -45.925  37.348 0.0000000000
65169  -32.170  -45.635  39.027 0.0000000000
65149  -32.919  -45.598  40.558 0.0000000000
66304  -33.849  -45.145  42.897 0.0000000000
66341  -33.730  -44.670  41.398 0.0000000000
67669  -34.245  -43.808  41.376 0.0000000000
77099  -38.987  -38.143  38.780 0.0000000000
77058  -40.406  -37.781  40.379 0.0000000000
75640  -40.390  -37.830  38.570 0.0000000000
77121  -41.313  -36.774  37.484 0.0000000000
78426  -41.901  -36.177  37.281 0.0000000000
91039  -48.746  -26.032  27.588 0.0000000000
88502  -49.695  -27.927  28.608 0.0000000000
89751  -51.277  -26.787  28.398 0.0000000000
89737  -52.566  -26.363  29.740 0.0000000000
93757  -55.913  -23.707  26.053 0.0000000000
43997  -9.193  -62.718  45.654 0.0000000000
42533  -9.476  -63.617  47.419 0.0000000000
75562  -34.546  -37.174  41.321 0.0000000000
77011  -34.603  -36.638  42.744 0.0000000000
78342  -34.297  -36.253  41.871 0.0000000000
79646  -34.470  -35.829  41.228 0.0000000000
79659  -34.599  -35.698  40.540 0.0000000000
78378  -35.668  -36.166  40.526 0.0000000000
78391  -34.754  -35.984  39.243 0.0000000000
78424  -34.237  -36.288  37.557 0.0000000000
77150  -33.235  -36.591  35.699 0.0000000000
56343  -23.115  -54.192  47.920 0.0000000000
55117  -23.226  -54.325  49.456 0.0000000000
55119  -25.053  -54.277  49.349 0.0000000000
55099  -26.374  -54.709  50.384 0.0000000000
53896  -29.770  -55.340  50.810 0.0000000000
57717  -25.408  -51.351  39.362 0.0000000000
57694  -25.905  -51.438  40.087 0.0000000000
62702  -30.339  -48.743  43.153 0.0000000000
61437  -29.300  -49.073  42.523 0.0000000000
61421  -30.541  -49.243  44.511 0.0000000000
60083  -30.753  -49.633  45.502 0.0000000000
58817  -31.494  -50.273  46.662 0.0000000000
57576  -32.396  -51.851  47.554 0.0000000000
60032  -32.235  -49.785  48.536 0.0000000000
52769  -14.471  -56.307  43.003 0.0000000000
52747  -14.462  -56.801  45.297 0.0000000000
51469  -14.443  -56.759  47.710 0.0000000000
51449  -13.928  -57.114  49.321 0.0000000000
51450  -14.555  -56.675  49.802 0.0000000000
81124  -41.814  -33.313  30.379 0.0000000000
81069  -41.836  -34.051  32.004 0.0000000000
82327  -43.034  -33.076  31.966 0.0000000000
83542  -44.138  -32.061  32.995 0.0000000000
83525  -44.799  -31.740  34.226 0.0000000000
92535  -50.447  -24.478  22.033 0.0000000000
91153  -51.418  -25.498  22.729 0.0000000000
92536  -51.348  -24.991  22.077 0.0000000000
93809  -58.633  -23.517  19.825 0.0000000000
92556  -59.157  -24.422  20.010 0.0000000000
93810  -59.214  -23.493  19.574 0.0000000000
93824  -59.499  -23.431  18.585 0.0000000000
47801  -11.222  -60.151  48.970 0.0000000000
46585  -10.398  -61.244  49.103 0.0000000000
75478  -35.887  -37.695  48.665 0.0000000000
74087  -36.192  -38.498  46.970 0.0000000000
74125  -36.277  -38.663  44.724 0.0000000000
74140  -35.812  -37.937  43.005 0.0000000000
71436  -36.037  -40.039  41.714 0.0000000000
74167  -35.880  -39.164  41.543 0.0000000000
75563  -35.209  -37.571  41.757 0.0000000000
74177  -34.668  -37.706  39.509 0.0000000000
75636  -33.076  -37.443  38.165 0.0000000000
53962  -17.000  -55.107  46.836 0.0000000000
53949  -17.697  -54.883  47.965 0.0000000000
55174  -17.935  -54.569  46.490 0.0000000000
55176  -19.080  -53.924  46.630 0.0000000000
55178  -20.500  -53.689  47.055 0.0000000000
56445  -19.131  -53.523  43.622 0.0000000000
56403  -20.515  -53.334  45.546 0.0000000000
56382  -21.252  -53.580  46.682 0.0000000000
56363  -23.234  -53.712  47.128 0.0000000000
56385  -24.390  -53.096  46.148 0.0000000000
56366  -25.899  -53.485  46.645 0.0000000000
62767  -27.738  -48.113  39.254 0.0000000000
62749  -29.061  -48.129  40.629 0.0000000000
63976  -30.348  -47.098  38.904 0.0000000000
62750  -30.078  -47.865  40.786 0.0000000000
62733  -29.612  -48.288  41.544 0.0000000000
62703  -31.184  -48.433  43.319 0.0000000000
63850  -32.076  -47.756  45.086 0.0000000000
62659  -33.442  -47.460  46.539 0.0000000000
62649  -34.275  -47.190  47.545 0.0000000000
63827  -34.471  -46.563  47.159 0.0000000000
65073  -34.609  -45.581  47.146 0.0000000000
67596  -34.896  -43.958  47.710 0.0000000000
67624  -34.447  -44.618  43.829 0.0000000000
67614  -34.961  -43.833  45.553 0.0000000000
68914  -35.174  -43.049  47.377 0.0000000000
70084  -35.873  -41.370  47.582 0.0000000000
53989  -15.719  -56.056  43.734 0.0000000000
79550  -40.777  -34.768  45.613 0.0000000000
79577  -42.197  -34.878  44.854 0.0000000000
79578  -43.240  -34.765  44.798 0.0000000000
79606  -43.739  -35.121  43.934 0.0000000000
77027  -42.262  -36.968  41.883 0.0000000000
78329  -44.070  -35.454  42.963 0.0000000000
87211  -45.015  -29.584  28.788 0.0000000000
85940  -45.989  -30.361  31.109 0.0000000000
85941  -46.627  -29.866  30.545 0.0000000000
87185  -47.926  -28.821  31.287 0.0000000000
88444  -48.695  -27.591  32.660 0.0000000000
89720  -50.169  -27.377  30.570 0.0000000000
89699  -49.792  -26.728  32.187 0.0000000000
75793  -37.078  -38.599  30.693 0.0000000000
75755  -38.701  -37.761  32.583 0.0000000000
75818  -37.995  -37.455  30.015 0.0000000000
78562  -38.526  -36.223  29.744 0.0000000000
79833  -39.688  -35.074  29.925 0.0000000000
81147  -39.959  -33.360  28.926 0.0000000000
83612  -41.085  -31.886  29.109 0.0000000000
84740  -41.802  -31.289  29.082 0.0000000000
85956  -42.171  -30.406  28.647 0.0000000000
85977  -43.221  -29.275  28.326 0.0000000000
87231  -44.697  -28.729  28.230 0.0000000000
88498  -45.364  -28.004  27.775 0.0000000000
89746  -45.948  -27.309  27.274 0.0000000000
91070  -44.245  -26.483  25.675 0.0000000000
91053  -45.430  -26.456  26.292 0.0000000000
89772  -47.105  -26.411  27.123 0.0000000000
91056  -47.735  -25.866  27.014 0.0000000000
92467  -48.598  -24.547  26.236 0.0000000000
93740  -49.929  -24.231  26.245 0.0000000000
93752  -51.045  -24.157  25.851 0.0000000000
92486  -49.659  -24.871  25.366 0.0000000000
91112  -49.061  -25.745  24.154 0.0000000000
91136  -48.780  -25.641  23.317 0.0000000000
92534  -49.320  -24.627  22.227 0.0000000000
45338  -10.001  -62.001  48.642 0.0000000000
43924  -9.337  -63.295  49.050 0.0000000000
41057  -8.618  -64.663  48.886 0.0000000000
41047  -7.563  -64.571  51.522 0.0000000000
39673  -7.913  -65.335  49.829 0.0000000000
39676  -8.098  -65.517  48.798 0.0000000000
38398  -6.906  -66.582  48.360 0.0000000000
38397  -6.279  -67.058  48.061 0.0000000000
38395  -4.883  -67.814  47.851 0.0000000000
35928  -4.298  -68.485  48.405 0.0000000000
80811  -39.623  -34.125  47.051 0.0000000000
79518  -35.574  -34.907  47.290 0.0000000000
78292  -34.993  -35.784  44.767 0.0000000000
80806  -35.650  -34.883  45.753 0.0000000000
80809  -37.583  -34.377  46.836 0.0000000000
80831  -38.186  -34.637  46.169 0.0000000000
79549  -39.790  -34.896  45.589 0.0000000000
78307  -39.038  -35.789  44.192 0.0000000000
78346  -39.284  -36.365  42.823 0.0000000000
77039  -38.739  -37.081  41.466 0.0000000000
78394  -36.529  -36.765  40.502 0.0000000000
77055  -37.223  -37.241  40.721 0.0000000000
77075  -38.078  -37.668  39.789 0.0000000000
75637  -37.987  -37.969  38.111 0.0000000000
75699  -37.222  -38.481  35.526 0.0000000000
74269  -36.921  -39.096  33.410 0.0000000000
78450  -30.630  -36.650  35.069 0.0000000000
78466  -31.604  -36.542  34.614 0.0000000000
77165  -32.335  -36.830  34.575 0.0000000000
77183  -32.546  -37.427  33.551 0.0000000000
75733  -33.319  -37.876  33.260 0.0000000000
75734  -34.567  -38.758  33.063 0.0000000000
74279  -35.094  -39.317  32.040 0.0000000000
74310  -36.248  -38.965  30.861 0.0000000000
55079  -23.335  -54.613  50.803 0.0000000000
57661  -21.623  -52.321  40.941 0.0000000000
57662  -22.608  -52.159  40.833 0.0000000000
57613  -22.820  -52.725  42.548 0.0000000000
56450  -24.472  -52.920  43.449 0.0000000000
56408  -25.656  -53.136  45.140 0.0000000000
56388  -27.178  -53.415  45.851 0.0000000000
61512  -26.043  -49.055  39.143 0.0000000000
58905  -27.136  -50.632  40.522 0.0000000000
57667  -27.383  -51.478  41.079 0.0000000000
58855  -28.897  -50.115  42.790 0.0000000000
57669  -28.520  -51.396  41.978 0.0000000000
57640  -27.586  -52.172  42.107 0.0000000000
56432  -28.097  -52.938  44.131 0.0000000000
56389  -27.997  -53.431  45.643 0.0000000000
55180  -27.888  -53.660  46.415 0.0000000000
53965  -30.132  -54.440  48.226 0.0000000000
53939  -31.208  -54.682  49.176 0.0000000000
46637  -10.853  -60.310  44.656 0.0000000000
46624  -11.495  -60.228  45.633 0.0000000000
51548  -12.311  -57.869  42.871 0.0000000000
50322  -11.621  -58.237  43.018 0.0000000000
49038  -11.969  -59.082  44.425 0.0000000000
49031  -12.103  -59.382  45.599 0.0000000000
47807  -11.644  -59.944  47.108 0.0000000000
47802  -11.754  -59.713  48.424 0.0000000000
51438  -13.908  -57.077  50.360 0.0000000000
77186  -39.911  -36.876  33.478 0.0000000000
78454  -41.180  -36.246  35.219 0.0000000000
78442  -42.584  -35.201  36.332 0.0000000000
79746  -42.432  -34.276  34.071 0.0000000000
79715  -43.055  -34.807  35.916 0.0000000000
79686  -43.957  -35.132  37.978 0.0000000000
80951  -45.756  -34.255  38.631 0.0000000000
84706  -45.467  -30.881  31.814 0.0000000000
84678  -45.527  -30.552  33.620 0.0000000000
83504  -46.514  -31.227  35.436 0.0000000000
93753  -52.000  -24.057  26.047 0.0000000000
92490  -53.530  -25.050  26.257 0.0000000000
91074  -55.147  -25.333  26.062 0.0000000000
91140  -52.661  -25.894  23.631 0.0000000000
91118  -54.762  -26.149  24.861 0.0000000000
91120  -56.535  -25.935  25.224 0.0000000000
89802  -57.816  -26.342  24.488 0.0000000000
91144  -58.928  -26.437  24.287 0.0000000000
91174  -55.340  -25.341  20.488 0.0000000000
89841  -57.035  -26.466  20.972 0.0000000000
88553  -58.316  -27.346  21.902 0.0000000000
89848  -60.221  -26.533  19.603 0.0000000000
67734  -33.504  -43.763  37.576 0.0000000000
67756  -33.941  -43.136  37.142 0.0000000000
66420  -32.363  -44.855  37.537 0.0000000000
66421  -32.878  -44.233  37.182 0.0000000000
66402  -33.808  -43.738  38.978 0.0000000000
74270  -37.619  -38.748  33.515 0.0000000000
75720  -38.635  -38.192  34.706 0.0000000000
75754  -38.129  -38.348  33.040 0.0000000000
94829  -51.055  -23.496  26.653 0.0000000000
93731  -51.443  -23.716  27.366 0.0000000000
94830  -51.691  -23.084  27.153 0.0000000000
95928  -53.039  -22.750  27.645 0.0000000000
95966  -52.214  -22.720  26.708 0.0000000000
95967  -52.920  -22.693  26.852 0.0000000000
95986  -52.343  -22.873  26.424 0.0000000000
46601  -10.900  -60.735  47.394 0.0000000000
78404  -32.367  -36.794  37.813 0.0000000000
78389  -33.294  -36.601  38.612 0.0000000000
78405  -32.719  -36.518  37.835 0.0000000000
78422  -32.546  -36.045  37.369 0.0000000000
78436  -31.489  -35.972  36.374 0.0000000000
53908  -17.410  -55.409  49.322 0.0000000000
56347  -26.403  -53.843  47.103 0.0000000000
55144  -26.703  -54.221  48.031 0.0000000000
55145  -27.983  -54.357  48.390 0.0000000000
62658  -32.846  -47.826  46.570 0.0000000000
62647  -32.797  -48.138  47.413 0.0000000000
52713  -16.692  -55.669  49.079 0.0000000000
84742  -43.576  -30.805  29.481 0.0000000000
84725  -43.847  -31.413  30.065 0.0000000000
70124  -35.740  -41.340  44.659 0.0000000000
71403  -35.944  -40.706  43.895 0.0000000000
71466  -34.824  -40.361  37.262 0.0000000000
55219  -18.018  -54.277  42.801 0.0000000000
56469  -20.927  -52.852  42.430 0.0000000000
56447  -21.130  -52.990  43.170 0.0000000000
56448  -22.327  -53.015  43.413 0.0000000000
65136  -32.467  -46.295  41.056 0.0000000000
63917  -32.215  -46.556  41.584 0.0000000000
63899  -32.616  -46.433  42.449 0.0000000000
63883  -32.643  -46.693  43.183 0.0000000000
65115  -33.086  -46.161  43.109 0.0000000000
65106  -33.678  -45.896  43.838 0.0000000000
65116  -33.549  -45.650  43.028 0.0000000000
70132  -35.393  -42.187  43.506 0.0000000000
70123  -35.502  -42.146  44.377 0.0000000000
54015  -17.157  -54.727  43.028 0.0000000000
54002  -16.641  -55.013  43.523 0.0000000000
77040  -40.043  -36.827  41.685 0.0000000000
77025  -40.669  -36.443  42.318 0.0000000000
78395  -42.904  -36.302  38.744 0.0000000000
77080  -43.217  -36.450  39.400 0.0000000000
78396  -43.555  -35.936  39.084 0.0000000000
78397  -44.103  -35.638  39.516 0.0000000000
79675  -44.063  -35.401  38.789 0.0000000000
88500  -47.400  -27.742  27.993 0.0000000000
87234  -47.887  -28.496  28.475 0.0000000000
92391  -51.742  -24.890  32.588 0.0000000000
92506  -46.744  -25.621  25.025 0.0000000000
91110  -47.113  -25.684  24.243 0.0000000000
42545  -8.795  -64.111  46.662 0.0000000000
42544  -8.194  -64.423  46.314 0.0000000000
41072  -7.932  -64.955  46.619 0.0000000000
41064  -8.278  -65.146  47.410 0.0000000000
45308  -8.616  -62.553  52.035 0.0000000000
35908  -5.940  -68.025  50.152 0.0000000000
75535  -35.475  -37.212  43.904 0.0000000000
75521  -35.727  -37.023  44.939 0.0000000000
79600  -35.473  -35.203  43.693 0.0000000000
79601  -36.269  -35.279  44.002 0.0000000000
79629  -36.518  -35.922  43.019 0.0000000000
79649  -36.090  -36.112  42.017 0.0000000000
77151  -34.224  -37.316  35.702 0.0000000000
77152  -34.762  -37.443  35.967 0.0000000000
75697  -35.040  -37.758  35.637 0.0000000000
75716  -34.215  -37.871  34.415 0.0000000000
55138  -21.327  -54.005  48.470 0.0000000000
55139  -22.108  -54.148  48.441 0.0000000000
57665  -25.257  -51.964  40.874 0.0000000000
57616  -25.954  -52.448  42.619 0.0000000000
62713  -28.073  -48.679  41.474 0.0000000000
57591  -30.852  -51.492  45.192 0.0000000000
57598  -30.436  -51.417  44.561 0.0000000000
56413  -30.718  -52.245  45.175 0.0000000000
67588  -34.863  -44.148  48.724 0.0000000000
51448  -13.397  -57.477  48.854 0.0000000000
78547  -40.721  -35.305  30.954 0.0000000000
78527  -40.664  -35.646  31.395 0.0000000000
79806  -40.974  -35.040  31.326 0.0000000000
82231  -44.966  -32.449  35.058 0.0000000000
82230  -44.339  -33.029  35.037 0.0000000000
80990  -46.024  -33.414  36.294 0.0000000000
80991  -47.112  -33.069  36.429 0.0000000000
87155  -47.859  -28.572  33.495 0.0000000000
87141  -47.930  -28.946  34.284 0.0000000000
91137  -49.748  -25.726  23.375 0.0000000000
91114  -50.890  -25.981  24.397 0.0000000000
91138  -50.687  -25.839  23.461 0.0000000000
91157  -55.527  -26.296  22.461 0.0000000000
92555  -58.315  -24.573  19.936 0.0000000000
92561  -57.728  -25.053  19.876 0.0000000000
89843  -58.591  -26.423  20.472 0.0000000000
89844  -59.302  -26.244  20.384 0.0000000000
91178  -59.610  -25.352  20.118 0.0000000000
67690  -34.854  -42.831  40.867 0.0000000000
68987  -34.944  -42.353  40.357 0.0000000000
69020  -34.894  -41.897  38.597 0.0000000000
70215  -34.494  -41.432  36.836 0.0000000000
66400  -32.335  -45.072  38.249 0.0000000000
65160  -32.832  -45.297  39.824 0.0000000000
65159  -32.571  -45.819  39.951 0.0000000000
66340  -33.202  -45.252  41.138 0.0000000000
66362  -33.213  -44.922  40.532 0.0000000000
67689  -34.438  -43.358  40.415 0.0000000000
67670  -34.826  -43.127  41.377 0.0000000000
75638  -38.767  -38.045  38.213 0.0000000000
75639  -39.557  -38.091  38.531 0.0000000000
75663  -39.351  -38.041  37.591 0.0000000000
77153  -39.980  -37.425  35.645 0.0000000000
77120  -40.542  -37.399  37.757 0.0000000000
77137  -40.666  -36.970  36.557 0.0000000000
77138  -41.399  -36.459  36.699 0.0000000000
91040  -49.746  -25.828  27.563 0.0000000000
89750  -50.290  -26.887  28.034 0.0000000000
91041  -50.862  -25.925  27.908 0.0000000000
92425  -52.836  -25.145  29.124 0.0000000000
91015  -53.207  -25.406  30.552 0.0000000000
92409  -53.528  -24.881  30.219 0.0000000000
95989  -55.745  -22.633  26.617 0.0000000000
94865  -56.191  -22.973  26.434 0.0000000000
94864  -55.346  -23.143  26.287 0.0000000000
45358  -9.899  -62.304  46.405 0.0000000000
45375  -9.532  -61.708  45.365 0.0000000000
43973  -9.486  -63.281  46.357 0.0000000000
43956  -9.816  -63.048  47.103 0.0000000000
75576  -34.383  -37.254  40.484 0.0000000000
77024  -34.210  -36.868  41.851 0.0000000000
77037  -34.076  -36.834  40.796 0.0000000000
78377  -33.914  -36.390  39.836 0.0000000000
78362  -34.127  -36.315  40.700 0.0000000000
79658  -34.244  -36.004  40.185 0.0000000000
79647  -34.835  -35.472  41.579 0.0000000000
79674  -34.812  -35.855  39.963 0.0000000000
79673  -34.348  -35.906  39.518 0.0000000000
78438  -33.370  -36.180  36.548 0.0000000000
77133  -34.061  -36.673  36.748 0.0000000000
56344  -23.975  -54.066  47.752 0.0000000000
55141  -23.667  -54.307  48.617 0.0000000000
55142  -24.571  -54.201  48.527 0.0000000000
55102  -29.247  -55.006  49.773 0.0000000000
53919  -29.014  -55.297  50.321 0.0000000000
53920  -29.469  -55.133  50.086 0.0000000000
58919  -25.329  -50.736  38.711 0.0000000000
58920  -25.854  -50.679  39.427 0.0000000000
62688  -30.581  -48.978  43.942 0.0000000000
62645  -31.930  -48.929  46.828 0.0000000000
62655  -31.289  -49.114  45.661 0.0000000000
61390  -31.520  -49.293  46.278 0.0000000000
60084  -30.943  -49.801  46.024 0.0000000000
60065  -31.414  -49.837  46.670 0.0000000000
60066  -31.628  -50.037  47.054 0.0000000000
61363  -31.974  -49.490  47.492 0.0000000000
61338  -32.865  -49.334  49.243 0.0000000000
52758  -15.039  -56.397  44.080 0.0000000000
52748  -15.462  -56.403  45.291 0.0000000000
51461  -14.535  -56.725  48.737 0.0000000000
52720  -15.180  -56.231  49.211 0.0000000000
52703  -16.068  -55.955  50.872 0.0000000000
82357  -42.093  -32.684  30.142 0.0000000000
81125  -42.232  -33.357  30.945 0.0000000000
82358  -42.730  -32.786  30.794 0.0000000000
83559  -44.177  -31.950  32.058 0.0000000000
82303  -43.511  -32.502  32.517 0.0000000000
83543  -44.406  -31.653  33.461 0.0000000000
94909  -58.241  -22.586  19.941 0.0000000000
94910  -58.792  -22.600  19.654 0.0000000000
47796  -11.268  -60.188  49.813 0.0000000000
46555  -9.317  -61.465  52.616 0.0000000000
72660  -36.152  -39.513  47.579 0.0000000000
74068  -36.129  -38.587  48.109 0.0000000000
72713  -36.249  -39.662  44.293 0.0000000000
74141  -36.147  -38.695  43.333 0.0000000000
70174  -35.495  -41.327  40.324 0.0000000000
71435  -35.838  -40.709  41.192 0.0000000000
71443  -35.693  -40.359  40.265 0.0000000000
72765  -35.402  -39.140  38.950 0.0000000000
74166  -35.599  -38.550  41.176 0.0000000000
75577  -35.021  -37.622  40.735 0.0000000000
74192  -33.592  -37.604  38.558 0.0000000000
53974  -17.545  -54.825  46.431 0.0000000000
55190  -18.559  -54.081  45.854 0.0000000000
55191  -19.155  -53.688  45.745 0.0000000000
55177  -19.827  -53.726  46.920 0.0000000000
56380  -19.592  -53.623  46.258 0.0000000000
56383  -22.404  -53.489  46.407 0.0000000000
56406  -23.699  -53.115  45.317 0.0000000000
56365  -25.061  -53.413  46.835 0.0000000000
56386  -25.321  -53.173  46.012 0.0000000000
62790  -28.456  -47.900  38.417 0.0000000000
62748  -28.015  -48.064  40.441 0.0000000000
64002  -30.909  -46.603  38.035 0.0000000000
63933  -30.908  -47.536  41.116 0.0000000000
62734  -30.533  -48.116  41.575 0.0000000000
62716  -30.569  -48.417  42.404 0.0000000000
62717  -31.260  -48.181  42.881 0.0000000000
63866  -32.869  -46.887  44.078 0.0000000000
63865  -32.102  -47.348  44.214 0.0000000000
63836  -32.906  -47.536  45.847 0.0000000000
63837  -33.813  -46.945  46.021 0.0000000000
66246  -34.426  -45.381  45.331 0.0000000000
65085  -34.513  -45.433  46.249 0.0000000000
66229  -34.695  -44.711  46.968 0.0000000000
67636  -34.310  -44.530  43.191 0.0000000000
68924  -35.275  -42.976  46.282 0.0000000000
68903  -35.508  -42.275  48.052 0.0000000000
71368  -36.009  -40.422  47.065 0.0000000000
54001  -16.025  -55.553  43.179 0.0000000000
53982  -16.963  -55.110  45.172 0.0000000000
79575  -40.369  -35.198  44.850 0.0000000000
79576  -41.262  -35.005  44.914 0.0000000000
79603  -40.888  -35.317  44.388 0.0000000000
79605  -42.621  -35.263  44.085 0.0000000000
77059  -41.599  -37.569  40.344 0.0000000000
77041  -41.320  -37.251  41.301 0.0000000000
77042  -42.288  -37.252  41.080 0.0000000000
78350  -43.487  -36.464  42.047 0.0000000000
78351  -44.580  -35.587  42.231 0.0000000000
78330  -44.675  -35.149  42.800 0.0000000000
79631  -45.129  -34.939  42.453 0.0000000000
79632  -45.826  -34.501  42.781 0.0000000000
79664  -46.147  -34.527  41.379 0.0000000000
87212  -45.642  -29.667  28.951 0.0000000000
85959  -45.587  -30.330  29.707 0.0000000000
85978  -46.125  -29.640  29.028 0.0000000000
87203  -48.217  -29.061  30.061 0.0000000000
85942  -47.470  -29.488  30.339 0.0000000000
87186  -48.581  -28.333  31.022 0.0000000000
88455  -48.119  -28.086  32.172 0.0000000000
88456  -48.699  -27.857  31.520 0.0000000000
88488  -50.502  -27.630  29.441 0.0000000000
37177  -3.014  -68.054  46.680 0.0000000000
79854  -38.499  -34.958  29.112 0.0000000000
79832  -38.901  -35.487  29.921 0.0000000000
82381  -40.187  -32.638  28.615 0.0000000000
82382  -40.640  -32.598  29.075 0.0000000000
84739  -40.800  -31.227  28.492 0.0000000000
85955  -41.299  -30.636  28.431 0.0000000000
84741  -42.676  -30.865  29.244 0.0000000000
85976  -42.475  -29.579  28.255 0.0000000000
87210  -44.022  -29.418  28.558 0.0000000000
87230  -43.706  -28.710  28.022 0.0000000000
88497  -44.303  -28.005  27.510 0.0000000000
89745  -45.077  -27.370  27.146 0.0000000000
88499  -46.378  -27.918  27.891 0.0000000000
91072  -46.100  -26.141  25.911 0.0000000000
91071  -45.211  -26.240  25.802 0.0000000000
91054  -46.131  -26.381  26.383 0.0000000000
89771  -46.392  -26.642  26.903 0.0000000000
91055  -46.849  -26.048  26.507 0.0000000000
92453  -46.994  -25.769  26.290 0.0000000000
92466  -47.913  -25.211  26.084 0.0000000000
93738  -48.567  -24.554  25.855 0.0000000000
93739  -49.118  -24.047  26.022 0.0000000000
93750  -49.082  -24.393  25.619 0.0000000000
93751  -50.035  -24.352  25.874 0.0000000000
92485  -48.891  -24.950  25.287 0.0000000000
91111  -48.112  -25.678  24.121 0.0000000000
39692  -6.492  -65.675  46.080 0.0000000000
45329  -9.976  -61.842  49.646 0.0000000000
43910  -8.690  -63.361  50.604 0.0000000000
42503  -8.882  -63.871  49.527 0.0000000000
42516  -9.183  -64.013  48.527 0.0000000000
41054  -8.523  -64.455  49.622 0.0000000000
42479  -7.619  -64.007  52.299 0.0000000000
39667  -6.732  -65.842  50.589 0.0000000000
39668  -7.412  -65.354  50.422 0.0000000000
39672  -7.242  -66.059  49.533 0.0000000000
39675  -7.423  -66.193  48.542 0.0000000000
38393  -7.083  -66.522  48.908 0.0000000000
37166  -5.124  -67.353  49.020 0.0000000000
38391  -5.658  -67.329  48.609 0.0000000000
38396  -5.323  -67.486  47.645 0.0000000000
38390  -4.941  -67.649  48.342 0.0000000000
37169  -4.542  -68.169  47.891 0.0000000000
34603  -5.229  -69.111  48.936 0.0000000000
80770  -39.516  -33.243  48.552 0.0000000000
80790  -40.079  -33.651  47.834 0.0000000000
75493  -35.996  -37.569  47.531 0.0000000000
76974  -35.185  -36.169  45.927 0.0000000000
76962  -35.330  -36.071  46.692 0.0000000000
78271  -35.377  -35.450  46.991 0.0000000000
76997  -34.761  -36.295  43.695 0.0000000000
78305  -34.781  -35.817  44.017 0.0000000000
80827  -35.565  -35.184  44.862 0.0000000000
80785  -35.776  -34.658  46.709 0.0000000000
80807  -35.971  -34.459  46.127 0.0000000000
80808  -36.649  -34.486  46.539 0.0000000000
79547  -37.799  -35.013  45.400 0.0000000000
80832  -39.188  -34.494  46.243 0.0000000000
79548  -38.788  -34.946  45.503 0.0000000000
79574  -39.388  -35.299  44.862 0.0000000000
78344  -37.597  -36.629  42.543 0.0000000000
78324  -38.727  -36.156  43.437 0.0000000000
78345  -38.440  -36.547  42.699 0.0000000000
78366  -39.047  -36.723  42.154 0.0000000000
78365  -38.092  -36.971  41.857 0.0000000000
78392  -35.302  -36.096  39.738 0.0000000000
78379  -36.248  -36.428  40.972 0.0000000000
78393  -36.042  -36.573  39.956 0.0000000000
77117  -35.873  -37.620  37.541 0.0000000000
77074  -36.830  -37.219  40.057 0.0000000000
77097  -37.072  -37.807  38.607 0.0000000000
77098  -38.359  -37.957  38.841 0.0000000000
75661  -37.318  -38.137  37.459 0.0000000000
75681  -36.825  -38.192  36.450 0.0000000000
75718  -36.599  -38.701  34.321 0.0000000000
75736  -36.385  -38.969  33.550 0.0000000000
78451  -31.469  -36.041  35.427 0.0000000000
78465  -30.726  -36.676  34.334 0.0000000000
77182  -31.510  -36.995  33.487 0.0000000000
75751  -32.300  -38.007  32.304 0.0000000000
75752  -33.311  -38.611  32.025 0.0000000000
74295  -35.704  -39.300  31.354 0.0000000000
53950  -18.503  -54.653  48.202 0.0000000000
53934  -18.707  -54.769  49.182 0.0000000000
53951  -19.139  -54.493  48.619 0.0000000000
53912  -21.056  -54.417  50.175 0.0000000000
55097  -24.520  -54.465  50.118 0.0000000000
55096  -23.623  -54.499  50.328 0.0000000000
53915  -24.160  -54.576  50.597 0.0000000000
57637  -24.535  -52.212  41.731 0.0000000000
57663  -23.430  -51.977  40.637 0.0000000000
57636  -23.376  -52.313  41.562 0.0000000000
56449  -23.420  -52.968  43.454 0.0000000000
56430  -26.045  -52.961  44.261 0.0000000000
56429  -25.055  -53.065  44.316 0.0000000000
56387  -26.224  -53.309  45.882 0.0000000000
56409  -26.627  -53.118  45.066 0.0000000000
60191  -27.307  -49.782  40.879 0.0000000000
60190  -26.745  -49.804  40.306 0.0000000000
58886  -27.565  -50.441  41.121 0.0000000000
58887  -28.041  -50.817  41.353 0.0000000000
60117  -29.704  -49.422  43.499 0.0000000000
60135  -28.910  -49.426  42.444 0.0000000000
60137  -29.550  -49.865  43.563 0.0000000000
56456  -29.702  -51.688  43.701 0.0000000000
57642  -29.037  -51.273  42.391 0.0000000000
56471  -28.812  -52.065  42.691 0.0000000000
57641  -28.386  -51.845  42.198 0.0000000000
56470  -28.137  -52.268  42.708 0.0000000000
56453  -27.523  -52.684  43.166 0.0000000000
56454  -28.527  -52.525  43.328 0.0000000000
56390  -29.948  -53.434  46.079 0.0000000000
56411  -28.682  -53.263  45.076 0.0000000000
55192  -28.601  -53.588  45.890 0.0000000000
55181  -29.097  -53.799  46.691 0.0000000000
55166  -28.821  -54.046  47.760 0.0000000000
55167  -29.975  -54.270  47.652 0.0000000000
55148  -31.668  -54.103  48.378 0.0000000000
55168  -31.069  -54.266  47.754 0.0000000000
55125  -31.939  -54.210  48.972 0.0000000000
57567  -32.684  -51.219  48.525 0.0000000000
57568  -32.630  -52.050  48.294 0.0000000000
57559  -33.023  -51.664  49.256 0.0000000000
63816  -34.664  -46.755  48.153 0.0000000000
47822  -11.210  -60.131  44.694 0.0000000000
51550  -13.850  -57.139  43.517 0.0000000000
50304  -12.963  -58.278  45.106 0.0000000000
50323  -12.454  -58.171  43.324 0.0000000000
50312  -12.131  -58.532  43.694 0.0000000000
49049  -11.697  -58.731  43.655 0.0000000000
49039  -12.593  -58.640  44.753 0.0000000000
49025  -12.383  -58.955  46.272 0.0000000000
49024  -12.020  -59.481  46.393 0.0000000000
49015  -12.130  -59.208  46.931 0.0000000000
80815  -43.856  -33.466  46.768 0.0000000000
75772  -38.637  -37.477  31.612 0.0000000000
77185  -39.232  -37.388  33.021 0.0000000000
77203  -39.216  -36.994  32.376 0.0000000000
77187  -40.614  -36.414  33.855 0.0000000000
78470  -41.098  -36.085  34.276 0.0000000000
78441  -41.878  -35.859  36.153 0.0000000000
78455  -41.675  -35.585  34.964 0.0000000000
81070  -42.441  -33.521  32.461 0.0000000000
81048  -42.075  -33.989  32.825 0.0000000000
81049  -42.555  -33.670  33.413 0.0000000000
81010  -43.953  -33.914  35.469 0.0000000000
79730  -43.024  -34.439  35.014 0.0000000000
79716  -43.705  -34.617  36.267 0.0000000000
79700  -43.196  -34.968  36.761 0.0000000000
79701  -43.936  -34.662  37.276 0.0000000000
79702  -44.290  -34.767  37.841 0.0000000000
80968  -44.764  -34.471  37.671 0.0000000000
80952  -46.709  -33.825  38.363 0.0000000000
80940  -47.540  -33.390  39.201 0.0000000000
85920  -45.961  -30.140  32.195 0.0000000000
85877  -46.784  -30.077  34.605 0.0000000000
85891  -46.185  -30.217  33.937 0.0000000000
85876  -46.336  -30.341  34.343 0.0000000000
84661  -46.050  -30.741  34.462 0.0000000000
84646  -46.437  -30.973  35.037 0.0000000000
92488  -51.536  -24.880  25.670 0.0000000000
92489  -52.503  -24.976  25.980 0.0000000000
92491  -54.686  -25.060  26.279 0.0000000000
91094  -54.063  -25.941  25.868 0.0000000000
91139  -51.649  -25.926  23.523 0.0000000000
91142  -54.732  -26.160  24.061 0.0000000000
91143  -55.108  -26.175  24.500 0.0000000000
91119  -55.536  -26.122  24.962 0.0000000000
91121  -57.590  -25.683  25.232 0.0000000000
89801  -56.989  -26.421  24.636 0.0000000000
89814  -58.410  -26.676  23.862 0.0000000000
89815  -59.381  -26.859  23.946 0.0000000000
89824  -58.723  -27.256  22.904 0.0000000000
91168  -56.505  -26.308  21.066 0.0000000000
88562  -58.784  -27.244  21.087 0.0000000000
88561  -58.235  -27.114  21.341 0.0000000000
88554  -59.096  -27.596  22.045 0.0000000000
88555  -59.683  -28.043  22.226 0.0000000000
92557  -59.801  -24.462  19.492 0.0000000000
91179  -60.082  -25.495  19.679 0.0000000000
67712  -34.268  -43.332  39.421 0.0000000000
69003  -34.683  -42.597  39.343 0.0000000000
65196  -31.716  -45.215  36.870 0.0000000000
66381  -33.273  -44.679  39.694 0.0000000000
75700  -38.254  -38.392  35.622 0.0000000000
75701  -39.255  -38.136  35.681 0.0000000000
75721  -39.451  -37.730  34.746 0.0000000000
92457  -50.462  -24.425  27.261 0.0000000000
93710  -51.121  -24.291  27.489 0.0000000000
93711  -51.958  -23.849  27.750 0.0000000000
95929  -53.591  -22.656  28.160 0.0000000000
95944  -54.305  -22.405  27.603 0.0000000000
97145  -55.781  -22.368  27.459 0.0000000000
95968  -53.932  -22.600  26.994 0.0000000000
94862  -53.648  -23.392  26.378 0.0000000000
46636  -10.173  -60.414  44.676 0.0000000000
45392  -9.547  -60.907  44.881 0.0000000000
46622  -10.195  -60.970  45.475 0.0000000000
77072  -33.230  -37.093  38.852 0.0000000000
77053  -33.722  -37.006  39.892 0.0000000000
78390  -33.622  -36.413  39.202 0.0000000000
79671  -33.557  -36.254  38.699 0.0000000000
79685  -34.006  -35.918  38.924 0.0000000000
79696  -33.300  -36.033  38.009 0.0000000000
55143  -25.498  -54.069  48.415 0.0000000000
55122  -28.257  -54.643  49.342 0.0000000000
55123  -29.316  -54.705  49.287 0.0000000000
62673  -31.982  -48.025  45.636 0.0000000000
62672  -31.540  -48.431  45.131 0.0000000000
61376  -32.190  -48.975  47.417 0.0000000000
61364  -32.248  -49.321  47.960 0.0000000000
62634  -32.373  -48.888  47.955 0.0000000000
61351  -32.748  -48.977  49.036 0.0000000000
52730  -15.812  -55.894  47.455 0.0000000000
83595  -43.299  -32.037  30.230 0.0000000000
82359  -43.581  -32.350  30.846 0.0000000000
83597  -44.374  -31.883  30.911 0.0000000000
83560  -44.593  -31.637  31.814 0.0000000000
71381  -36.004  -40.405  46.016 0.0000000000
72729  -36.212  -39.880  43.375 0.0000000000
70195  -35.018  -40.962  38.968 0.0000000000
71450  -35.462  -40.128  39.415 0.0000000000
71459  -35.353  -39.932  38.656 0.0000000000
72774  -35.197  -39.463  38.558 0.0000000000
72764  -34.962  -38.699  38.651 0.0000000000
74194  -35.082  -38.447  38.965 0.0000000000
74204  -34.187  -38.536  37.690 0.0000000000
53992  -17.431  -54.653  44.730 0.0000000000
55200  -18.752  -53.756  44.871 0.0000000000
56446  -19.989  -53.265  43.410 0.0000000000
56428  -24.047  -53.064  44.370 0.0000000000
63954  -31.590  -46.548  40.013 0.0000000000
63934  -31.487  -46.903  40.863 0.0000000000
63916  -31.483  -47.212  41.734 0.0000000000
63897  -31.401  -47.717  42.508 0.0000000000
63852  -33.584  -46.653  44.932 0.0000000000
63867  -33.499  -46.429  44.238 0.0000000000
65097  -33.955  -45.985  44.734 0.0000000000
68943  -35.243  -42.987  43.888 0.0000000000
68925  -35.619  -42.093  45.941 0.0000000000
70114  -35.802  -41.252  45.559 0.0000000000
53991  -16.805  -54.992  44.384 0.0000000000
78326  -40.732  -35.756  43.727 0.0000000000
78348  -41.150  -36.120  42.782 0.0000000000
78349  -42.180  -36.293  42.603 0.0000000000
77079  -42.590  -36.986  39.258 0.0000000000
77060  -42.514  -37.293  40.214 0.0000000000
77061  -43.286  -36.874  40.045 0.0000000000
79650  -45.166  -35.215  41.551 0.0000000000
79662  -45.029  -35.272  40.594 0.0000000000
79677  -45.320  -34.903  40.187 0.0000000000
80938  -45.677  -34.545  39.815 0.0000000000
85979  -46.662  -29.322  28.742 0.0000000000
87213  -47.389  -29.141  28.906 0.0000000000
87214  -48.176  -28.904  29.165 0.0000000000
88486  -49.176  -28.181  30.176 0.0000000000
91013  -51.748  -25.978  30.997 0.0000000000
91012  -50.995  -25.910  31.243 0.0000000000
90998  -51.516  -25.402  31.835 0.0000000000
92513  -58.563  -25.635  25.589 0.0000000000
83611  -40.335  -31.899  28.493 0.0000000000
88518  -42.468  -28.027  27.187 0.0000000000
88496  -43.268  -28.217  27.533 0.0000000000
89768  -44.035  -26.957  26.455 0.0000000000
91090  -45.844  -26.071  25.342 0.0000000000
92464  -46.438  -25.902  25.838 0.0000000000
92465  -46.801  -25.703  26.054 0.0000000000
92482  -46.462  -25.810  25.569 0.0000000000
41071  -7.189  -65.242  46.187 0.0000000000
45310  -9.534  -61.932  51.294 0.0000000000
43903  -9.047  -62.638  51.046 0.0000000000
43902  -8.654  -63.103  51.281 0.0000000000
42494  -8.428  -63.957  50.710 0.0000000000
39658  -6.635  -65.140  52.347 0.0000000000
38388  -6.274  -66.754  49.906 0.0000000000
37162  -5.706  -67.211  49.672 0.0000000000
37153  -4.971  -67.910  49.412 0.0000000000
35912  -4.419  -68.221  49.196 0.0000000000
34596  -5.261  -68.410  49.439 0.0000000000
35922  -6.146  -69.153  49.338 0.0000000000
75522  -36.153  -37.840  45.195 0.0000000000
75507  -35.533  -36.621  45.712 0.0000000000
76986  -35.142  -36.281  45.087 0.0000000000
79626  -34.738  -35.605  42.519 0.0000000000
79598  -34.861  -35.520  43.638 0.0000000000
79599  -35.034  -35.267  43.481 0.0000000000
80850  -35.623  -35.034  44.436 0.0000000000
80851  -36.025  -34.933  44.659 0.0000000000
80829  -36.404  -34.727  45.515 0.0000000000
79571  -36.553  -35.044  44.917 0.0000000000
79572  -37.302  -35.390  44.617 0.0000000000
78306  -38.073  -35.912  44.057 0.0000000000
79630  -37.148  -36.340  43.043 0.0000000000
77116  -34.821  -36.843  37.820 0.0000000000
75660  -36.508  -37.986  37.144 0.0000000000
75680  -35.899  -37.880  36.493 0.0000000000
55136  -19.755  -54.194  48.363 0.0000000000
55113  -20.231  -54.182  48.996 0.0000000000
55114  -20.941  -54.186  49.206 0.0000000000
55093  -21.380  -54.249  49.610 0.0000000000
55094  -21.855  -54.279  49.869 0.0000000000
53893  -25.553  -55.218  51.359 0.0000000000
53892  -24.706  -54.991  51.386 0.0000000000
57692  -23.979  -51.870  39.896 0.0000000000
57615  -24.956  -52.375  42.665 0.0000000000
56452  -26.461  -52.797  43.357 0.0000000000
62747  -27.164  -48.380  39.973 0.0000000000
61476  -27.730  -49.089  41.188 0.0000000000
60154  -28.050  -49.807  41.731 0.0000000000
58833  -30.329  -50.220  44.619 0.0000000000
58842  -29.831  -50.471  43.867 0.0000000000
58843  -30.264  -50.826  44.384 0.0000000000
57597  -29.933  -51.298  44.017 0.0000000000
56433  -29.136  -52.708  44.183 0.0000000000
56369  -31.842  -53.180  47.603 0.0000000000
56348  -32.130  -53.520  48.270 0.0000000000
51503  -13.785  -57.345  45.465 0.0000000000
51502  -13.362  -57.843  45.563 0.0000000000
49016  -12.577  -58.672  47.088 0.0000000000
49009  -12.713  -58.523  48.055 0.0000000000
52690  -15.323  -56.400  52.484 0.0000000000
51430  -14.574  -56.710  51.931 0.0000000000
78525  -39.402  -36.279  31.205 0.0000000000
77204  -39.855  -36.574  32.449 0.0000000000
78507  -40.709  -35.875  32.147 0.0000000000
78490  -41.407  -35.247  33.241 0.0000000000
82257  -43.612  -33.063  34.431 0.0000000000
81029  -43.129  -33.709  34.307 0.0000000000
80989  -44.971  -33.894  36.535 0.0000000000
80953  -47.606  -33.494  38.152 0.0000000000
87172  -47.132  -29.098  32.089 0.0000000000
85909  -46.466  -29.485  32.598 0.0000000000
87140  -47.272  -29.264  33.941 0.0000000000
92510  -50.235  -25.478  24.988 0.0000000000
91091  -51.160  -25.577  25.185 0.0000000000
89820  -55.120  -26.293  23.612 0.0000000000
89812  -56.353  -26.615  23.917 0.0000000000
89821  -55.682  -26.429  23.179 0.0000000000
89822  -56.612  -26.689  22.970 0.0000000000
93807  -56.898  -23.493  20.058 0.0000000000
92554  -57.314  -24.636  19.849 0.0000000000
91182  -57.433  -25.350  19.952 0.0000000000
89842  -57.692  -26.424  20.560 0.0000000000
88573  -59.404  -27.159  20.565 0.0000000000
92563  -60.315  -24.572  18.909 0.0000000000
91183  -60.374  -25.524  19.172 0.0000000000
91185  -60.353  -25.500  18.457 0.0000000000
70142  -35.284  -42.162  42.767 0.0000000000
70143  -35.667  -41.462  43.077 0.0000000000
70154  -35.398  -41.790  42.110 0.0000000000
70165  -35.563  -41.700  41.167 0.0000000000
71458  -35.182  -40.531  38.170 0.0000000000
56485  -19.525  -53.121  41.210 0.0000000000
57634  -21.134  -52.630  41.869 0.0000000000
64024  -30.604  -46.548  36.922 0.0000000000
65181  -31.528  -46.024  38.354 0.0000000000
63978  -31.798  -46.196  39.506 0.0000000000
63955  -32.118  -46.130  39.946 0.0000000000
65148  -32.553  -46.091  40.580 0.0000000000
65137  -32.901  -45.884  41.468 0.0000000000
65125  -33.434  -45.469  42.302 0.0000000000
65138  -33.424  -45.245  41.719 0.0000000000
66322  -33.862  -44.896  42.292 0.0000000000
67652  -34.255  -44.156  42.275 0.0000000000
66363  -33.799  -44.264  40.493 0.0000000000
67653  -34.844  -43.458  42.189 0.0000000000
68964  -35.156  -42.653  42.122 0.0000000000
77076  -39.309  -38.032  39.504 0.0000000000
77077  -40.113  -38.104  39.639 0.0000000000
75616  -40.639  -37.914  39.399 0.0000000000
75641  -40.973  -37.655  38.840 0.0000000000
77119  -39.958  -37.799  37.531 0.0000000000
77101  -41.566  -37.249  38.545 0.0000000000
78410  -41.873  -36.545  37.999 0.0000000000
78411  -42.463  -36.121  38.006 0.0000000000
89748  -47.920  -26.665  27.643 0.0000000000
89749  -49.140  -26.847  27.942 0.0000000000
88503  -50.695  -27.416  28.678 0.0000000000
89735  -51.373  -27.256  29.252 0.0000000000
91042  -51.856  -25.923  28.348 0.0000000000
89752  -52.042  -26.681  28.925 0.0000000000
89736  -52.057  -26.898  29.702 0.0000000000
91014  -52.622  -25.865  30.730 0.0000000000
90992  -52.667  -25.361  31.842 0.0000000000
95946  -56.335  -22.369  27.324 0.0000000000
93758  -56.707  -23.651  26.233 0.0000000000
45374  -8.536  -62.146  44.938 0.0000000000
75549  -34.700  -37.093  42.133 0.0000000000
77012  -34.958  -36.831  43.532 0.0000000000
78361  -33.903  -36.732  40.179 0.0000000000
79648  -35.352  -35.651  41.859 0.0000000000
79661  -35.655  -36.036  41.233 0.0000000000
79660  -35.148  -35.754  40.766 0.0000000000
78408  -35.025  -36.278  38.559 0.0000000000
78407  -34.147  -35.970  38.508 0.0000000000
78425  -34.737  -36.354  37.960 0.0000000000
77115  -34.395  -36.558  37.362 0.0000000000
56342  -22.591  -54.189  48.116 0.0000000000
55140  -22.860  -54.234  48.661 0.0000000000
55118  -24.135  -54.411  49.406 0.0000000000
55098  -25.360  -54.463  50.146 0.0000000000
53918  -25.938  -55.058  50.864 0.0000000000
57716  -24.631  -51.562  38.962 0.0000000000
57666  -26.269  -51.770  40.978 0.0000000000
62715  -29.408  -48.622  42.228 0.0000000000
62700  -29.147  -48.736  42.223 0.0000000000
62701  -29.633  -48.867  42.754 0.0000000000
62687  -29.963  -48.921  43.368 0.0000000000
61420  -30.085  -49.160  43.731 0.0000000000
62671  -30.995  -48.871  45.146 0.0000000000
61404  -30.808  -49.262  45.274 0.0000000000
60100  -30.529  -49.657  44.918 0.0000000000
60101  -30.617  -50.107  45.430 0.0000000000
58825  -31.033  -50.676  46.096 0.0000000000
58826  -31.634  -51.219  46.232 0.0000000000
57585  -31.929  -51.861  46.466 0.0000000000
58818  -31.940  -50.715  46.877 0.0000000000
58808  -32.330  -50.572  48.039 0.0000000000
58798  -32.700  -50.363  48.999 0.0000000000
60016  -32.647  -49.645  49.158 0.0000000000
58786  -33.286  -50.409  49.744 0.0000000000
52757  -14.322  -56.824  43.825 0.0000000000
52736  -14.471  -56.820  46.132 0.0000000000
51468  -13.948  -57.050  47.423 0.0000000000
51460  -13.914  -57.069  48.322 0.0000000000
52711  -15.218  -56.189  50.316 0.0000000000
52702  -15.254  -56.239  51.410 0.0000000000
79835  -41.476  -34.080  30.614 0.0000000000
79807  -41.486  -34.502  31.213 0.0000000000
81092  -41.890  -33.803  31.106 0.0000000000
81093  -42.375  -33.446  31.544 0.0000000000
82302  -42.919  -33.004  32.967 0.0000000000
82328  -43.552  -32.504  31.566 0.0000000000
82280  -43.446  -32.589  33.462 0.0000000000
83524  -44.094  -32.248  33.863 0.0000000000
83502  -45.351  -31.821  34.876 0.0000000000
92537  -51.900  -25.192  22.231 0.0000000000
94912  -59.179  -22.520  19.277 0.0000000000
93812  -59.593  -23.461  19.098 0.0000000000
92562  -59.987  -24.070  19.097 0.0000000000
47806  -11.261  -60.245  48.090 0.0000000000
46593  -10.799  -60.697  48.513 0.0000000000
46586  -10.855  -60.638  49.465 0.0000000000
46559  -9.355  -61.571  52.029 0.0000000000
74106  -36.283  -38.547  45.842 0.0000000000
70155  -35.799  -41.128  42.390 0.0000000000
71425  -35.982  -40.565  42.068 0.0000000000
72748  -35.829  -39.666  41.106 0.0000000000
74155  -35.955  -38.960  42.112 0.0000000000
74154  -35.731  -38.132  42.367 0.0000000000
75593  -34.699  -37.571  40.023 0.0000000000
75592  -34.132  -37.365  39.646 0.0000000000
75614  -33.730  -37.473  39.016 0.0000000000
75591  -33.544  -37.266  39.277 0.0000000000
77094  -33.157  -37.255  38.479 0.0000000000
77093  -32.815  -37.082  38.082 0.0000000000
53964  -18.130  -54.634  47.372 0.0000000000
55159  -18.773  -54.321  47.399 0.0000000000
55189  -17.970  -54.464  46.043 0.0000000000
55175  -18.343  -54.384  46.656 0.0000000000
55160  -19.439  -54.010  47.512 0.0000000000
55161  -20.180  -53.873  47.659 0.0000000000
55162  -21.005  -53.797  47.666 0.0000000000
55210  -18.591  -53.812  43.822 0.0000000000
56424  -19.625  -53.408  44.627 0.0000000000
56402  -19.719  -53.466  45.629 0.0000000000
56381  -20.226  -53.514  46.355 0.0000000000
56361  -21.542  -53.815  47.430 0.0000000000
56362  -22.245  -53.937  47.482 0.0000000000
56364  -24.167  -53.497  46.970 0.0000000000
56384  -23.422  -53.247  46.260 0.0000000000
62766  -26.897  -48.176  38.818 0.0000000000
62732  -28.571  -48.236  41.417 0.0000000000
62791  -29.417  -47.647  38.660 0.0000000000
62769  -29.712  -47.689  39.782 0.0000000000
63881  -31.693  -47.849  43.383 0.0000000000
63864  -31.791  -48.122  44.084 0.0000000000
63849  -31.681  -48.246  44.591 0.0000000000
62648  -33.586  -47.628  47.372 0.0000000000
63826  -33.966  -47.203  46.914 0.0000000000
63838  -34.428  -46.174  46.416 0.0000000000
66286  -34.075  -45.132  43.648 0.0000000000
66268  -34.611  -44.653  44.980 0.0000000000
67625  -34.746  -43.978  44.254 0.0000000000
67604  -34.987  -43.866  46.663 0.0000000000
54000  -15.209  -55.916  43.033 0.0000000000
52759  -15.809  -56.225  44.440 0.0000000000
53990  -16.296  -55.626  44.158 0.0000000000
52739  -16.666  -55.452  46.557 0.0000000000
79551  -41.748  -34.602  45.597 0.0000000000
79604  -41.586  -35.262  44.199 0.0000000000
79553  -43.660  -34.357  45.483 0.0000000000
79579  -44.377  -34.440  44.767 0.0000000000
77043  -43.093  -36.976  40.975 0.0000000000
79607  -44.882  -34.685  43.491 0.0000000000
79651  -45.754  -34.756  41.841 0.0000000000
85958  -44.342  -30.294  29.080 0.0000000000
84744  -44.952  -30.826  30.286 0.0000000000
85960  -46.844  -29.726  29.500 0.0000000000
85922  -47.192  -29.451  31.056 0.0000000000
87184  -47.236  -29.282  31.511 0.0000000000
87173  -47.614  -28.515  32.504 0.0000000000
88443  -48.101  -28.101  33.015 0.0000000000
88426  -48.496  -27.952  33.840 0.0000000000
87216  -49.470  -28.337  29.136 0.0000000000
88487  -49.705  -28.070  29.619 0.0000000000
88473  -49.619  -27.743  30.507 0.0000000000
89708  -50.448  -26.411  31.601 0.0000000000
89707  -49.846  -27.220  31.232 0.0000000000
89706  -49.211  -27.457  31.430 0.0000000000
89698  -49.134  -27.170  31.899 0.0000000000
37178  -3.959  -67.706  46.921 0.0000000000
75770  -37.158  -38.734  31.528 0.0000000000
75771  -37.817  -38.320  31.840 0.0000000000
75794  -38.162  -37.713  30.624 0.0000000000
77246  -38.627  -36.844  30.463 0.0000000000
77265  -38.369  -36.855  29.926 0.0000000000
78545  -39.195  -35.951  30.694 0.0000000000
81146  -39.002  -33.773  28.904 0.0000000000
81122  -40.348  -34.132  29.653 0.0000000000
81148  -40.842  -33.325  29.501 0.0000000000
82383  -41.493  -32.634  29.636 0.0000000000
84723  -42.454  -31.369  29.445 0.0000000000
85957  -43.210  -30.115  28.770 0.0000000000
89747  -46.829  -27.057  27.499 0.0000000000
89783  -43.418  -26.762  25.995 0.0000000000
91052  -44.749  -26.542  26.210 0.0000000000
89769  -44.884  -26.903  26.625 0.0000000000
89770  -45.633  -26.831  26.735 0.0000000000
91038  -48.216  -26.000  27.394 0.0000000000
91057  -48.558  -25.514  27.287 0.0000000000
92454  -47.402  -25.594  26.430 0.0000000000
92455  -48.314  -25.004  26.769 0.0000000000
92456  -49.503  -24.947  27.247 0.0000000000
93728  -49.263  -24.460  26.517 0.0000000000
93729  -50.355  -24.195  26.710 0.0000000000
94848  -51.007  -23.475  26.255 0.0000000000
94860  -51.562  -23.242  26.018 0.0000000000
94859  -50.772  -23.878  26.033 0.0000000000
92509  -49.366  -25.411  24.847 0.0000000000
91150  -48.617  -25.257  22.636 0.0000000000
91151  -49.563  -25.273  22.640 0.0000000000
46592  -10.337  -61.331  48.028 0.0000000000
43925  -9.624  -62.541  49.292 0.0000000000
43941  -9.695  -62.988  48.207 0.0000000000
42517  -9.424  -63.643  48.069 0.0000000000
42532  -9.134  -64.023  47.698 0.0000000000
41065  -8.680  -64.648  47.829 0.0000000000
43893  -7.832  -63.719  52.359 0.0000000000
42488  -8.054  -64.011  51.606 0.0000000000
41051  -7.819  -64.699  50.887 0.0000000000
41049  -7.040  -65.395  51.517 0.0000000000
41053  -8.227  -64.670  50.152 0.0000000000
41056  -8.311  -64.956  49.471 0.0000000000
39677  -8.435  -65.038  48.378 0.0000000000
39682  -8.345  -65.320  47.997 0.0000000000
39681  -7.734  -65.869  47.602 0.0000000000
39680  -7.240  -66.288  48.001 0.0000000000
38392  -6.556  -66.887  49.104 0.0000000000
34610  -4.310  -69.049  48.497 0.0000000000
34602  -4.604  -68.630  49.003 0.0000000000
80772  -41.496  -33.190  48.477 0.0000000000
80791  -41.142  -33.562  47.856 0.0000000000
76931  -35.684  -36.754  49.167 0.0000000000
76963  -35.692  -36.692  47.082 0.0000000000
76985  -34.883  -36.127  44.387 0.0000000000
78293  -35.058  -35.843  45.443 0.0000000000
79568  -35.007  -35.592  44.424 0.0000000000
79544  -35.294  -35.463  45.190 0.0000000000
79530  -35.457  -35.094  46.344 0.0000000000
80787  -37.022  -34.273  47.548 0.0000000000
80830  -37.225  -34.708  45.984 0.0000000000
80810  -38.584  -34.140  46.932 0.0000000000
78308  -39.953  -35.613  44.266 0.0000000000
78325  -39.662  -36.055  43.565 0.0000000000
78367  -39.644  -36.564  42.365 0.0000000000
78363  -36.661  -36.584  41.654 0.0000000000
78380  -36.978  -37.010  41.053 0.0000000000
77073  -36.211  -36.917  39.678 0.0000000000
78381  -37.535  -37.103  41.466 0.0000000000
77056  -37.843  -37.400  41.001 0.0000000000
75662  -38.356  -38.117  37.433 0.0000000000
75682  -37.811  -38.300  36.534 0.0000000000
74255  -37.293  -38.761  33.972 0.0000000000
74281  -36.705  -39.176  32.529 0.0000000000
78435  -31.133  -36.640  36.175 0.0000000000
78452  -32.480  -36.122  35.610 0.0000000000
77149  -32.550  -36.503  35.250 0.0000000000
77166  -33.405  -37.365  34.630 0.0000000000
77202  -32.287  -37.658  32.881 0.0000000000
77184  -33.213  -37.548  33.870 0.0000000000
75715  -33.532  -37.669  34.057 0.0000000000
75753  -34.155  -39.231  31.663 0.0000000000
74267  -35.517  -39.186  32.803 0.0000000000
74268  -36.211  -39.296  33.054 0.0000000000
74296  -36.553  -38.995  31.609 0.0000000000
53933  -17.911  -54.993  48.860 0.0000000000
53910  -19.035  -54.778  50.142 0.0000000000
53935  -19.606  -54.495  49.309 0.0000000000
55116  -22.404  -54.235  49.325 0.0000000000
55095  -22.669  -54.393  50.278 0.0000000000
57660  -20.740  -52.459  40.957 0.0000000000
56367  -26.671  -53.595  46.482 0.0000000000
60205  -26.039  -49.802  39.760 0.0000000000
61493  -26.549  -49.031  39.900 0.0000000000
58904  -26.491  -50.658  40.007 0.0000000000
57695  -26.724  -51.269  40.434 0.0000000000
61456  -28.833  -49.056  42.079 0.0000000000
60155  -28.451  -49.683  42.141 0.0000000000
58869  -28.225  -50.292  41.810 0.0000000000
58856  -29.323  -50.352  43.117 0.0000000000
58870  -28.651  -50.358  42.335 0.0000000000
58888  -28.529  -50.931  41.792 0.0000000000
57668  -28.115  -51.488  41.671 0.0000000000
56410  -27.608  -53.219  44.981 0.0000000000
55165  -27.944  -54.033  47.367 0.0000000000
55124  -29.872  -54.565  48.958 0.0000000000
53966  -30.489  -54.455  48.119 0.0000000000
53953  -30.850  -54.563  48.516 0.0000000000
53938  -30.121  -54.714  49.303 0.0000000000
56370  -32.461  -52.455  47.949 0.0000000000
56349  -32.652  -52.982  48.512 0.0000000000
46623  -11.097  -60.577  45.272 0.0000000000
46613  -11.429  -60.444  46.162 0.0000000000
51549  -13.101  -57.550  43.183 0.0000000000
49037  -11.294  -59.402  44.144 0.0000000000
47823  -11.607  -59.886  45.140 0.0000000000
47815  -11.727  -59.897  46.003 0.0000000000
51429  -13.911  -57.103  51.401 0.0000000000
75739  -39.602  -37.394  34.142 0.0000000000
77168  -40.039  -37.158  34.651 0.0000000000
78488  -40.215  -36.423  32.896 0.0000000000
77169  -40.584  -36.606  34.484 0.0000000000
78440  -41.177  -36.497  36.006 0.0000000000
78427  -42.650  -35.562  37.191 0.0000000000
79783  -41.329  -34.800  31.966 0.0000000000
79763  -41.660  -34.620  32.810 0.0000000000
79745  -41.857  -34.782  33.682 0.0000000000
79729  -42.093  -34.882  34.567 0.0000000000
78428  -43.395  -35.180  37.485 0.0000000000
79687  -44.534  -34.895  38.451 0.0000000000
80950  -45.006  -34.480  38.971 0.0000000000
84727  -45.295  -30.929  30.801 0.0000000000
84692  -45.321  -30.569  32.772 0.0000000000
85908  -45.865  -29.934  33.127 0.0000000000
84677  -44.796  -31.090  33.368 0.0000000000
84660  -45.291  -31.067  34.051 0.0000000000
83526  -45.459  -31.348  34.577 0.0000000000
82210  -46.375  -32.290  35.794 0.0000000000
82211  -47.376  -32.264  36.171 0.0000000000
94861  -52.585  -23.310  26.245 0.0000000000
93754  -53.028  -24.088  26.205 0.0000000000
93755  -54.057  -24.078  26.208 0.0000000000
93756  -55.018  -23.938  26.232 0.0000000000
92492  -55.542  -24.660  26.128 0.0000000000
92493  -56.462  -24.463  25.933 0.0000000000
91116  -52.881  -26.017  24.698 0.0000000000
91117  -53.945  -26.275  24.957 0.0000000000
89797  -54.232  -26.190  25.411 0.0000000000
91095  -54.823  -25.890  25.622 0.0000000000
91096  -55.848  -25.411  25.808 0.0000000000
91097  -56.962  -25.176  25.633 0.0000000000
92511  -57.817  -25.099  25.646 0.0000000000
91122  -58.494  -26.133  24.867 0.0000000000
91145  -59.030  -26.369  24.512 0.0000000000
91167  -55.715  -26.085  21.541 0.0000000000
89832  -56.688  -26.671  21.835 0.0000000000
89833  -57.651  -26.929  21.433 0.0000000000
89825  -59.394  -27.569  22.867 0.0000000000
34594  -4.804  -68.178  49.368 0.0000000000
34595  -5.028  -68.062  49.421 0.0000000000
34597  -4.719  -68.353  49.257 0.0000000000
34599  -5.321  -68.605  49.373 0.0000000000
35905  -4.593  -68.118  49.322 0.0000000000
35906  -4.777  -67.933  49.406 0.0000000000
35907  -5.311  -68.055  49.600 0.0000000000
35913  -5.438  -68.721  49.358 0.0000000000
35914  -5.621  -68.530  49.550 0.0000000000
35920  -4.279  -68.344  48.927 0.0000000000
35921  -5.492  -68.933  49.244 0.0000000000
37152  -4.573  -67.869  49.388 0.0000000000
37160  -4.447  -67.947  49.220 0.0000000000
37161  -5.030  -67.640  49.279 0.0000000000
37170  -4.711  -67.831  47.449 0.0000000000
38407  -7.318  -66.235  47.135 0.0000000000
38419  -7.088  -66.340  46.941 0.0000000000
39669  -7.858  -65.050  50.358 0.0000000000
41042  -7.285  -64.845  52.579 0.0000000000
41046  -7.322  -64.814  51.904 0.0000000000
41050  -7.227  -65.084  51.149 0.0000000000
42480  -7.761  -63.824  52.124 0.0000000000
42487  -7.583  -64.214  51.927 0.0000000000
42495  -8.674  -63.600  50.209 0.0000000000
42546  -9.474  -63.560  46.853 0.0000000000
43886  -7.913  -63.626  52.646 0.0000000000
43912  -9.605  -62.293  49.939 0.0000000000
43940  -9.436  -63.492  48.469 0.0000000000
45318  -9.328  -62.341  50.977 0.0000000000
46560  -9.810  -61.057  52.367 0.0000000000
46568  -9.486  -61.762  51.656 0.0000000000
53876  -29.995  -55.365  51.485 0.0000000000
53894  -26.371  -55.242  51.166 0.0000000000
53895  -29.016  -55.413  50.726 0.0000000000
53913  -21.934  -54.402  50.582 0.0000000000
53917  -25.432  -54.793  50.822 0.0000000000
53952  -30.220  -54.530  48.617 0.0000000000
53975  -17.898  -54.651  46.827 0.0000000000
55078  -23.116  -54.545  50.628 0.0000000000
55147  -29.772  -54.458  48.553 0.0000000000
55179  -27.216  -53.657  46.420 0.0000000000
55193  -29.275  -53.508  45.740 0.0000000000
56423  -18.996  -53.573  44.237 0.0000000000
56435  -30.590  -51.874  44.741 0.0000000000
56472  -29.178  -51.806  42.743 0.0000000000
57558  -32.961  -50.958  48.960 0.0000000000
57577  -32.490  -52.119  47.937 0.0000000000
57611  -21.214  -52.824  42.507 0.0000000000
57618  -29.326  -51.612  42.861 0.0000000000
57643  -29.340  -50.814  42.741 0.0000000000
58871  -29.062  -50.537  42.628 0.0000000000
60048  -31.763  -49.676  47.206 0.0000000000
60049  -31.935  -49.897  47.647 0.0000000000
60136  -29.239  -49.601  42.958 0.0000000000
60156  -28.740  -49.823  42.596 0.0000000000
60176  -27.691  -49.731  41.429 0.0000000000
61350  -32.379  -49.294  48.844 0.0000000000
61389  -31.087  -49.423  45.726 0.0000000000
61438  -29.654  -49.082  43.128 0.0000000000
63835  -32.318  -47.835  45.913 0.0000000000
63896  -30.938  -48.125  42.047 0.0000000000
63918  -32.653  -46.180  41.982 0.0000000000
65168  -31.669  -46.036  38.811 0.0000000000
66287  -34.476  -44.759  44.235 0.0000000000
69021  -34.982  -41.514  39.021 0.0000000000
70194  -35.070  -41.206  38.393 0.0000000000
72749  -35.999  -39.516  41.788 0.0000000000
74256  -37.673  -38.618  34.005 0.0000000000
74280  -35.967  -39.370  32.247 0.0000000000
74297  -37.113  -38.814  32.048 0.0000000000
75551  -35.809  -37.758  43.474 0.0000000000
75594  -41.117  -37.821  39.869 0.0000000000
75595  -41.506  -37.663  39.784 0.0000000000
75613  -33.310  -37.399  38.794 0.0000000000
75615  -40.031  -38.195  39.122 0.0000000000
75617  -41.312  -37.677  39.319 0.0000000000
75664  -39.983  -37.855  37.992 0.0000000000
75679  -35.347  -37.686  36.383 0.0000000000
75696  -34.381  -37.628  35.198 0.0000000000
75732  -32.619  -37.713  32.997 0.0000000000
75737  -38.111  -38.361  33.928 0.0000000000
75795  -38.653  -37.202  30.998 0.0000000000
77028  -42.797  -36.937  41.520 0.0000000000
77036  -33.912  -36.940  40.319 0.0000000000
77038  -38.229  -37.194  41.462 0.0000000000
77095  -35.182  -36.697  38.470 0.0000000000
77100  -40.860  -37.496  38.440 0.0000000000
77132  -33.558  -36.460  36.336 0.0000000000
77164  -31.697  -36.794  34.183 0.0000000000
77224  -39.525  -36.617  31.943 0.0000000000
77245  -38.266  -37.220  30.072 0.0000000000
78382  -43.770  -36.207  39.833 0.0000000000
78388  -32.962  -36.879  38.192 0.0000000000
78406  -33.732  -35.989  38.190 0.0000000000
78439  -33.869  -36.371  36.975 0.0000000000
78467  -32.228  -36.475  35.027 0.0000000000
78506  -40.294  -36.218  32.458 0.0000000000
78526  -39.863  -36.140  31.616 0.0000000000
79543  -34.902  -35.721  44.987 0.0000000000
79545  -36.607  -34.883  45.255 0.0000000000
79569  -35.146  -35.308  44.252 0.0000000000
79570  -35.259  -35.133  44.041 0.0000000000
79684  -33.656  -36.042  38.409 0.0000000000
79695  -33.070  -36.041  37.827 0.0000000000
79714  -42.300  -35.026  35.538 0.0000000000
79731  -43.473  -34.496  35.634 0.0000000000
79764  -42.097  -34.253  33.369 0.0000000000
79782  -41.004  -35.365  31.860 0.0000000000
79855  -39.473  -34.239  29.343 0.0000000000
80869  -36.027  -35.034  44.305 0.0000000000
80937  -45.180  -34.669  39.383 0.0000000000
80967  -44.318  -34.496  37.234 0.0000000000
81030  -43.523  -33.657  34.772 0.0000000000
81123  -41.110  -33.819  30.073 0.0000000000
81149  -41.361  -33.304  29.844 0.0000000000
81168  -39.348  -33.277  28.576 0.0000000000
82232  -45.619  -32.141  35.339 0.0000000000
82256  -43.265  -33.297  34.193 0.0000000000
83485  -46.430  -31.606  35.578 0.0000000000
83503  -45.994  -31.497  35.168 0.0000000000
83576  -44.503  -31.777  31.340 0.0000000000
83596  -44.006  -31.921  30.603 0.0000000000
83613  -41.650  -31.928  29.426 0.0000000000
83628  -39.791  -31.831  28.121 0.0000000000
84647  -46.940  -30.637  35.388 0.0000000000
84662  -46.542  -30.597  34.872 0.0000000000
84676  -44.350  -31.439  32.988 0.0000000000
84690  -44.353  -31.676  32.635 0.0000000000
84705  -44.944  -31.425  31.458 0.0000000000
87156  -48.195  -28.518  34.039 0.0000000000
87204  -48.669  -28.535  30.483 0.0000000000
87215  -48.933  -28.504  29.521 0.0000000000
87229  -42.755  -28.726  27.789 0.0000000000
87236  -49.267  -28.407  28.940 0.0000000000
88425  -48.162  -28.219  33.436 0.0000000000
88457  -49.246  -27.642  31.079 0.0000000000
88474  -50.212  -27.582  30.110 0.0000000000
89722  -52.220  -26.511  30.358 0.0000000000
89723  -52.661  -26.158  30.195 0.0000000000
89753  -52.362  -26.518  29.331 0.0000000000
89788  -54.385  -26.067  25.630 0.0000000000
89789  -54.505  -26.136  25.422 0.0000000000
89798  -54.445  -26.202  25.184 0.0000000000
89800  -56.096  -26.361  24.623 0.0000000000
89810  -55.098  -26.233  23.929 0.0000000000
89811  -55.470  -26.337  24.155 0.0000000000
90991  -52.404  -25.253  31.957 0.0000000000
91000  -52.956  -25.526  31.319 0.0000000000
91030  -52.947  -25.643  29.843 0.0000000000
91031  -53.290  -25.197  30.030 0.0000000000
91058  -49.094  -25.536  27.459 0.0000000000
91075  -55.455  -25.137  26.099 0.0000000000
91098  -57.552  -25.101  25.647 0.0000000000
91181  -57.226  -25.216  19.897 0.0000000000
92400  -51.995  -25.049  31.995 0.0000000000
92468  -54.944  -25.192  26.182 0.0000000000
92469  -55.161  -25.074  26.191 0.0000000000
92560  -57.436  -25.062  19.879 0.0000000000
93749  -48.679  -24.735  25.610 0.0000000000
93759  -57.126  -23.699  26.452 0.0000000000
94813  -52.646  -23.078  27.865 0.0000000000
94828  -50.749  -23.731  26.475 0.0000000000
94831  -52.220  -22.969  27.454 0.0000000000
94847  -50.587  -24.022  26.291 0.0000000000
94858  -50.325  -24.160  26.078 0.0000000000
95941  -52.028  -22.732  26.933 0.0000000000
95942  -52.497  -22.757  27.231 0.0000000000
95945  -55.197  -22.356  27.718 0.0000000000
95965  -51.842  -22.797  26.697 0.0000000000
95985  -51.865  -22.833  26.388 0.0000000000
97133  -55.712  -22.360  27.738 0.0000000000
97134  -56.000  -22.379  27.490 0.0000000000
97146  -55.986  -22.016  26.851 0.0000000000
