#!ascii label  , from subject sub-01 vox2ras=TkReg
935
67755  -33.384  -43.703  36.683 0.0000000000
56536  -17.563  -52.412  38.129 0.0000000000
62786  -25.431  -48.070  37.063 0.0000000000
94880  -42.224  -21.857  23.254 0.0000000000
97190  -50.354  -20.583  21.261 0.0000000000
56483  -9.039  -52.181  40.742 0.0000000000
93721  -38.062  -22.765  27.404 0.0000000000
72783  -33.982  -39.346  36.960 0.0000000000
62841  -28.995  -47.581  36.455 0.0000000000
56514  -13.293  -52.471  38.921 0.0000000000
52786  -13.996  -56.309  42.213 0.0000000000
67820  -29.606  -44.158  33.568 0.0000000000
71495  -28.396  -41.041  34.287 0.0000000000
58956  -21.381  -51.071  36.762 0.0000000000
66449  -24.947  -43.550  34.942 0.0000000000
81164  -35.748  -33.466  27.720 0.0000000000
85988  -38.299  -29.021  27.296 0.0000000000
89781  -41.572  -26.562  25.879 0.0000000000
47844  -7.401  -59.320  43.281 0.0000000000
45372  -4.721  -61.878  44.926 0.0000000000
75729  -26.506  -38.036  32.735 0.0000000000
78542  -27.016  -35.141  30.442 0.0000000000
77278  -31.533  -36.688  28.344 0.0000000000
50330  -9.945  -57.454  42.259 0.0000000000
54056  -17.393  -54.139  39.870 0.0000000000
57687  -19.536  -52.376  39.529 0.0000000000
65208  -31.073  -45.719  36.087 0.0000000000
60202  -15.267  -48.767  38.601 0.0000000000
56533  -15.025  -52.578  38.516 0.0000000000
54053  -15.134  -54.583  39.273 0.0000000000
67753  -28.234  -42.656  37.204 0.0000000000
66471  -27.284  -44.629  34.112 0.0000000000
84771  -34.342  -30.659  27.603 0.0000000000
83625  -36.949  -31.864  27.370 0.0000000000
87243  -35.836  -28.442  27.565 0.0000000000
91083  -39.037  -24.439  25.305 0.0000000000
92504  -41.340  -24.262  23.582 0.0000000000
91088  -44.032  -26.127  24.826 0.0000000000
92519  -43.799  -24.296  22.678 0.0000000000
93783  -46.415  -23.328  21.767 0.0000000000
74226  -26.259  -39.164  37.440 0.0000000000
72827  -27.444  -39.735  33.422 0.0000000000
75692  -24.692  -37.456  35.933 0.0000000000
81061  -25.671  -33.738  32.026 0.0000000000
81113  -27.353  -33.049  30.289 0.0000000000
77242  -29.564  -36.596  29.410 0.0000000000
81141  -29.507  -33.563  28.619 0.0000000000
79870  -31.951  -33.896  28.224 0.0000000000
60264  -23.807  -49.625  36.045 0.0000000000
51569  -7.605  -56.007  42.109 0.0000000000
52797  -9.480  -55.202  40.989 0.0000000000
41081  -4.726  -64.602  45.014 0.0000000000
41070  -2.997  -64.392  45.625 0.0000000000
91037  -35.852  -25.196  28.641 0.0000000000
75658  -32.179  -37.541  36.923 0.0000000000
62812  -26.649  -47.590  36.599 0.0000000000
56497  -11.207  -52.410  39.723 0.0000000000
54024  -11.040  -54.967  40.526 0.0000000000
54040  -13.559  -55.251  39.751 0.0000000000
96025  -52.971  -20.691  21.186 0.0000000000
66492  -32.004  -44.288  34.287 0.0000000000
70244  -32.576  -41.935  33.413 0.0000000000
69059  -29.254  -42.750  34.067 0.0000000000
60238  -16.980  -49.303  37.274 0.0000000000
57753  -19.004  -51.656  36.753 0.0000000000
61564  -18.980  -48.776  36.362 0.0000000000
62856  -21.480  -47.964  35.577 0.0000000000
62837  -23.069  -47.380  35.696 0.0000000000
67785  -22.556  -43.377  36.223 0.0000000000
64020  -24.292  -46.368  35.248 0.0000000000
62876  -26.880  -47.163  34.489 0.0000000000
64082  -29.917  -46.258  34.055 0.0000000000
77263  -36.948  -37.011  29.300 0.0000000000
89763  -37.679  -26.342  26.951 0.0000000000
88516  -40.028  -27.683  27.027 0.0000000000
93794  -48.078  -23.061  21.709 0.0000000000
47830  -5.400  -59.449  44.318 0.0000000000
43994  -6.525  -63.153  44.700 0.0000000000
72818  -32.226  -40.053  33.521 0.0000000000
74253  -30.379  -38.624  33.960 0.0000000000
77146  -29.766  -37.520  33.869 0.0000000000
78462  -24.695  -35.021  34.370 0.0000000000
77196  -26.342  -36.994  31.951 0.0000000000
78482  -30.058  -36.846  33.213 0.0000000000
77200  -30.727  -36.995  32.324 0.0000000000
75767  -32.250  -38.593  31.076 0.0000000000
74308  -34.641  -39.149  30.147 0.0000000000
77280  -33.814  -36.563  28.226 0.0000000000
82406  -33.763  -32.259  27.738 0.0000000000
57713  -21.643  -51.907  39.211 0.0000000000
51524  -6.285  -56.208  43.455 0.0000000000
49046  -8.737  -58.550  42.927 0.0000000000
51574  -12.566  -57.076  42.372 0.0000000000
39688  -1.711  -64.968  45.613 0.0000000000
56518  -17.319  -52.999  38.782 0.0000000000
56499  -18.015  -53.208  39.797 0.0000000000
56519  -18.234  -52.680  38.881 0.0000000000
66436  -32.343  -44.685  36.546 0.0000000000
57732  -16.099  -51.277  38.057 0.0000000000
57731  -14.935  -51.154  38.692 0.0000000000
56534  -15.952  -52.342  38.373 0.0000000000
55260  -16.570  -53.592  38.856 0.0000000000
85969  -33.663  -29.367  28.443 0.0000000000
85970  -34.373  -29.025  27.852 0.0000000000
88494  -34.656  -27.481  28.328 0.0000000000
96007  -41.286  -21.073  24.248 0.0000000000
93764  -40.636  -22.945  23.923 0.0000000000
93771  -41.464  -23.010  23.378 0.0000000000
91129  -42.587  -24.288  23.044 0.0000000000
93779  -43.167  -22.813  22.589 0.0000000000
93780  -43.819  -22.711  22.412 0.0000000000
74225  -25.649  -38.767  37.036 0.0000000000
83570  -27.499  -31.517  31.612 0.0000000000
81140  -28.644  -33.408  29.044 0.0000000000
82351  -30.093  -32.052  29.748 0.0000000000
81115  -30.756  -32.374  29.413 0.0000000000
61545  -24.593  -48.836  36.798 0.0000000000
60222  -25.250  -49.851  38.012 0.0000000000
61511  -25.517  -48.969  38.396 0.0000000000
54021  -7.985  -53.978  41.348 0.0000000000
54022  -8.930  -54.191  40.772 0.0000000000
96024  -50.232  -21.561  21.155 0.0000000000
41080  -3.760  -64.546  45.112 0.0000000000
71458  -35.182  -40.531  38.170 0.0000000000
72782  -33.492  -38.744  36.805 0.0000000000
62840  -28.162  -47.649  36.259 0.0000000000
62815  -29.171  -47.573  37.537 0.0000000000
57708  -13.728  -51.243  39.185 0.0000000000
57685  -12.631  -50.643  39.857 0.0000000000
57656  -11.175  -50.457  40.969 0.0000000000
57706  -12.259  -52.045  39.434 0.0000000000
55244  -11.658  -53.519  39.504 0.0000000000
55256  -13.016  -53.247  38.986 0.0000000000
54043  -16.755  -54.717  40.412 0.0000000000
54028  -15.163  -55.488  41.080 0.0000000000
67821  -30.219  -44.202  33.303 0.0000000000
69067  -30.423  -43.165  33.050 0.0000000000
69058  -29.622  -43.336  33.518 0.0000000000
61523  -17.703  -47.509  37.912 0.0000000000
60240  -18.209  -49.492  36.588 0.0000000000
61524  -18.697  -47.292  37.880 0.0000000000
61543  -20.127  -46.921  36.816 0.0000000000
64017  -21.181  -46.730  36.199 0.0000000000
62836  -21.902  -47.469  35.571 0.0000000000
64018  -21.859  -46.208  35.973 0.0000000000
67771  -25.113  -43.127  36.534 0.0000000000
66448  -23.805  -43.795  34.940 0.0000000000
65206  -23.132  -44.680  35.165 0.0000000000
65224  -24.865  -44.890  34.010 0.0000000000
64035  -25.266  -46.551  34.656 0.0000000000
65225  -25.671  -45.004  33.919 0.0000000000
66453  -28.607  -43.863  34.408 0.0000000000
66488  -28.810  -45.344  33.565 0.0000000000
66489  -29.472  -44.933  33.492 0.0000000000
65257  -30.582  -45.721  34.101 0.0000000000
78579  -35.677  -35.938  28.353 0.0000000000
78561  -37.660  -36.135  29.093 0.0000000000
79874  -36.458  -34.832  28.092 0.0000000000
85971  -37.830  -30.075  27.213 0.0000000000
83626  -37.923  -31.476  27.493 0.0000000000
93699  -36.770  -23.782  28.475 0.0000000000
91050  -36.290  -25.197  27.855 0.0000000000
92462  -37.253  -24.563  26.905 0.0000000000
91066  -39.971  -25.673  25.483 0.0000000000
89779  -39.403  -26.443  26.226 0.0000000000
88528  -41.103  -27.051  26.290 0.0000000000
88517  -41.130  -27.740  26.877 0.0000000000
93784  -47.307  -23.776  21.954 0.0000000000
94894  -47.028  -22.299  21.525 0.0000000000
94896  -48.765  -22.257  21.660 0.0000000000
50317  -6.161  -57.576  43.630 0.0000000000
49030  -5.254  -58.202  44.928 0.0000000000
47843  -6.428  -59.344  43.548 0.0000000000
45373  -7.695  -62.417  44.767 0.0000000000
41083  -6.738  -64.802  45.642 0.0000000000
70256  -30.867  -41.260  32.622 0.0000000000
71508  -32.231  -40.906  33.080 0.0000000000
72844  -31.066  -40.304  32.545 0.0000000000
72826  -26.639  -39.508  33.749 0.0000000000
74265  -29.005  -39.032  33.261 0.0000000000
74251  -28.997  -38.508  33.354 0.0000000000
75713  -30.069  -38.088  34.272 0.0000000000
75730  -28.171  -38.071  33.042 0.0000000000
79722  -25.119  -33.949  34.997 0.0000000000
79799  -26.267  -34.252  31.190 0.0000000000
79772  -25.574  -34.564  31.875 0.0000000000
78522  -26.719  -35.720  31.183 0.0000000000
77198  -28.703  -36.972  32.216 0.0000000000
78500  -29.320  -36.876  32.328 0.0000000000
78483  -30.802  -36.818  33.499 0.0000000000
77199  -29.808  -36.918  31.448 0.0000000000
77259  -30.354  -36.831  28.832 0.0000000000
77244  -30.632  -38.010  30.944 0.0000000000
75790  -32.267  -38.842  29.807 0.0000000000
75768  -33.347  -39.189  30.694 0.0000000000
75813  -32.725  -38.325  28.911 0.0000000000
75834  -34.217  -37.399  28.576 0.0000000000
77279  -32.767  -36.545  28.172 0.0000000000
81144  -32.061  -32.140  29.005 0.0000000000
81161  -32.694  -32.794  28.137 0.0000000000
82391  -32.669  -31.996  28.777 0.0000000000
58955  -20.498  -50.982  36.768 0.0000000000
57736  -20.326  -51.713  38.275 0.0000000000
57756  -21.763  -51.593  37.490 0.0000000000
50329  -8.934  -57.146  42.201 0.0000000000
50328  -8.311  -56.961  42.120 0.0000000000
50320  -9.327  -57.943  42.615 0.0000000000
52800  -12.397  -55.888  41.192 0.0000000000
52799  -11.566  -55.734  41.122 0.0000000000
52767  -12.996  -56.859  42.353 0.0000000000
55246  -17.391  -54.371  40.817 0.0000000000
56484  -18.551  -53.512  41.039 0.0000000000
56485  -19.525  -53.121  41.210 0.0000000000
57633  -20.562  -52.722  41.511 0.0000000000
64039  -30.414  -46.573  35.768 0.0000000000
64001  -30.057  -47.135  37.771 0.0000000000
58917  -14.395  -49.287  39.157 0.0000000000
57709  -14.200  -50.426  39.119 0.0000000000
56515  -14.235  -52.651  38.651 0.0000000000
55257  -13.718  -53.496  38.871 0.0000000000
55259  -15.456  -53.657  38.777 0.0000000000
54054  -16.175  -54.514  39.362 0.0000000000
67789  -28.622  -43.300  34.854 0.0000000000
67790  -28.606  -42.819  35.148 0.0000000000
66432  -26.519  -43.483  36.678 0.0000000000
66470  -26.406  -44.396  34.306 0.0000000000
66434  -27.589  -43.542  35.771 0.0000000000
82408  -35.390  -32.403  27.465 0.0000000000
82395  -36.362  -32.673  27.583 0.0000000000
83640  -35.672  -31.301  27.358 0.0000000000
85986  -36.448  -29.429  27.289 0.0000000000
87244  -36.833  -28.434  27.338 0.0000000000
93737  -38.050  -22.864  25.874 0.0000000000
93748  -39.555  -22.946  24.851 0.0000000000
92480  -40.136  -24.357  24.538 0.0000000000
91086  -41.695  -25.439  24.203 0.0000000000
91069  -43.227  -26.358  25.395 0.0000000000
91106  -42.916  -25.314  23.727 0.0000000000
91131  -43.812  -25.070  23.234 0.0000000000
92520  -44.638  -24.635  22.768 0.0000000000
92529  -44.583  -23.786  22.310 0.0000000000
94890  -45.206  -22.112  21.842 0.0000000000
47832  -8.731  -59.811  43.693 0.0000000000
46634  -8.001  -60.408  43.755 0.0000000000
45391  -8.810  -61.262  44.435 0.0000000000
72802  -27.319  -40.395  35.828 0.0000000000
71505  -28.282  -40.449  33.295 0.0000000000
72801  -26.330  -39.653  35.902 0.0000000000
74250  -25.598  -38.770  34.875 0.0000000000
74249  -25.317  -38.172  34.379 0.0000000000
81021  -25.586  -32.672  34.238 0.0000000000
82297  -26.583  -31.801  32.385 0.0000000000
81086  -26.778  -33.044  31.007 0.0000000000
79826  -27.504  -34.176  29.969 0.0000000000
78543  -28.011  -35.548  29.999 0.0000000000
79848  -28.178  -34.333  29.366 0.0000000000
78557  -29.134  -35.666  28.740 0.0000000000
78574  -30.366  -35.459  28.276 0.0000000000
78575  -31.290  -35.285  28.095 0.0000000000
79869  -30.894  -34.018  28.364 0.0000000000
58980  -23.007  -50.606  36.049 0.0000000000
57739  -23.197  -51.655  38.143 0.0000000000
58959  -24.217  -50.712  37.042 0.0000000000
52780  -7.909  -55.176  41.749 0.0000000000
51571  -9.489  -56.605  41.912 0.0000000000
43993  -4.536  -62.751  44.989 0.0000000000
45371  -4.294  -62.075  45.516 0.0000000000
42560  -4.123  -63.630  44.940 0.0000000000
43991  -3.345  -63.122  45.879 0.0000000000
41063  -2.681  -63.736  46.173 0.0000000000
77114  -31.994  -37.002  37.422 0.0000000000
63974  -25.734  -47.685  36.992 0.0000000000
62765  -26.030  -48.223  38.527 0.0000000000
57655  -10.243  -50.651  41.107 0.0000000000
56495  -9.687  -52.335  40.313 0.0000000000
55231  -10.173  -53.755  40.100 0.0000000000
55243  -10.791  -53.415  39.855 0.0000000000
54039  -12.439  -54.580  39.779 0.0000000000
54026  -13.032  -55.674  40.723 0.0000000000
54052  -14.129  -54.594  39.108 0.0000000000
54027  -14.177  -55.938  40.708 0.0000000000
54012  -14.601  -55.856  42.001 0.0000000000
97199  -51.526  -20.939  20.741 0.0000000000
66455  -32.785  -44.053  35.338 0.0000000000
67791  -33.322  -43.279  34.955 0.0000000000
67823  -32.021  -43.788  33.787 0.0000000000
69068  -31.770  -43.016  33.102 0.0000000000
70234  -28.885  -41.692  34.219 0.0000000000
69050  -28.507  -42.127  35.357 0.0000000000
70224  -28.462  -41.306  35.867 0.0000000000
71482  -27.962  -40.634  35.734 0.0000000000
72779  -27.061  -39.677  37.773 0.0000000000
58935  -16.984  -50.744  37.362 0.0000000000
57734  -18.328  -52.148  37.737 0.0000000000
57770  -18.146  -50.726  36.621 0.0000000000
58976  -19.144  -50.625  36.257 0.0000000000
60261  -20.419  -49.627  35.892 0.0000000000
61542  -19.667  -47.307  36.859 0.0000000000
61586  -20.491  -48.962  35.917 0.0000000000
60262  -21.295  -49.782  35.634 0.0000000000
61568  -22.895  -48.451  35.711 0.0000000000
61544  -23.996  -48.407  36.202 0.0000000000
62810  -24.038  -47.345  36.150 0.0000000000
66431  -21.655  -43.905  36.725 0.0000000000
65193  -22.539  -45.390  35.496 0.0000000000
65194  -23.408  -45.595  35.190 0.0000000000
63998  -24.842  -47.201  36.413 0.0000000000
64022  -26.038  -47.479  35.890 0.0000000000
62857  -26.498  -47.386  35.167 0.0000000000
62859  -28.109  -47.494  35.147 0.0000000000
65227  -27.459  -45.507  33.690 0.0000000000
64055  -28.584  -46.732  34.003 0.0000000000
64056  -29.452  -46.762  34.430 0.0000000000
65229  -30.873  -45.968  34.963 0.0000000000
65230  -31.486  -45.362  34.975 0.0000000000
60220  -15.909  -49.071  37.973 0.0000000000
81166  -38.029  -33.451  27.910 0.0000000000
89743  -35.172  -26.398  28.417 0.0000000000
89762  -36.373  -26.357  27.663 0.0000000000
87245  -37.779  -28.350  27.259 0.0000000000
91064  -37.732  -25.349  26.496 0.0000000000
89764  -38.649  -26.811  26.709 0.0000000000
87246  -38.652  -28.324  27.252 0.0000000000
87248  -40.546  -28.475  27.352 0.0000000000
93795  -48.899  -23.109  21.769 0.0000000000
94897  -49.581  -22.335  21.524 0.0000000000
97189  -49.368  -20.480  21.457 0.0000000000
47821  -4.777  -58.783  45.384 0.0000000000
47829  -5.111  -60.171  44.628 0.0000000000
45390  -7.606  -61.571  44.162 0.0000000000
45389  -6.368  -61.594  44.062 0.0000000000
44010  -5.333  -62.639  44.628 0.0000000000
41082  -5.759  -64.650  45.138 0.0000000000
69051  -33.555  -42.174  34.973 0.0000000000
71484  -33.378  -40.579  34.743 0.0000000000
72805  -32.832  -39.483  34.822 0.0000000000
72829  -29.209  -39.648  32.821 0.0000000000
72817  -31.545  -39.292  34.002 0.0000000000
74243  -32.165  -38.767  35.172 0.0000000000
74229  -31.819  -38.225  35.662 0.0000000000
75677  -31.249  -37.807  35.898 0.0000000000
77148  -30.527  -37.159  35.281 0.0000000000
78447  -24.755  -35.950  35.391 0.0000000000
77177  -25.199  -36.922  33.374 0.0000000000
79737  -25.219  -34.188  33.774 0.0000000000
78498  -25.209  -36.107  33.123 0.0000000000
77178  -25.700  -37.356  32.690 0.0000000000
77179  -28.610  -37.690  32.863 0.0000000000
78463  -29.602  -37.358  33.198 0.0000000000
77221  -30.250  -37.392  31.193 0.0000000000
75750  -31.579  -37.876  32.054 0.0000000000
74325  -35.160  -38.682  29.658 0.0000000000
77281  -34.772  -36.660  28.421 0.0000000000
78578  -34.487  -35.643  28.059 0.0000000000
78576  -32.304  -35.387  27.929 0.0000000000
79872  -34.097  -34.484  27.681 0.0000000000
81175  -34.555  -32.811  27.551 0.0000000000
82393  -33.688  -31.691  27.832 0.0000000000
84751  -33.406  -30.220  28.637 0.0000000000
57735  -19.394  -51.835  38.044 0.0000000000
57688  -20.072  -52.304  40.115 0.0000000000
57714  -22.615  -51.847  39.140 0.0000000000
50318  -6.893  -57.621  42.885 0.0000000000
51546  -6.983  -56.477  42.650 0.0000000000
49045  -7.645  -58.513  42.876 0.0000000000
47846  -9.232  -59.285  43.395 0.0000000000
52798  -10.559  -55.489  41.043 0.0000000000
52783  -11.138  -56.386  41.563 0.0000000000
51572  -10.565  -56.926  41.969 0.0000000000
38414  -2.588  -66.528  45.755 0.0000000000
41069  -2.385  -64.467  45.941 0.0000000000
41061  -1.959  -63.396  46.527 0.0000000000
56535  -16.781  -52.277  38.153 0.0000000000
66421  -32.878  -44.233  37.182 0.0000000000
56517  -16.593  -52.830  38.554 0.0000000000
87209  -33.563  -28.266  29.129 0.0000000000
87223  -34.128  -28.296  28.354 0.0000000000
88493  -34.071  -27.476  28.806 0.0000000000
96008  -41.871  -20.781  23.945 0.0000000000
94879  -41.391  -21.894  23.790 0.0000000000
93772  -42.428  -22.957  22.863 0.0000000000
94887  -42.833  -22.218  22.771 0.0000000000
82350  -29.159  -31.827  30.013 0.0000000000
62811  -24.766  -48.121  36.625 0.0000000000
61528  -25.041  -48.778  37.488 0.0000000000
62764  -25.501  -48.273  37.893 0.0000000000
56482  -8.474  -51.788  41.425 0.0000000000
55229  -8.517  -52.992  41.115 0.0000000000
96030  -50.904  -21.596  20.729 0.0000000000
74204  -34.187  -38.536  37.690 0.0000000000
62814  -28.292  -47.843  37.294 0.0000000000
57707  -12.699  -51.704  39.362 0.0000000000
56513  -12.581  -52.579  39.138 0.0000000000
69066  -29.814  -43.722  33.387 0.0000000000
61540  -18.189  -48.373  36.923 0.0000000000
63971  -20.670  -45.728  37.492 0.0000000000
62809  -20.509  -46.529  36.804 0.0000000000
63995  -20.756  -46.051  36.766 0.0000000000
63996  -20.885  -45.397  36.918 0.0000000000
67788  -25.316  -43.323  35.745 0.0000000000
67787  -24.432  -43.154  35.665 0.0000000000
66468  -24.568  -44.205  34.428 0.0000000000
64051  -25.198  -45.407  33.971 0.0000000000
66469  -25.447  -44.133  34.331 0.0000000000
66473  -29.139  -44.275  33.898 0.0000000000
66490  -30.498  -44.985  33.423 0.0000000000
79873  -35.187  -34.652  27.978 0.0000000000
84753  -38.063  -30.543  27.331 0.0000000000
87225  -39.084  -29.156  27.419 0.0000000000
93720  -37.040  -23.556  27.815 0.0000000000
92449  -36.727  -24.345  27.539 0.0000000000
92450  -37.228  -23.775  27.112 0.0000000000
91067  -41.069  -25.984  25.206 0.0000000000
89780  -40.568  -26.485  25.913 0.0000000000
96021  -47.656  -21.418  21.509 0.0000000000
49044  -6.660  -58.483  43.274 0.0000000000
70255  -30.264  -41.226  32.665 0.0000000000
71517  -30.702  -40.698  32.542 0.0000000000
71516  -30.022  -40.716  32.521 0.0000000000
74263  -27.033  -39.062  32.819 0.0000000000
74264  -28.198  -38.941  33.110 0.0000000000
75731  -28.702  -38.320  33.277 0.0000000000
78523  -28.185  -36.517  31.264 0.0000000000
78501  -29.806  -36.728  32.251 0.0000000000
78524  -28.933  -36.522  30.852 0.0000000000
77260  -31.008  -37.428  28.762 0.0000000000
75811  -30.828  -37.785  29.200 0.0000000000
75812  -31.577  -38.035  28.961 0.0000000000
75832  -32.351  -37.478  28.514 0.0000000000
57755  -20.870  -51.412  37.515 0.0000000000
50321  -10.439  -58.184  42.826 0.0000000000
52785  -13.184  -56.334  41.779 0.0000000000
46621  -4.838  -60.817  44.922 0.0000000000
46610  -4.450  -60.283  45.874 0.0000000000
70205  -34.948  -41.324  37.762 0.0000000000
54044  -17.305  -54.352  40.175 0.0000000000
55233  -17.930  -54.157  41.441 0.0000000000
55247  -17.726  -53.925  40.373 0.0000000000
56500  -19.143  -52.867  39.991 0.0000000000
56501  -19.737  -52.740  40.615 0.0000000000
56486  -20.143  -52.708  41.098 0.0000000000
64024  -30.604  -46.548  36.922 0.0000000000
60203  -15.163  -48.194  39.349 0.0000000000
57730  -14.464  -52.010  38.605 0.0000000000
56532  -14.581  -52.423  38.583 0.0000000000
56516  -14.815  -53.183  38.635 0.0000000000
55261  -17.393  -53.756  39.485 0.0000000000
54055  -17.062  -54.354  39.565 0.0000000000
67773  -28.355  -43.037  35.897 0.0000000000
66433  -27.021  -43.596  36.215 0.0000000000
66419  -27.941  -43.213  36.488 0.0000000000
66435  -28.165  -43.449  35.318 0.0000000000
83639  -34.771  -31.360  27.473 0.0000000000
84772  -35.066  -30.508  27.481 0.0000000000
87224  -34.914  -28.348  27.894 0.0000000000
85985  -35.274  -29.429  27.549 0.0000000000
94856  -38.695  -22.324  25.706 0.0000000000
94871  -39.816  -22.150  24.841 0.0000000000
93765  -40.952  -23.563  23.646 0.0000000000
92502  -40.078  -23.484  24.477 0.0000000000
92503  -40.635  -23.905  24.043 0.0000000000
92481  -40.840  -24.677  24.201 0.0000000000
92518  -43.011  -23.755  22.663 0.0000000000
91130  -43.042  -24.633  23.102 0.0000000000
94889  -44.383  -21.914  22.207 0.0000000000
93781  -44.514  -22.874  22.136 0.0000000000
72790  -26.930  -39.781  37.029 0.0000000000
72815  -27.411  -40.527  35.006 0.0000000000
72789  -26.436  -39.466  36.785 0.0000000000
75675  -25.052  -37.879  37.101 0.0000000000
74239  -25.376  -38.777  36.061 0.0000000000
74238  -25.083  -38.189  35.232 0.0000000000
82348  -27.348  -32.297  30.794 0.0000000000
82320  -26.972  -32.009  31.495 0.0000000000
79825  -26.904  -33.899  30.522 0.0000000000
81114  -27.919  -33.171  29.560 0.0000000000
79849  -28.815  -34.478  28.775 0.0000000000
79867  -29.453  -34.615  28.483 0.0000000000
78573  -29.712  -35.273  28.433 0.0000000000
79868  -30.032  -34.550  28.338 0.0000000000
81159  -30.165  -33.787  28.413 0.0000000000
58981  -23.809  -50.560  36.443 0.0000000000
60265  -24.246  -50.219  36.535 0.0000000000
58919  -25.329  -50.736  38.711 0.0000000000
52796  -8.523  -54.852  41.253 0.0000000000
52795  -8.048  -54.617  41.511 0.0000000000
52781  -8.954  -55.766  41.459 0.0000000000
52782  -10.039  -56.054  41.523 0.0000000000
42561  -5.239  -63.644  44.685 0.0000000000
42559  -3.438  -63.631  45.513 0.0000000000
42543  -3.062  -63.420  46.050 0.0000000000
74203  -33.540  -37.937  37.792 0.0000000000
75659  -32.777  -37.743  37.544 0.0000000000
75635  -32.535  -37.332  37.668 0.0000000000
64000  -26.032  -47.533  36.904 0.0000000000
62788  -26.510  -47.726  37.690 0.0000000000
57683  -10.762  -51.351  40.229 0.0000000000
57682  -9.886  -51.475  40.416 0.0000000000
56496  -10.376  -52.322  39.979 0.0000000000
54013  -15.587  -55.447  42.207 0.0000000000
66475  -32.507  -43.906  34.552 0.0000000000
70242  -30.134  -41.942  33.076 0.0000000000
69043  -28.504  -41.732  36.726 0.0000000000
71472  -28.166  -40.607  36.802 0.0000000000
71483  -28.349  -40.928  35.547 0.0000000000
71471  -28.024  -40.531  36.429 0.0000000000
72791  -27.719  -40.364  36.785 0.0000000000
58952  -17.182  -50.253  37.133 0.0000000000
57751  -17.281  -50.939  37.231 0.0000000000
58953  -17.879  -50.242  36.744 0.0000000000
61563  -18.521  -49.058  36.486 0.0000000000
60259  -18.793  -49.660  36.284 0.0000000000
60260  -19.557  -49.635  36.137 0.0000000000
58977  -20.048  -50.460  36.190 0.0000000000
62835  -20.910  -47.459  36.044 0.0000000000
61566  -20.282  -47.731  36.375 0.0000000000
61587  -20.782  -48.426  35.799 0.0000000000
60287  -20.854  -49.177  35.652 0.0000000000
60288  -21.418  -49.037  35.511 0.0000000000
60263  -22.320  -49.466  35.535 0.0000000000
61567  -21.996  -48.436  35.431 0.0000000000
67769  -22.978  -42.738  36.829 0.0000000000
67729  -23.524  -42.620  38.983 0.0000000000
67768  -22.059  -43.131  36.933 0.0000000000
66413  -21.469  -43.540  37.798 0.0000000000
67784  -22.108  -43.622  36.467 0.0000000000
65192  -21.596  -44.813  36.110 0.0000000000
66446  -22.149  -44.011  36.043 0.0000000000
65207  -23.955  -45.048  34.496 0.0000000000
63997  -24.106  -46.841  35.910 0.0000000000
64021  -25.235  -47.009  35.726 0.0000000000
64053  -26.351  -46.522  34.147 0.0000000000
62875  -26.376  -47.113  34.667 0.0000000000
62858  -27.193  -47.548  35.131 0.0000000000
62877  -27.629  -47.187  34.460 0.0000000000
65255  -29.050  -45.913  33.515 0.0000000000
65228  -28.269  -45.794  33.583 0.0000000000
64080  -28.996  -46.358  33.663 0.0000000000
64057  -30.205  -46.499  34.729 0.0000000000
66491  -31.448  -44.876  33.981 0.0000000000
65258  -31.130  -45.521  34.438 0.0000000000
66474  -32.134  -44.644  34.897 0.0000000000
61538  -16.792  -48.759  37.496 0.0000000000
61522  -16.611  -48.153  38.059 0.0000000000
60221  -16.505  -49.199  37.529 0.0000000000
58934  -16.426  -50.237  37.557 0.0000000000
75816  -36.222  -38.216  29.627 0.0000000000
79853  -37.262  -35.336  28.522 0.0000000000
82409  -36.190  -31.893  27.379 0.0000000000
81165  -36.972  -33.593  27.831 0.0000000000
82396  -37.466  -32.612  27.656 0.0000000000
91036  -35.345  -25.634  29.205 0.0000000000
91051  -37.020  -25.361  27.241 0.0000000000
88513  -37.171  -27.422  27.301 0.0000000000
92478  -38.553  -23.903  25.503 0.0000000000
92463  -37.725  -24.020  26.260 0.0000000000
91065  -38.681  -25.136  25.685 0.0000000000
88526  -39.590  -27.142  26.669 0.0000000000
89765  -39.192  -26.978  26.648 0.0000000000
88515  -39.103  -27.534  26.990 0.0000000000
87247  -39.562  -28.406  27.297 0.0000000000
87249  -41.539  -28.548  27.411 0.0000000000
91087  -42.976  -25.865  24.584 0.0000000000
92531  -46.409  -24.431  22.286 0.0000000000
93785  -48.195  -23.887  22.058 0.0000000000
96022  -48.590  -21.379  21.547 0.0000000000
96023  -49.477  -21.442  21.459 0.0000000000
46632  -5.478  -60.701  44.132 0.0000000000
43995  -7.117  -63.043  44.927 0.0000000000
44012  -7.007  -62.268  44.418 0.0000000000
44011  -6.245  -62.617  44.464 0.0000000000
42575  -6.276  -63.182  44.631 0.0000000000
42574  -5.900  -63.183  44.586 0.0000000000
42562  -6.439  -63.762  44.903 0.0000000000
39703  -6.054  -65.328  45.549 0.0000000000
69060  -33.029  -42.546  34.210 0.0000000000
72832  -31.891  -40.411  33.059 0.0000000000
71497  -32.883  -40.694  33.880 0.0000000000
72806  -33.513  -40.052  35.148 0.0000000000
71504  -27.794  -40.184  33.524 0.0000000000
74266  -29.780  -38.933  33.290 0.0000000000
72816  -30.845  -39.018  33.829 0.0000000000
72804  -31.992  -39.068  34.742 0.0000000000
74242  -31.476  -38.673  34.873 0.0000000000
74241  -30.741  -38.449  34.787 0.0000000000
75712  -29.472  -37.919  33.603 0.0000000000
75695  -30.496  -37.907  35.239 0.0000000000
75694  -30.065  -37.589  34.506 0.0000000000
77147  -29.960  -37.203  34.394 0.0000000000
78448  -24.771  -35.134  35.503 0.0000000000
78461  -24.745  -35.901  34.807 0.0000000000
77160  -24.933  -36.747  34.365 0.0000000000
78479  -25.026  -35.982  33.919 0.0000000000
81042  -26.064  -32.413  33.065 0.0000000000
81041  -25.694  -33.617  32.832 0.0000000000
78521  -26.000  -35.756  31.601 0.0000000000
78499  -25.375  -35.735  32.370 0.0000000000
77195  -25.476  -36.649  32.631 0.0000000000
75748  -27.392  -37.701  32.475 0.0000000000
77197  -27.956  -37.370  32.157 0.0000000000
78481  -29.578  -37.182  32.844 0.0000000000
77180  -29.049  -37.431  32.729 0.0000000000
78464  -30.010  -37.046  33.863 0.0000000000
78449  -30.110  -37.010  34.382 0.0000000000
78465  -30.726  -36.676  34.334 0.0000000000
77181  -30.918  -36.870  33.024 0.0000000000
78544  -28.792  -36.201  29.687 0.0000000000
77220  -29.503  -36.929  30.439 0.0000000000
75766  -31.418  -38.164  31.391 0.0000000000
75751  -32.300  -38.007  32.304 0.0000000000
74293  -34.101  -39.494  30.515 0.0000000000
75769  -34.021  -39.578  31.000 0.0000000000
74294  -34.753  -39.581  31.005 0.0000000000
74309  -35.578  -38.996  30.403 0.0000000000
75835  -34.752  -37.259  28.665 0.0000000000
79871  -33.027  -34.218  27.859 0.0000000000
81162  -33.738  -33.080  27.665 0.0000000000
81174  -34.085  -32.560  27.631 0.0000000000
57737  -21.241  -51.699  38.356 0.0000000000
57712  -20.674  -51.857  39.232 0.0000000000
57689  -21.119  -52.162  40.099 0.0000000000
57661  -21.623  -52.321  40.941 0.0000000000
57715  -23.584  -51.765  39.073 0.0000000000
61512  -26.043  -49.055  39.143 0.0000000000
51545  -6.405  -56.902  43.310 0.0000000000
52779  -7.045  -55.206  42.453 0.0000000000
52766  -6.386  -55.386  43.258 0.0000000000
50319  -8.047  -57.563  42.386 0.0000000000
47845  -8.299  -59.241  43.200 0.0000000000
54037  -10.676  -54.266  40.114 0.0000000000
54023  -10.046  -54.511  40.524 0.0000000000
52784  -12.246  -56.531  41.774 0.0000000000
51573  -11.844  -57.347  42.283 0.0000000000
97192  -52.353  -20.520  21.177 0.0000000000
39689  -2.146  -65.353  45.699 0.0000000000
41068  -1.947  -64.281  46.178 0.0000000000
41062  -2.314  -63.591  46.404 0.0000000000
57710  -19.112  -52.419  38.851 0.0000000000
65196  -31.716  -45.215  36.870 0.0000000000
58933  -15.425  -49.961  38.255 0.0000000000
55275  -15.872  -53.051  38.555 0.0000000000
55276  -16.268  -52.960  38.574 0.0000000000
67732  -28.154  -42.472  38.457 0.0000000000
85984  -34.355  -29.879  27.713 0.0000000000
94872  -40.519  -22.021  24.477 0.0000000000
94878  -40.927  -22.239  24.023 0.0000000000
93770  -41.078  -22.539  23.731 0.0000000000
92517  -42.147  -23.871  23.121 0.0000000000
92527  -43.468  -23.212  22.528 0.0000000000
92528  -43.869  -23.460  22.472 0.0000000000
94888  -43.515  -21.851  22.549 0.0000000000
75676  -25.713  -38.431  37.599 0.0000000000
77130  -24.703  -36.525  36.829 0.0000000000
82349  -28.020  -32.034  30.191 0.0000000000
82376  -28.563  -32.539  29.508 0.0000000000
82377  -29.310  -32.624  29.249 0.0000000000
82378  -29.994  -32.692  29.069 0.0000000000
60241  -24.342  -49.163  36.492 0.0000000000
60242  -24.701  -49.795  36.937 0.0000000000
60204  -25.550  -49.824  38.985 0.0000000000
94898  -50.389  -22.467  21.100 0.0000000000
39701  -4.288  -65.387  45.274 0.0000000000
39700  -3.530  -65.432  45.379 0.0000000000
74216  -33.609  -38.564  37.224 0.0000000000
74215  -32.939  -38.284  36.857 0.0000000000
62813  -27.402  -47.760  37.011 0.0000000000
62791  -29.417  -47.647  38.660 0.0000000000
57686  -13.309  -50.112  40.026 0.0000000000
57658  -12.759  -49.854  40.784 0.0000000000
57657  -12.026  -50.202  40.837 0.0000000000
57684  -11.776  -51.332  39.836 0.0000000000
56498  -11.953  -52.555  39.382 0.0000000000
55245  -12.422  -53.477  39.196 0.0000000000
54051  -13.189  -54.143  39.233 0.0000000000
54042  -15.696  -55.059  40.193 0.0000000000
54029  -16.157  -55.100  41.353 0.0000000000
67822  -31.133  -44.075  33.235 0.0000000000
61539  -17.264  -48.515  37.360 0.0000000000
60239  -17.581  -49.357  36.941 0.0000000000
61527  -20.302  -46.529  37.684 0.0000000000
67770  -24.122  -42.824  36.654 0.0000000000
67786  -23.390  -43.138  35.838 0.0000000000
66447  -22.863  -43.882  35.553 0.0000000000
64034  -24.775  -45.765  34.278 0.0000000000
64052  -25.582  -45.870  33.995 0.0000000000
64078  -26.560  -46.343  33.953 0.0000000000
66452  -27.850  -43.945  34.642 0.0000000000
66472  -28.359  -44.722  33.756 0.0000000000
65256  -29.821  -45.704  33.652 0.0000000000
78559  -36.027  -36.301  28.615 0.0000000000
78560  -36.565  -36.096  28.632 0.0000000000
79875  -37.642  -34.394  28.215 0.0000000000
83642  -37.159  -31.257  27.304 0.0000000000
92448  -36.442  -24.442  28.258 0.0000000000
91084  -39.547  -24.821  25.015 0.0000000000
88527  -40.295  -27.107  26.471 0.0000000000
93793  -47.347  -22.964  21.622 0.0000000000
94895  -47.915  -22.240  21.538 0.0000000000
49036  -5.782  -58.400  43.918 0.0000000000
46633  -6.582  -60.454  43.685 0.0000000000
70243  -31.441  -41.795  32.760 0.0000000000
70257  -31.315  -41.117  32.654 0.0000000000
71507  -31.635  -40.780  32.779 0.0000000000
72831  -31.459  -39.989  32.835 0.0000000000
72828  -28.276  -39.686  33.075 0.0000000000
74252  -29.656  -38.446  33.568 0.0000000000
75714  -30.369  -38.282  34.615 0.0000000000
75711  -29.032  -37.856  33.273 0.0000000000
79773  -25.815  -33.870  31.691 0.0000000000
79798  -26.102  -35.047  31.434 0.0000000000
77217  -26.572  -36.316  31.515 0.0000000000
77218  -27.281  -36.728  31.495 0.0000000000
77243  -30.209  -37.474  30.069 0.0000000000
75788  -30.561  -37.701  29.547 0.0000000000
75789  -31.016  -38.400  30.095 0.0000000000
75791  -33.280  -38.924  29.544 0.0000000000
74323  -33.819  -38.822  29.467 0.0000000000
74324  -34.366  -38.729  29.495 0.0000000000
75814  -33.787  -38.269  29.033 0.0000000000
75833  -33.271  -37.508  28.465 0.0000000000
79851  -31.435  -33.272  28.573 0.0000000000
82392  -33.261  -31.900  28.379 0.0000000000
58954  -19.744  -51.081  36.604 0.0000000000
57754  -19.970  -51.444  37.333 0.0000000000
51570  -8.423  -56.372  41.873 0.0000000000
51547  -7.829  -56.721  42.108 0.0000000000
49047  -9.818  -58.750  43.108 0.0000000000
54025  -11.987  -55.206  40.555 0.0000000000
71466  -34.824  -40.361  37.262 0.0000000000
72794  -33.756  -39.726  35.740 0.0000000000
55232  -17.141  -54.602  41.695 0.0000000000
56466  -18.378  -53.822  41.943 0.0000000000
56467  -19.028  -53.455  42.437 0.0000000000
64023  -29.807  -47.115  36.642 0.0000000000
58901  -13.707  -49.338  40.154 0.0000000000
58916  -13.822  -50.062  39.483 0.0000000000
55258  -14.578  -53.722  38.844 0.0000000000
67804  -28.979  -43.142  34.562 0.0000000000
67774  -28.417  -42.446  36.281 0.0000000000
67772  -25.889  -43.390  36.433 0.0000000000
66450  -26.143  -43.596  35.389 0.0000000000
66451  -27.100  -44.071  35.132 0.0000000000
81176  -35.098  -33.086  27.520 0.0000000000
83641  -36.541  -31.203  27.274 0.0000000000
84773  -36.029  -30.395  27.273 0.0000000000
84774  -37.197  -30.477  27.224 0.0000000000
85987  -37.551  -29.388  27.217 0.0000000000
93747  -38.843  -23.031  25.292 0.0000000000
92479  -39.327  -23.887  24.901 0.0000000000
93763  -40.126  -22.732  24.510 0.0000000000
91085  -40.520  -25.199  24.750 0.0000000000
91068  -42.157  -26.277  25.130 0.0000000000
91105  -42.246  -24.723  23.397 0.0000000000
91107  -43.875  -25.690  23.985 0.0000000000
92530  -45.457  -24.119  22.191 0.0000000000
93782  -45.339  -23.132  21.823 0.0000000000
94891  -46.110  -22.293  21.666 0.0000000000
47831  -8.016  -59.742  43.455 0.0000000000
46645  -7.653  -59.841  43.515 0.0000000000
71481  -27.669  -40.595  35.242 0.0000000000
71506  -29.042  -40.770  32.847 0.0000000000
71494  -27.737  -40.531  34.413 0.0000000000
72814  -26.971  -40.134  34.570 0.0000000000
74240  -25.983  -39.270  36.695 0.0000000000
72800  -25.822  -39.209  35.378 0.0000000000
72813  -26.139  -39.423  34.655 0.0000000000
74262  -25.893  -38.751  33.629 0.0000000000
74261  -25.444  -38.114  33.781 0.0000000000
83554  -27.288  -31.326  32.030 0.0000000000
81062  -26.089  -33.019  31.889 0.0000000000
78556  -28.537  -35.258  29.263 0.0000000000
77258  -29.684  -36.260  28.847 0.0000000000
78558  -29.783  -35.936  28.552 0.0000000000
77277  -30.848  -36.110  28.264 0.0000000000
81142  -30.339  -33.106  28.725 0.0000000000
79850  -31.142  -33.416  28.573 0.0000000000
58979  -21.890  -50.500  36.056 0.0000000000
58957  -22.345  -51.251  36.711 0.0000000000
58958  -23.370  -51.252  36.999 0.0000000000
58936  -23.916  -51.217  37.685 0.0000000000
57740  -24.021  -51.481  38.331 0.0000000000
58937  -24.631  -50.788  37.934 0.0000000000
54010  -7.758  -54.446  41.638 0.0000000000
52769  -14.471  -56.307  43.003 0.0000000000
45357  -4.371  -61.276  45.634 0.0000000000
43992  -3.761  -62.700  45.674 0.0000000000
43971  -3.634  -62.230  46.414 0.0000000000
43970  -3.306  -62.744  46.256 0.0000000000
42531  -2.858  -62.794  46.601 0.0000000000
91020  -35.944  -25.051  29.742 0.0000000000
92431  -37.041  -23.634  29.132 0.0000000000
93700  -37.502  -23.307  28.553 0.0000000000
78420  -31.418  -36.862  36.827 0.0000000000
63973  -25.461  -47.603  36.684 0.0000000000
62787  -25.765  -47.733  37.692 0.0000000000
57681  -9.422  -51.742  40.617 0.0000000000
55230  -9.484  -53.304  40.484 0.0000000000
55242  -10.114  -53.040  40.146 0.0000000000
54038  -11.415  -54.385  39.966 0.0000000000
54011  -13.816  -56.167  41.471 0.0000000000
54041  -14.704  -55.460  39.832 0.0000000000
97191  -51.388  -20.399  21.192 0.0000000000
66437  -32.868  -44.166  36.202 0.0000000000
67775  -33.334  -43.641  35.814 0.0000000000
67805  -32.694  -43.306  34.201 0.0000000000
69069  -32.470  -42.944  33.660 0.0000000000
70241  -29.531  -41.345  33.038 0.0000000000
70233  -28.967  -41.272  33.539 0.0000000000
70214  -28.471  -41.014  37.347 0.0000000000
71496  -28.435  -41.291  34.995 0.0000000000
72803  -27.757  -40.486  36.130 0.0000000000
74211  -27.034  -39.467  38.407 0.0000000000
57733  -17.128  -51.466  37.553 0.0000000000
57752  -17.866  -51.172  36.888 0.0000000000
57771  -18.494  -50.991  36.504 0.0000000000
58975  -18.437  -50.311  36.450 0.0000000000
58978  -20.921  -50.464  36.141 0.0000000000
61541  -19.031  -47.698  36.828 0.0000000000
61565  -19.941  -48.538  36.330 0.0000000000
65180  -21.028  -44.492  37.382 0.0000000000
64019  -23.307  -46.484  35.604 0.0000000000
63999  -25.535  -47.437  36.465 0.0000000000
64036  -25.880  -47.118  35.010 0.0000000000
62838  -26.732  -47.552  35.788 0.0000000000
62839  -27.368  -47.609  36.005 0.0000000000
62860  -28.775  -47.502  35.623 0.0000000000
65226  -26.518  -45.503  33.797 0.0000000000
65254  -26.939  -46.017  33.667 0.0000000000
64054  -27.362  -46.459  33.889 0.0000000000
64037  -28.934  -47.232  34.879 0.0000000000
64038  -29.549  -47.105  35.479 0.0000000000
65209  -31.773  -44.950  35.842 0.0000000000
66454  -32.408  -44.540  35.741 0.0000000000
61503  -15.526  -48.129  38.901 0.0000000000
61521  -15.847  -48.303  38.547 0.0000000000
77264  -37.950  -37.000  29.653 0.0000000000
89728  -34.401  -26.799  29.079 0.0000000000
89742  -34.511  -27.001  28.641 0.0000000000
88511  -35.406  -27.508  27.939 0.0000000000
89744  -35.856  -25.748  28.111 0.0000000000
89761  -35.791  -26.943  27.940 0.0000000000
88512  -36.230  -27.521  27.625 0.0000000000
89778  -38.349  -25.983  26.473 0.0000000000
88514  -38.165  -27.470  27.089 0.0000000000
87226  -40.051  -29.252  27.602 0.0000000000
93796  -49.705  -23.199  21.643 0.0000000000
98312  -50.205  -19.663  21.525 0.0000000000
47820  -4.831  -59.755  45.223 0.0000000000
46644  -7.213  -59.882  43.529 0.0000000000
45388  -5.434  -61.726  44.403 0.0000000000
39702  -5.261  -65.588  45.444 0.0000000000
67792  -33.595  -43.226  35.640 0.0000000000
70235  -33.236  -41.532  34.337 0.0000000000
70225  -33.596  -41.290  35.063 0.0000000000
72842  -29.888  -39.993  32.395 0.0000000000
72830  -30.564  -39.254  33.000 0.0000000000
72793  -33.389  -38.902  36.107 0.0000000000
74230  -32.603  -38.567  35.806 0.0000000000
74214  -32.252  -38.079  36.323 0.0000000000
75678  -31.835  -37.756  36.226 0.0000000000
77113  -31.611  -37.109  36.777 0.0000000000
78434  -24.771  -35.251  36.585 0.0000000000
77145  -24.842  -36.149  35.923 0.0000000000
77144  -24.697  -36.633  35.234 0.0000000000
75691  -24.885  -37.486  34.862 0.0000000000
75710  -25.192  -37.554  33.990 0.0000000000
75728  -25.517  -37.871  33.265 0.0000000000
79754  -25.214  -34.643  32.782 0.0000000000
78480  -24.968  -35.266  33.355 0.0000000000
75749  -28.039  -37.728  32.633 0.0000000000
77161  -28.839  -37.808  33.133 0.0000000000
77162  -29.518  -37.566  33.447 0.0000000000
78450  -30.630  -36.650  35.069 0.0000000000
78436  -31.489  -35.972  36.374 0.0000000000
77222  -31.041  -37.645  31.761 0.0000000000
75815  -34.920  -37.827  29.080 0.0000000000
77262  -35.851  -36.896  28.840 0.0000000000
78577  -33.407  -35.503  27.866 0.0000000000
81163  -34.733  -33.614  27.586 0.0000000000
82407  -34.298  -32.048  27.575 0.0000000000
83624  -33.971  -31.188  27.657 0.0000000000
83623  -33.457  -31.025  28.193 0.0000000000
84752  -33.765  -30.372  27.914 0.0000000000
57711  -19.817  -51.998  39.057 0.0000000000
57660  -20.740  -52.459  40.957 0.0000000000
57757  -22.588  -51.636  37.496 0.0000000000
57738  -22.175  -51.826  38.297 0.0000000000
57690  -22.097  -52.090  40.039 0.0000000000
57691  -23.035  -51.873  39.966 0.0000000000
50331  -10.898  -57.723  42.340 0.0000000000
52768  -13.752  -56.769  42.814 0.0000000000
51548  -12.311  -57.869  42.871 0.0000000000
50322  -11.621  -58.237  43.018 0.0000000000
96031  -51.674  -21.557  20.599 0.0000000000
39690  -2.787  -65.511  45.544 0.0000000000
39687  -1.363  -64.693  45.462 0.0000000000
41067  -1.540  -63.710  46.132 0.0000000000
41060  -1.807  -63.105  46.536 0.0000000000
58951  -16.739  -49.760  37.354 0.0000000000
60289  -21.809  -48.858  35.470 0.0000000000
61588  -21.443  -48.467  35.541 0.0000000000
62855  -21.145  -48.073  35.678 0.0000000000
63975  -25.956  -47.546  37.384 0.0000000000
64079  -26.789  -46.309  33.858 0.0000000000
64081  -29.329  -46.333  33.783 0.0000000000
65205  -22.403  -44.541  35.598 0.0000000000
65253  -26.601  -46.151  33.805 0.0000000000
67803  -29.282  -43.590  34.073 0.0000000000
71493  -27.474  -40.178  33.941 0.0000000000
71518  -31.215  -40.663  32.607 0.0000000000
72843  -30.684  -40.071  32.470 0.0000000000
74228  -31.089  -38.248  35.367 0.0000000000
74254  -30.987  -38.807  34.309 0.0000000000
74307  -33.904  -39.243  29.880 0.0000000000
75657  -31.628  -37.383  36.351 0.0000000000
75693  -29.895  -37.519  34.080 0.0000000000
75753  -34.155  -39.231  31.663 0.0000000000
77131  -31.136  -37.199  36.086 0.0000000000
77163  -29.948  -37.242  34.074 0.0000000000
77219  -28.052  -36.901  31.766 0.0000000000
77261  -35.123  -37.065  28.701 0.0000000000
77282  -35.351  -36.641  28.569 0.0000000000
78502  -30.569  -36.858  32.795 0.0000000000
78580  -36.333  -35.570  28.379 0.0000000000
79852  -36.652  -35.455  28.404 0.0000000000
81143  -31.109  -32.895  28.762 0.0000000000
81158  -29.767  -34.124  28.418 0.0000000000
81160  -30.624  -33.468  28.556 0.0000000000
82394  -35.827  -32.850  27.605 0.0000000000
85968  -33.352  -29.733  29.041 0.0000000000
89777  -37.913  -25.881  26.670 0.0000000000
93719  -36.648  -23.954  27.999 0.0000000000
94857  -39.241  -22.321  25.264 0.0000000000
94873  -41.006  -21.661  24.246 0.0000000000
97198  -50.825  -20.950  20.863 0.0000000000
