#!ascii label  , from subject sub-01 vox2ras=TkReg
1906
72573  -28.586  -39.609  54.005 0.0000000000
93651  -46.108  -23.627  33.300 0.0000000000
84542  -34.425  -28.732  43.099 0.0000000000
57593  -1.933  -51.768  45.006 0.0000000000
60022  -17.109  -47.939  49.612 0.0000000000
70089  -0.476  -41.654  47.285 0.0000000000
66146  -0.236  -44.061  52.715 0.0000000000
84626  -40.868  -29.334  38.104 0.0000000000
74159  -3.001  -39.773  41.192 0.0000000000
48980  -1.187  -56.789  49.932 0.0000000000
76960  -27.419  -37.678  47.427 0.0000000000
65062  -26.080  -43.894  49.124 0.0000000000
60000  -23.930  -47.387  51.344 0.0000000000
95901  -49.371  -20.136  32.443 0.0000000000
83398  -38.481  -29.967  40.929 0.0000000000
57590  -12.794  -48.977  45.137 0.0000000000
76939  -5.412  -37.051  47.678 0.0000000000
62641  -4.055  -47.222  48.551 0.0000000000
66257  -5.085  -44.282  45.311 0.0000000000
62726  -1.974  -48.966  41.266 0.0000000000
52623  -4.917  -53.415  53.592 0.0000000000
53816  -1.784  -53.424  54.680 0.0000000000
86963  -31.127  -27.687  46.830 0.0000000000
58735  -21.829  -48.414  53.818 0.0000000000
60059  -19.539  -47.106  47.127 0.0000000000
68855  -0.186  -42.508  50.890 0.0000000000
60005  -2.222  -49.545  50.878 0.0000000000
89651  -43.378  -25.753  36.125 0.0000000000
55076  -8.159  -51.201  51.620 0.0000000000
56358  -9.848  -50.235  48.026 0.0000000000
71410  -0.665  -40.730  44.255 0.0000000000
67664  -4.450  -43.093  41.055 0.0000000000
63713  -1.681  -46.597  54.395 0.0000000000
57523  0.249  -51.324  52.555 0.0000000000
53959  -1.225  -54.380  48.246 0.0000000000
76870  -28.300  -36.976  54.102 0.0000000000
71322  -28.601  -40.472  51.220 0.0000000000
74008  -28.482  -38.750  51.182 0.0000000000
67543  -27.818  -42.389  51.997 0.0000000000
67593  -27.550  -41.760  48.501 0.0000000000
66142  -27.595  -43.903  53.982 0.0000000000
94776  -47.459  -21.638  32.274 0.0000000000
89704  -43.352  -24.350  32.324 0.0000000000
92406  -45.284  -22.475  31.461 0.0000000000
94798  -46.424  -20.864  30.806 0.0000000000
83363  -36.415  -29.244  42.329 0.0000000000
84556  -31.713  -28.745  42.018 0.0000000000
83393  -33.207  -29.534  40.997 0.0000000000
83438  -34.775  -29.760  38.668 0.0000000000
61380  -3.487  -50.040  46.340 0.0000000000
62666  -4.352  -48.474  44.997 0.0000000000
60147  -2.102  -49.665  43.039 0.0000000000
57704  -2.741  -50.750  39.449 0.0000000000
56481  -3.431  -52.366  41.456 0.0000000000
52688  -4.719  -54.327  50.384 0.0000000000
51397  -3.929  -55.030  52.472 0.0000000000
86944  -29.016  -28.672  48.667 0.0000000000
79493  -27.739  -33.830  49.740 0.0000000000
79541  -26.750  -34.773  45.940 0.0000000000
82051  -28.278  -32.133  47.647 0.0000000000
84510  -27.991  -30.081  46.300 0.0000000000
59914  -23.455  -47.910  56.592 0.0000000000
61387  -23.018  -46.436  47.837 0.0000000000
60044  -22.009  -47.255  49.340 0.0000000000
100530  -47.902  -17.482  30.676 0.0000000000
102710  -47.466  -14.883  30.357 0.0000000000
67512  0.154  -43.306  52.226 0.0000000000
63790  -0.898  -45.948  51.397 0.0000000000
62592  -1.085  -47.235  52.430 0.0000000000
88386  -42.288  -26.845  37.191 0.0000000000
79713  -38.401  -31.845  36.452 0.0000000000
83523  -38.726  -29.589  35.895 0.0000000000
87151  -39.839  -27.264  34.406 0.0000000000
55056  -8.287  -51.075  53.834 0.0000000000
56298  -9.717  -50.680  52.899 0.0000000000
74041  -1.404  -38.850  48.926 0.0000000000
74059  -2.648  -39.170  47.967 0.0000000000
71373  -0.398  -40.783  46.148 0.0000000000
63912  -5.119  -47.148  41.495 0.0000000000
66312  -4.517  -43.406  42.547 0.0000000000
63930  -5.565  -46.232  40.560 0.0000000000
63715  -3.061  -47.453  54.497 0.0000000000
51396  -1.514  -55.366  52.292 0.0000000000
56290  -0.242  -52.062  53.151 0.0000000000
53860  -0.542  -53.611  51.460 0.0000000000
55108  -0.976  -53.885  50.487 0.0000000000
51446  -0.862  -55.865  49.542 0.0000000000
78236  -27.753  -36.188  50.867 0.0000000000
61287  -25.567  -46.621  55.673 0.0000000000
63736  -26.701  -45.181  54.726 0.0000000000
62620  -25.169  -45.989  50.340 0.0000000000
100527  -50.165  -17.885  32.670 0.0000000000
98256  -47.655  -19.076  30.210 0.0000000000
83440  -40.187  -30.479  39.441 0.0000000000
80945  -36.852  -31.136  38.000 0.0000000000
61398  -15.873  -46.907  46.289 0.0000000000
58816  -14.346  -48.001  47.805 0.0000000000
72689  -4.957  -39.387  45.668 0.0000000000
65076  -1.983  -44.334  48.234 0.0000000000
66254  -2.270  -42.970  46.028 0.0000000000
63833  -5.111  -46.469  46.514 0.0000000000
63877  -4.867  -47.431  43.119 0.0000000000
63963  -2.792  -48.588  39.148 0.0000000000
56265  -5.065  -51.678  56.134 0.0000000000
58689  -3.232  -50.677  55.625 0.0000000000
52614  -3.548  -54.052  54.709 0.0000000000
50107  -2.989  -56.039  52.996 0.0000000000
85742  -32.989  -28.398  45.285 0.0000000000
85772  -29.352  -28.444  43.452 0.0000000000
58765  -19.641  -48.025  51.642 0.0000000000
59983  -22.981  -47.832  52.611 0.0000000000
60010  -20.668  -47.731  50.586 0.0000000000
61358  -17.871  -47.187  48.350 0.0000000000
74022  -0.459  -38.710  50.195 0.0000000000
74001  -0.322  -39.150  51.239 0.0000000000
68889  -0.710  -42.720  49.188 0.0000000000
65060  -1.532  -45.066  49.724 0.0000000000
61345  -2.922  -48.096  50.256 0.0000000000
58813  -2.432  -51.100  47.750 0.0000000000
90976  -44.812  -24.567  34.104 0.0000000000
88440  -41.879  -25.924  33.698 0.0000000000
55038  -6.673  -51.278  55.049 0.0000000000
55059  -6.590  -52.081  52.653 0.0000000000
53907  -5.565  -53.150  49.578 0.0000000000
57565  -13.680  -49.104  48.855 0.0000000000
56341  -11.945  -49.956  49.452 0.0000000000
56324  -11.419  -50.205  51.137 0.0000000000
56331  -9.173  -50.551  49.790 0.0000000000
55156  -6.723  -51.862  47.801 0.0000000000
76924  -4.422  -36.727  49.505 0.0000000000
72668  -3.351  -39.416  46.240 0.0000000000
72738  -1.611  -40.260  43.005 0.0000000000
67621  -2.551  -42.192  44.772 0.0000000000
67660  -2.551  -41.771  42.381 0.0000000000
67721  -2.630  -41.413  40.076 0.0000000000
64967  -0.595  -45.177  53.338 0.0000000000
58699  -1.788  -50.566  54.586 0.0000000000
59967  -1.018  -49.558  53.203 0.0000000000
62551  -0.663  -47.091  52.910 0.0000000000
58761  -1.363  -50.741  52.122 0.0000000000
57563  -1.497  -52.386  49.690 0.0000000000
55195  -1.557  -53.410  46.200 0.0000000000
47799  -1.401  -58.305  48.061 0.0000000000
49019  -1.494  -57.928  46.887 0.0000000000
54006  -2.547  -54.168  43.760 0.0000000000
75410  -28.368  -37.911  54.485 0.0000000000
75402  -28.393  -37.929  55.098 0.0000000000
72587  -28.532  -40.118  52.902 0.0000000000
73997  -28.493  -39.002  52.301 0.0000000000
70019  -28.361  -41.420  53.003 0.0000000000
70030  -28.438  -41.176  51.980 0.0000000000
72549  -28.427  -39.375  55.313 0.0000000000
68784  -28.386  -41.784  54.402 0.0000000000
93663  -46.807  -22.471  32.629 0.0000000000
89697  -44.136  -24.224  32.567 0.0000000000
91010  -44.076  -23.430  31.518 0.0000000000
92397  -45.539  -23.051  32.214 0.0000000000
92399  -46.474  -22.083  31.729 0.0000000000
84543  -35.331  -28.853  43.057 0.0000000000
84530  -36.656  -28.674  43.510 0.0000000000
85760  -35.542  -28.542  44.313 0.0000000000
83392  -32.417  -29.275  41.211 0.0000000000
83360  -33.712  -28.909  42.387 0.0000000000
83374  -34.926  -29.222  41.556 0.0000000000
60090  -2.644  -50.713  45.340 0.0000000000
61411  -2.567  -50.042  44.619 0.0000000000
58852  -2.196  -50.730  43.294 0.0000000000
57651  -2.149  -51.099  41.577 0.0000000000
56462  -2.563  -52.286  42.850 0.0000000000
52700  -4.906  -54.253  49.336 0.0000000000
51436  -4.513  -55.251  49.795 0.0000000000
82015  -28.692  -31.938  49.834 0.0000000000
80764  -28.181  -33.015  48.461 0.0000000000
83300  -28.700  -31.343  49.259 0.0000000000
84483  -28.536  -30.205  48.764 0.0000000000
101615  -48.455  -16.489  31.928 0.0000000000
101619  -47.681  -16.261  30.691 0.0000000000
103802  -48.289  -14.319  31.908 0.0000000000
67494  0.136  -43.144  52.619 0.0000000000
65025  -0.573  -45.366  51.851 0.0000000000
65013  -0.481  -45.341  52.354 0.0000000000
87109  -41.557  -28.091  37.949 0.0000000000
88376  -42.218  -27.656  38.146 0.0000000000
82209  -39.673  -30.086  37.529 0.0000000000
82228  -38.371  -30.806  36.013 0.0000000000
84633  -39.868  -29.224  37.231 0.0000000000
85863  -39.830  -28.281  36.777 0.0000000000
56292  -9.857  -50.514  53.723 0.0000000000
56299  -10.695  -50.610  53.199 0.0000000000
58763  -17.518  -48.495  51.900 0.0000000000
58794  -16.339  -48.180  49.919 0.0000000000
74148  -4.299  -39.464  42.527 0.0000000000
72652  -0.560  -40.006  48.177 0.0000000000
74075  -0.840  -39.857  47.907 0.0000000000
70106  -0.492  -41.020  46.752 0.0000000000
63948  -5.085  -48.162  40.078 0.0000000000
63913  -5.479  -46.253  41.459 0.0000000000
63966  -5.252  -48.241  39.227 0.0000000000
64971  -3.659  -46.372  53.653 0.0000000000
62526  -3.582  -48.114  54.785 0.0000000000
50152  -1.371  -55.918  51.197 0.0000000000
52670  -0.995  -54.469  51.408 0.0000000000
51425  -0.825  -55.437  50.415 0.0000000000
52699  -0.717  -54.615  50.329 0.0000000000
50219  -0.991  -56.441  49.403 0.0000000000
76890  -28.046  -36.251  52.107 0.0000000000
76903  -27.856  -36.755  51.285 0.0000000000
79455  -28.185  -34.769  52.386 0.0000000000
79469  -27.911  -34.301  51.595 0.0000000000
65045  -26.989  -43.896  51.553 0.0000000000
63786  -26.384  -44.923  52.078 0.0000000000
63806  -25.770  -44.839  50.207 0.0000000000
62644  -24.533  -45.425  48.641 0.0000000000
98244  -50.044  -19.030  32.541 0.0000000000
95908  -47.953  -20.273  31.224 0.0000000000
97118  -47.148  -19.611  30.180 0.0000000000
98254  -48.877  -19.356  31.680 0.0000000000
98250  -48.676  -18.749  31.425 0.0000000000
82127  -39.423  -30.558  39.931 0.0000000000
84599  -40.547  -30.333  40.572 0.0000000000
84576  -39.225  -29.994  41.401 0.0000000000
83418  -36.469  -30.147  39.763 0.0000000000
82162  -36.095  -30.466  38.267 0.0000000000
82164  -37.345  -30.859  38.964 0.0000000000
80935  -38.585  -31.111  38.566 0.0000000000
76955  -5.551  -36.637  47.192 0.0000000000
75500  -5.888  -37.524  46.538 0.0000000000
74081  -5.413  -38.329  46.703 0.0000000000
63830  -3.115  -45.496  48.127 0.0000000000
65078  -3.109  -44.703  47.533 0.0000000000
63822  -4.093  -46.574  47.749 0.0000000000
62696  -2.806  -48.840  43.296 0.0000000000
62682  -4.599  -47.976  44.511 0.0000000000
63891  -3.666  -48.362  42.287 0.0000000000
63910  -3.828  -48.344  41.504 0.0000000000
63944  -2.260  -48.684  40.308 0.0000000000
60217  -1.837  -49.472  39.272 0.0000000000
53814  -4.829  -52.666  54.951 0.0000000000
55035  -4.288  -52.583  55.601 0.0000000000
52616  -4.290  -53.640  54.205 0.0000000000
48970  -3.469  -56.462  51.095 0.0000000000
50109  -3.809  -55.496  52.933 0.0000000000
48953  -3.283  -56.672  51.984 0.0000000000
48951  -2.570  -56.821  52.010 0.0000000000
85715  -31.738  -27.770  46.178 0.0000000000
86979  -29.385  -28.108  46.669 0.0000000000
85755  -28.471  -28.699  44.556 0.0000000000
87003  -30.197  -27.855  45.335 0.0000000000
84523  -31.105  -28.329  44.712 0.0000000000
58721  -20.932  -48.544  54.933 0.0000000000
58733  -20.104  -48.693  54.147 0.0000000000
58750  -20.310  -48.362  52.409 0.0000000000
59974  -24.802  -47.105  53.609 0.0000000000
59964  -24.068  -47.535  54.580 0.0000000000
59984  -23.515  -47.511  52.351 0.0000000000
60060  -20.495  -47.351  47.739 0.0000000000
60026  -21.008  -47.617  49.862 0.0000000000
60042  -20.706  -47.493  48.917 0.0000000000
60024  -19.181  -47.425  49.953 0.0000000000
61372  -18.456  -46.931  47.604 0.0000000000
61385  -17.612  -46.880  46.648 0.0000000000
70034  0.516  -41.582  51.797 0.0000000000
70035  0.035  -41.496  51.161 0.0000000000
71325  -0.240  -40.571  50.540 0.0000000000
68871  -0.458  -42.348  49.919 0.0000000000
67578  -0.805  -43.681  49.617 0.0000000000
67562  -0.617  -43.587  50.228 0.0000000000
61343  -1.533  -47.318  51.080 0.0000000000
63803  -1.987  -47.172  50.273 0.0000000000
61335  -2.523  -48.274  50.446 0.0000000000
60020  -3.146  -49.515  49.763 0.0000000000
58792  -2.725  -50.589  49.559 0.0000000000
90959  -43.668  -25.383  35.003 0.0000000000
92344  -45.634  -24.988  35.636 0.0000000000
89652  -44.259  -25.500  36.173 0.0000000000
88410  -41.920  -26.137  35.177 0.0000000000
87152  -40.692  -26.537  34.418 0.0000000000
88423  -42.017  -25.934  34.426 0.0000000000
89695  -42.924  -25.296  33.579 0.0000000000
57481  -7.806  -50.279  55.951 0.0000000000
55068  -8.352  -51.261  52.348 0.0000000000
55055  -7.479  -51.468  53.535 0.0000000000
55067  -7.377  -51.590  52.126 0.0000000000
55074  -6.314  -52.285  50.947 0.0000000000
55089  -6.081  -52.255  49.996 0.0000000000
58831  -13.355  -48.168  45.824 0.0000000000
58815  -13.878  -48.466  48.298 0.0000000000
57575  -12.989  -48.758  47.677 0.0000000000
56377  -10.075  -49.914  46.903 0.0000000000
56360  -12.120  -49.853  48.521 0.0000000000
56340  -10.701  -50.319  49.114 0.0000000000
56334  -12.214  -49.910  50.665 0.0000000000
56333  -11.192  -50.251  50.194 0.0000000000
56323  -10.445  -50.347  50.826 0.0000000000
56339  -9.550  -50.397  49.025 0.0000000000
56356  -7.502  -51.324  47.476 0.0000000000
76923  -3.731  -37.336  49.974 0.0000000000
72685  -1.042  -39.560  45.679 0.0000000000
74078  -2.978  -39.316  47.110 0.0000000000
72686  -1.853  -39.434  45.447 0.0000000000
74095  -2.394  -39.528  44.740 0.0000000000
72723  -1.353  -39.751  44.234 0.0000000000
66256  -4.269  -43.867  45.591 0.0000000000
66273  -2.468  -42.466  45.264 0.0000000000
66275  -3.747  -43.389  44.719 0.0000000000
66329  -4.900  -43.642  41.567 0.0000000000
67646  -3.843  -42.892  42.198 0.0000000000
67663  -3.908  -42.695  41.396 0.0000000000
68984  -2.354  -41.425  40.943 0.0000000000
67681  -3.956  -42.553  40.608 0.0000000000
68998  -3.601  -42.072  39.651 0.0000000000
64952  -1.067  -45.218  53.914 0.0000000000
56269  -2.330  -51.954  54.899 0.0000000000
59916  -2.110  -50.331  55.120 0.0000000000
56268  -1.876  -51.776  54.495 0.0000000000
57517  0.351  -51.324  53.220 0.0000000000
58725  -0.867  -50.402  53.360 0.0000000000
58737  -0.219  -50.473  52.993 0.0000000000
61301  -1.124  -48.769  53.517 0.0000000000
59975  -0.920  -49.483  53.073 0.0000000000
59982  -1.040  -49.627  52.878 0.0000000000
58760  -0.981  -51.051  52.474 0.0000000000
53945  -1.306  -54.385  49.428 0.0000000000
57562  -1.290  -52.958  50.186 0.0000000000
56354  -1.452  -53.323  48.854 0.0000000000
56373  -1.360  -53.173  47.893 0.0000000000
55171  -1.211  -53.879  47.878 0.0000000000
46608  -1.437  -60.440  46.347 0.0000000000
49012  -1.466  -57.861  47.555 0.0000000000
78192  -28.503  -35.879  53.821 0.0000000000
70073  -28.813  -40.813  49.350 0.0000000000
72634  -29.136  -39.819  49.109 0.0000000000
74009  -28.589  -39.459  51.310 0.0000000000
76891  -28.178  -37.003  52.567 0.0000000000
66199  -27.005  -43.309  51.008 0.0000000000
67559  -27.861  -42.294  50.989 0.0000000000
68865  -28.433  -41.371  50.503 0.0000000000
67525  -27.579  -43.162  52.559 0.0000000000
94777  -48.413  -21.235  32.407 0.0000000000
91029  -43.955  -22.908  30.923 0.0000000000
93688  -44.396  -21.751  30.267 0.0000000000
94809  -45.367  -20.821  29.816 0.0000000000
93691  -45.987  -21.283  30.907 0.0000000000
94781  -47.164  -21.298  31.581 0.0000000000
83376  -37.042  -29.446  41.724 0.0000000000
84559  -38.593  -29.490  41.940 0.0000000000
84546  -38.165  -29.046  42.711 0.0000000000
85763  -38.878  -28.260  44.303 0.0000000000
84573  -29.470  -28.701  41.382 0.0000000000
83412  -30.840  -28.784  40.360 0.0000000000
83435  -31.460  -29.303  39.651 0.0000000000
83436  -32.501  -29.884  39.357 0.0000000000
83452  -33.864  -29.649  37.944 0.0000000000
83416  -34.468  -29.585  39.783 0.0000000000
83395  -35.268  -29.450  40.638 0.0000000000
61367  -4.325  -48.581  47.977 0.0000000000
61382  -4.743  -48.480  46.628 0.0000000000
61395  -3.709  -49.666  45.622 0.0000000000
62680  -2.836  -49.448  44.200 0.0000000000
61466  -2.002  -49.329  41.933 0.0000000000
60201  -2.001  -49.576  40.248 0.0000000000
58883  -2.037  -50.351  41.531 0.0000000000
56492  -3.075  -51.560  40.847 0.0000000000
52652  -4.877  -54.062  52.442 0.0000000000
51380  -4.400  -54.261  53.124 0.0000000000
51415  -4.213  -54.664  51.984 0.0000000000
86945  -30.011  -27.848  48.283 0.0000000000
78260  -27.320  -35.642  48.629 0.0000000000
76959  -26.915  -36.977  46.958 0.0000000000
79516  -27.395  -34.765  48.133 0.0000000000
80784  -27.679  -33.000  47.132 0.0000000000
82063  -27.813  -32.387  46.430 0.0000000000
83334  -27.930  -30.775  46.909 0.0000000000
85714  -28.414  -29.484  47.542 0.0000000000
59953  -23.002  -48.216  55.804 0.0000000000
60047  -23.850  -47.321  49.954 0.0000000000
60029  -22.807  -47.475  50.326 0.0000000000
60063  -22.398  -47.057  48.766 0.0000000000
60080  -21.813  -47.033  47.540 0.0000000000
101629  -46.810  -17.158  29.165 0.0000000000
102721  -47.187  -15.207  28.623 0.0000000000
103842  -47.789  -14.146  28.499 0.0000000000
105044  -48.618  -13.785  28.037 0.0000000000
68854  -0.027  -42.972  51.374 0.0000000000
66192  -0.554  -44.466  51.117 0.0000000000
66182  -0.370  -44.409  51.761 0.0000000000
62602  -1.097  -46.860  51.864 0.0000000000
61332  -1.272  -47.497  51.796 0.0000000000
89641  -42.748  -26.099  36.534 0.0000000000
88378  -43.921  -26.595  37.680 0.0000000000
82278  -37.609  -30.947  34.984 0.0000000000
83540  -38.008  -29.990  34.760 0.0000000000
85907  -38.618  -28.170  34.146 0.0000000000
85890  -39.296  -28.082  35.051 0.0000000000
88408  -40.865  -27.300  36.054 0.0000000000
57488  -8.810  -50.325  55.484 0.0000000000
56282  -9.493  -50.470  54.954 0.0000000000
56291  -9.089  -50.715  53.445 0.0000000000
55077  -9.071  -50.975  51.847 0.0000000000
56399  -10.293  -50.084  45.734 0.0000000000
56376  -8.911  -50.257  46.896 0.0000000000
74024  -2.126  -38.384  49.500 0.0000000000
74025  -3.057  -38.430  49.264 0.0000000000
74058  -1.751  -39.300  48.172 0.0000000000
72665  -0.683  -39.813  46.932 0.0000000000
71401  -0.496  -40.566  44.798 0.0000000000
65112  -5.581  -45.763  43.195 0.0000000000
66294  -5.143  -43.788  43.445 0.0000000000
65122  -5.658  -45.443  42.322 0.0000000000
65133  -5.667  -45.299  41.366 0.0000000000
66330  -5.439  -44.429  41.084 0.0000000000
64983  -3.279  -45.438  53.295 0.0000000000
64970  -2.593  -45.420  53.803 0.0000000000
62524  -2.024  -47.693  54.741 0.0000000000
52634  -1.460  -54.670  53.641 0.0000000000
55048  -1.231  -52.644  53.398 0.0000000000
53831  -0.896  -53.535  52.859 0.0000000000
55058  -0.009  -53.241  52.459 0.0000000000
55065  -0.238  -52.942  51.476 0.0000000000
56310  -0.075  -52.437  51.491 0.0000000000
53883  -0.675  -53.746  50.879 0.0000000000
52709  -0.836  -54.796  50.017 0.0000000000
52718  -1.175  -55.011  49.026 0.0000000000
75491  -28.444  -38.738  47.323 0.0000000000
74017  -28.560  -38.736  50.165 0.0000000000
75462  -27.830  -38.088  49.921 0.0000000000
76928  -27.432  -36.506  49.153 0.0000000000
79492  -27.626  -34.664  50.162 0.0000000000
80719  -28.419  -33.204  51.282 0.0000000000
61316  -25.761  -46.397  53.132 0.0000000000
64979  -27.116  -44.633  54.438 0.0000000000
63757  -26.375  -45.653  52.893 0.0000000000
61337  -24.763  -46.457  51.414 0.0000000000
62632  -24.120  -46.421  48.853 0.0000000000
97131  -46.252  -19.389  28.852 0.0000000000
100534  -47.657  -18.175  30.041 0.0000000000
99397  -48.265  -17.851  31.286 0.0000000000
83455  -40.403  -30.127  38.840 0.0000000000
85827  -42.152  -29.170  39.620 0.0000000000
83422  -41.146  -30.135  39.835 0.0000000000
83453  -34.716  -29.963  37.598 0.0000000000
80963  -37.394  -31.865  37.007 0.0000000000
80949  -39.123  -30.947  38.008 0.0000000000
61369  -16.086  -47.522  47.743 0.0000000000
60037  -15.618  -47.915  48.719 0.0000000000
60093  -15.272  -47.199  46.757 0.0000000000
58832  -13.994  -47.714  45.765 0.0000000000
74115  -5.096  -39.427  44.498 0.0000000000
74134  -3.674  -39.552  43.398 0.0000000000
67600  -0.851  -42.937  47.731 0.0000000000
67609  -0.912  -42.459  46.993 0.0000000000
66235  -1.718  -43.507  47.371 0.0000000000
65090  -3.454  -44.288  46.897 0.0000000000
66238  -5.195  -44.963  45.866 0.0000000000
62667  -5.230  -47.586  45.513 0.0000000000
62668  -5.402  -47.099  45.115 0.0000000000
65094  -5.589  -46.064  44.672 0.0000000000
63893  -5.075  -47.326  42.306 0.0000000000
61259  -3.824  -49.304  55.461 0.0000000000
57476  -4.014  -51.305  55.946 0.0000000000
56271  -3.366  -52.300  55.729 0.0000000000
53811  -2.953  -53.624  55.200 0.0000000000
51362  -3.872  -54.765  53.848 0.0000000000
51361  -3.506  -55.207  53.898 0.0000000000
51359  -2.205  -54.991  54.181 0.0000000000
50105  -1.853  -55.630  52.634 0.0000000000
48949  -1.726  -56.568  51.475 0.0000000000
47777  -1.673  -57.757  50.299 0.0000000000
84515  -33.825  -28.482  44.465 0.0000000000
85744  -34.793  -28.301  44.954 0.0000000000
85729  -34.175  -28.246  45.625 0.0000000000
76982  -26.875  -37.162  45.372 0.0000000000
85786  -28.360  -28.857  42.189 0.0000000000
84525  -32.309  -28.599  43.904 0.0000000000
58764  -18.594  -48.252  51.821 0.0000000000
60007  -18.350  -47.803  50.745 0.0000000000
61269  -24.410  -47.427  56.014 0.0000000000
59963  -23.481  -47.829  54.823 0.0000000000
58736  -22.482  -48.253  53.620 0.0000000000
58769  -22.426  -47.862  51.289 0.0000000000
58768  -21.872  -48.039  51.433 0.0000000000
58751  -21.105  -48.337  52.269 0.0000000000
59995  -20.162  -47.943  51.346 0.0000000000
60008  -18.935  -47.596  50.727 0.0000000000
60039  -17.477  -47.578  49.067 0.0000000000
61384  -16.714  -47.103  46.856 0.0000000000
103856  -49.633  -13.767  27.315 0.0000000000
103872  -51.139  -14.237  26.668 0.0000000000
103873  -51.937  -14.402  26.759 0.0000000000
74040  -0.554  -39.045  49.205 0.0000000000
71350  -0.323  -40.450  48.637 0.0000000000
74012  -0.267  -39.173  50.671 0.0000000000
71337  -0.285  -40.489  49.607 0.0000000000
70076  -0.424  -41.829  48.148 0.0000000000
67592  -0.969  -43.237  48.779 0.0000000000
65068  -1.751  -44.735  48.937 0.0000000000
62639  -2.765  -46.366  49.263 0.0000000000
63810  -1.263  -45.490  50.470 0.0000000000
62629  -2.467  -46.593  49.736 0.0000000000
62631  -3.529  -47.304  49.329 0.0000000000
60035  -3.530  -49.407  48.789 0.0000000000
60054  -2.756  -50.585  47.502 0.0000000000
58821  -1.970  -51.352  46.727 0.0000000000
92386  -45.326  -23.923  33.337 0.0000000000
87169  -39.604  -27.104  33.685 0.0000000000
87182  -40.418  -26.453  33.054 0.0000000000
88451  -40.819  -26.218  32.691 0.0000000000
88442  -42.812  -25.083  32.976 0.0000000000
90987  -43.866  -24.933  33.640 0.0000000000
56266  -5.753  -51.240  55.990 0.0000000000
55043  -5.653  -52.376  54.612 0.0000000000
55045  -7.310  -51.161  54.725 0.0000000000
55049  -6.612  -51.960  53.870 0.0000000000
53827  -6.229  -52.738  53.647 0.0000000000
52689  -5.217  -53.689  50.021 0.0000000000
58806  -14.909  -48.285  49.065 0.0000000000
57557  -14.527  -48.922  49.705 0.0000000000
57556  -13.906  -49.384  49.959 0.0000000000
57581  -11.995  -49.634  47.384 0.0000000000
57564  -12.836  -49.442  49.224 0.0000000000
57545  -13.148  -49.569  51.307 0.0000000000
57535  -13.232  -49.892  52.106 0.0000000000
56314  -12.410  -50.269  52.335 0.0000000000
56305  -11.541  -50.436  52.717 0.0000000000
56304  -10.661  -50.493  52.409 0.0000000000
56311  -9.729  -50.575  51.372 0.0000000000
55091  -7.958  -51.191  50.833 0.0000000000
56357  -8.577  -50.735  48.071 0.0000000000
55133  -7.655  -51.359  49.192 0.0000000000
55110  -6.821  -51.702  49.573 0.0000000000
55109  -6.085  -52.586  49.085 0.0000000000
75471  -4.698  -37.743  48.511 0.0000000000
74043  -3.214  -38.758  48.575 0.0000000000
74060  -3.589  -39.061  47.886 0.0000000000
74062  -5.064  -38.290  47.295 0.0000000000
72669  -4.290  -39.334  46.270 0.0000000000
72724  -2.742  -39.661  44.081 0.0000000000
74158  -2.429  -40.167  41.690 0.0000000000
68931  -1.104  -41.705  45.780 0.0000000000
68940  -1.178  -41.471  45.048 0.0000000000
68949  -1.589  -41.457  44.208 0.0000000000
66292  -3.520  -42.818  43.678 0.0000000000
67644  -2.989  -42.081  42.997 0.0000000000
70151  -1.470  -41.155  42.915 0.0000000000
70162  -1.642  -41.119  41.924 0.0000000000
71441  -1.993  -40.671  40.962 0.0000000000
74170  -2.331  -39.979  40.350 0.0000000000
70200  -2.180  -41.160  38.898 0.0000000000
61258  -2.917  -49.047  55.278 0.0000000000
59941  -2.015  -49.235  55.209 0.0000000000
61273  -1.535  -48.527  54.282 0.0000000000
57501  -1.028  -51.325  53.081 0.0000000000
59939  -1.382  -49.757  54.076 0.0000000000
62522  -1.171  -47.370  53.912 0.0000000000
62539  -1.080  -47.285  53.270 0.0000000000
63725  -0.683  -46.183  53.219 0.0000000000
63750  -0.620  -46.258  52.772 0.0000000000
62580  -1.069  -47.509  52.955 0.0000000000
61324  -1.348  -48.270  52.127 0.0000000000
60004  -1.799  -49.664  51.490 0.0000000000
57553  -1.015  -52.645  51.079 0.0000000000
58789  -1.262  -51.967  50.990 0.0000000000
58791  -2.251  -50.866  50.018 0.0000000000
58802  -1.878  -51.786  49.247 0.0000000000
57580  -1.623  -52.238  47.385 0.0000000000
56415  -1.655  -52.560  45.651 0.0000000000
47785  -1.438  -57.760  49.362 0.0000000000
46581  -1.345  -58.988  48.059 0.0000000000
47793  -1.409  -57.923  48.610 0.0000000000
49005  -1.452  -57.555  48.218 0.0000000000
50262  -1.475  -56.576  48.292 0.0000000000
51477  -1.517  -55.916  47.766 0.0000000000
51499  -1.684  -56.561  46.021 0.0000000000
52743  -1.427  -55.203  46.999 0.0000000000
52752  -1.601  -54.939  45.626 0.0000000000
53995  -1.656  -54.002  44.993 0.0000000000
55212  -2.168  -52.825  44.371 0.0000000000
55215  -3.312  -53.831  42.547 0.0000000000
54035  -4.088  -54.254  41.283 0.0000000000
73970  -28.465  -38.767  54.230 0.0000000000
73959  -28.501  -38.687  54.912 0.0000000000
72586  -28.547  -39.847  53.245 0.0000000000
73984  -28.440  -38.952  53.368 0.0000000000
71277  -28.614  -40.418  53.843 0.0000000000
71290  -28.527  -40.579  53.047 0.0000000000
72560  -28.517  -39.455  54.702 0.0000000000
71264  -28.523  -40.257  54.533 0.0000000000
73945  -28.391  -38.661  55.512 0.0000000000
93662  -46.129  -23.126  32.601 0.0000000000
93653  -47.530  -22.594  33.458 0.0000000000
93652  -46.796  -23.147  33.279 0.0000000000
92396  -45.141  -23.574  32.722 0.0000000000
93670  -45.484  -23.340  32.539 0.0000000000
93671  -45.707  -23.252  32.504 0.0000000000
92388  -46.214  -22.758  32.206 0.0000000000
84529  -35.891  -28.762  43.675 0.0000000000
84528  -35.084  -28.697  43.752 0.0000000000
84541  -33.494  -28.788  43.069 0.0000000000
83359  -32.933  -29.136  42.449 0.0000000000
83361  -34.654  -28.925  42.346 0.0000000000
60089  -2.518  -50.923  45.131 0.0000000000
60108  -2.410  -50.619  44.542 0.0000000000
58839  -2.308  -51.035  44.299 0.0000000000
57625  -2.250  -51.252  42.883 0.0000000000
57604  -2.223  -51.526  43.960 0.0000000000
51447  -4.509  -55.332  48.824 0.0000000000
66167  -0.271  -44.289  52.294 0.0000000000
64998  -0.441  -45.202  52.741 0.0000000000
85853  -40.750  -28.702  37.661 0.0000000000
87100  -41.753  -28.454  38.392 0.0000000000
85837  -41.637  -28.701  38.444 0.0000000000
83484  -39.983  -29.799  37.625 0.0000000000
83483  -39.584  -29.757  37.139 0.0000000000
84634  -40.441  -29.341  37.740 0.0000000000
57504  -11.501  -50.336  54.789 0.0000000000
56288  -11.239  -50.415  54.724 0.0000000000
56294  -11.492  -50.408  54.234 0.0000000000
58795  -17.280  -48.056  50.120 0.0000000000
70090  -0.446  -41.045  47.429 0.0000000000
71361  -0.418  -40.417  47.645 0.0000000000
62527  -4.458  -48.236  54.807 0.0000000000
50175  -1.120  -56.056  50.495 0.0000000000
51413  -1.131  -55.274  50.974 0.0000000000
50197  -0.876  -56.241  49.887 0.0000000000
78206  -28.435  -35.641  52.925 0.0000000000
78205  -28.115  -35.514  52.287 0.0000000000
80704  -28.648  -33.552  52.534 0.0000000000
65044  -26.481  -44.108  50.934 0.0000000000
65043  -26.196  -44.450  50.358 0.0000000000
65054  -26.087  -44.368  49.832 0.0000000000
97109  -49.633  -19.590  32.467 0.0000000000
95909  -48.563  -20.218  31.653 0.0000000000
97111  -49.153  -19.659  32.014 0.0000000000
82126  -38.755  -30.449  40.033 0.0000000000
83399  -39.379  -30.367  40.626 0.0000000000
82124  -37.137  -30.236  40.074 0.0000000000
82144  -36.919  -30.526  39.339 0.0000000000
82125  -37.951  -30.281  40.124 0.0000000000
82146  -38.198  -30.736  39.342 0.0000000000
76938  -5.084  -36.571  48.083 0.0000000000
75486  -5.443  -37.609  47.335 0.0000000000
63821  -3.396  -46.222  48.286 0.0000000000
62711  -2.625  -48.692  42.466 0.0000000000
63890  -3.178  -48.547  42.359 0.0000000000
62728  -2.699  -48.638  41.994 0.0000000000
63909  -2.950  -48.575  41.571 0.0000000000
62742  -2.079  -48.827  40.659 0.0000000000
61502  -1.755  -49.048  39.911 0.0000000000
53815  -5.213  -52.575  54.634 0.0000000000
53821  -4.667  -52.979  54.392 0.0000000000
52617  -4.609  -53.305  53.964 0.0000000000
48969  -3.315  -56.940  51.251 0.0000000000
86981  -31.075  -27.772  46.021 0.0000000000
86964  -32.269  -27.659  46.924 0.0000000000
86947  -31.618  -27.632  47.625 0.0000000000
76973  -27.984  -38.403  46.840 0.0000000000
87002  -29.474  -28.096  45.802 0.0000000000
85726  -30.821  -27.901  45.526 0.0000000000
58722  -21.951  -48.420  54.805 0.0000000000
58734  -20.990  -48.496  54.022 0.0000000000
58742  -21.029  -48.432  53.118 0.0000000000
61307  -24.866  -46.794  52.856 0.0000000000
59978  -24.319  -47.222  52.898 0.0000000000
59985  -23.980  -47.158  52.028 0.0000000000
60041  -19.477  -47.331  48.604 0.0000000000
61386  -18.619  -46.793  46.361 0.0000000000
60077  -19.564  -46.851  45.913 0.0000000000
68837  0.085  -42.016  50.990 0.0000000000
70050  -0.270  -41.517  50.357 0.0000000000
67548  -0.394  -42.855  50.555 0.0000000000
61333  -1.576  -48.057  51.407 0.0000000000
61334  -1.975  -48.259  50.759 0.0000000000
60006  -2.631  -49.152  50.571 0.0000000000
60019  -2.628  -50.002  50.213 0.0000000000
89665  -43.028  -25.652  35.080 0.0000000000
89667  -44.297  -25.320  35.714 0.0000000000
89650  -42.550  -25.901  35.720 0.0000000000
87139  -41.651  -26.152  34.660 0.0000000000
89664  -42.455  -25.861  35.181 0.0000000000
55075  -7.235  -51.665  51.323 0.0000000000
55090  -7.020  -51.668  50.458 0.0000000000
57583  -12.700  -48.632  46.413 0.0000000000
56359  -11.199  -50.198  48.057 0.0000000000
56332  -10.127  -50.394  49.941 0.0000000000
72703  -0.622  -40.085  44.785 0.0000000000
72704  -0.957  -39.762  44.849 0.0000000000
72705  -1.480  -39.591  44.802 0.0000000000
72722  -1.095  -39.927  44.007 0.0000000000
66276  -4.707  -43.707  44.535 0.0000000000
67647  -4.300  -43.150  41.753 0.0000000000
67680  -3.439  -42.272  40.903 0.0000000000
67682  -4.540  -42.988  40.274 0.0000000000
64954  -2.026  -45.648  54.315 0.0000000000
63712  -1.112  -46.276  54.068 0.0000000000
53809  -2.135  -53.006  54.856 0.0000000000
55031  -1.882  -52.463  54.626 0.0000000000
58745  -0.461  -50.596  52.683 0.0000000000
57534  -0.127  -51.649  52.100 0.0000000000
53958  -1.278  -54.350  48.836 0.0000000000
55153  -1.400  -53.907  49.163 0.0000000000
55154  -1.281  -53.839  48.467 0.0000000000
53969  -1.310  -54.383  47.518 0.0000000000
45355  -1.455  -61.089  45.960 0.0000000000
45354  -1.438  -61.152  46.385 0.0000000000
71334  -28.773  -40.614  50.258 0.0000000000
72627  -28.789  -40.014  50.446 0.0000000000
72617  -28.574  -39.975  51.633 0.0000000000
75414  -28.285  -37.938  53.778 0.0000000000
75423  -28.233  -37.992  52.935 0.0000000000
76881  -28.344  -36.911  53.376 0.0000000000
67542  -27.517  -42.892  51.518 0.0000000000
67558  -27.344  -42.621  50.580 0.0000000000
70031  -28.545  -40.777  51.633 0.0000000000
68849  -28.436  -41.317  51.083 0.0000000000
70046  -28.576  -40.997  51.042 0.0000000000
70058  -28.677  -41.005  50.150 0.0000000000
68815  -28.074  -42.088  53.210 0.0000000000
67506  -27.949  -42.573  53.658 0.0000000000
67526  -27.773  -42.510  52.938 0.0000000000
66189  -27.358  -43.544  51.899 0.0000000000
89703  -42.772  -24.492  32.310 0.0000000000
89717  -42.541  -24.190  31.913 0.0000000000
89718  -43.231  -24.029  31.934 0.0000000000
92405  -44.656  -22.775  31.399 0.0000000000
92423  -44.558  -22.385  30.943 0.0000000000
92422  -43.741  -22.424  30.509 0.0000000000
92424  -45.278  -21.892  30.885 0.0000000000
93689  -45.025  -21.610  30.465 0.0000000000
93664  -46.844  -21.990  32.157 0.0000000000
92408  -46.396  -21.781  31.488 0.0000000000
93672  -46.805  -21.694  31.756 0.0000000000
94782  -47.842  -21.015  31.759 0.0000000000
84558  -37.787  -29.254  42.157 0.0000000000
84545  -37.213  -28.901  42.806 0.0000000000
85761  -36.428  -28.465  44.178 0.0000000000
85762  -37.556  -28.477  43.868 0.0000000000
85747  -37.959  -27.988  44.784 0.0000000000
84574  -30.777  -28.624  41.343 0.0000000000
84597  -31.046  -28.659  40.857 0.0000000000
83414  -32.403  -29.529  40.322 0.0000000000
83437  -33.624  -29.858  39.026 0.0000000000
83415  -33.385  -29.803  40.073 0.0000000000
83375  -35.957  -29.407  41.559 0.0000000000
83396  -36.437  -29.743  40.614 0.0000000000
60074  -3.522  -49.858  47.115 0.0000000000
61381  -4.219  -49.351  46.808 0.0000000000
61429  -2.186  -49.655  43.771 0.0000000000
62679  -2.381  -49.538  44.036 0.0000000000
60128  -2.105  -49.633  43.355 0.0000000000
61447  -2.058  -49.306  42.906 0.0000000000
61446  -2.040  -49.513  42.641 0.0000000000
60169  -2.015  -49.979  41.922 0.0000000000
56480  -2.994  -51.780  41.731 0.0000000000
57652  -2.516  -51.301  41.318 0.0000000000
56493  -3.555  -52.133  40.462 0.0000000000
52671  -4.834  -54.080  51.489 0.0000000000
79504  -27.513  -34.686  49.194 0.0000000000
79505  -27.667  -33.851  48.774 0.0000000000
82032  -28.598  -32.160  48.909 0.0000000000
83335  -27.936  -31.588  46.743 0.0000000000
83327  -28.256  -31.156  47.622 0.0000000000
85703  -28.701  -29.326  48.845 0.0000000000
85702  -28.583  -29.480  48.384 0.0000000000
59936  -22.979  -48.286  56.391 0.0000000000
61360  -23.360  -46.900  48.985 0.0000000000
60064  -22.867  -46.914  48.971 0.0000000000
60082  -22.719  -46.841  48.253 0.0000000000
100533  -47.529  -17.616  29.870 0.0000000000
101633  -46.640  -17.471  28.764 0.0000000000
101622  -47.367  -16.815  29.783 0.0000000000
101618  -47.325  -15.515  30.023 0.0000000000
101621  -47.224  -15.860  29.564 0.0000000000
102715  -47.251  -14.916  29.435 0.0000000000
103827  -47.686  -14.060  29.519 0.0000000000
103812  -47.748  -14.171  30.176 0.0000000000
67530  -0.032  -43.472  51.736 0.0000000000
63779  -0.777  -46.166  51.921 0.0000000000
88387  -43.232  -26.294  37.148 0.0000000000
79727  -37.843  -32.135  35.655 0.0000000000
82255  -38.379  -30.149  35.919 0.0000000000
82254  -38.029  -30.679  35.607 0.0000000000
83522  -38.195  -30.185  35.412 0.0000000000
83541  -38.546  -29.591  35.244 0.0000000000
84675  -38.613  -29.071  34.736 0.0000000000
84659  -38.955  -28.859  35.592 0.0000000000
87126  -40.804  -27.682  36.891 0.0000000000
87125  -40.487  -27.624  36.401 0.0000000000
88395  -41.263  -27.300  36.609 0.0000000000
88396  -41.939  -26.390  36.192 0.0000000000
57494  -10.037  -50.289  55.102 0.0000000000
55062  -9.174  -50.898  52.805 0.0000000000
55069  -9.150  -50.940  52.512 0.0000000000
56398  -9.222  -50.214  45.783 0.0000000000
71374  -0.358  -40.374  46.569 0.0000000000
72684  -0.520  -39.879  45.702 0.0000000000
71388  -0.448  -40.918  45.535 0.0000000000
63894  -5.473  -46.470  42.322 0.0000000000
65144  -5.933  -45.339  40.434 0.0000000000
64955  -2.964  -46.593  54.156 0.0000000000
63714  -2.378  -47.007  54.532 0.0000000000
51376  -1.507  -55.088  53.139 0.0000000000
52633  -1.258  -54.281  53.257 0.0000000000
52651  -1.080  -54.304  52.314 0.0000000000
52669  -0.828  -54.128  51.211 0.0000000000
53842  -0.596  -53.675  52.112 0.0000000000
55057  0.146  -52.968  52.113 0.0000000000
51434  -0.703  -55.312  50.030 0.0000000000
51445  -0.973  -55.280  49.613 0.0000000000
52717  -1.155  -54.843  49.532 0.0000000000
51456  -1.124  -55.121  49.255 0.0000000000
75492  -28.886  -39.006  46.784 0.0000000000
75477  -28.697  -39.066  47.880 0.0000000000
74018  -28.778  -39.352  50.193 0.0000000000
75449  -27.829  -37.712  50.442 0.0000000000
76917  -27.724  -36.966  50.599 0.0000000000
76929  -27.652  -37.428  49.714 0.0000000000
76916  -27.626  -36.340  50.144 0.0000000000
78247  -27.544  -35.536  49.671 0.0000000000
78235  -27.662  -35.435  50.657 0.0000000000
66227  -27.116  -42.031  48.287 0.0000000000
62550  -26.426  -45.809  54.968 0.0000000000
61309  -25.855  -46.526  53.790 0.0000000000
62560  -26.302  -46.250  54.190 0.0000000000
66126  -27.738  -43.614  54.639 0.0000000000
66141  -27.432  -44.186  53.903 0.0000000000
63785  -26.057  -45.315  51.576 0.0000000000
63772  -26.155  -45.498  52.275 0.0000000000
62596  -25.717  -45.792  51.749 0.0000000000
62595  -25.346  -46.189  51.859 0.0000000000
62606  -25.294  -46.143  51.177 0.0000000000
61362  -24.559  -46.511  49.965 0.0000000000
62643  -23.946  -45.834  48.481 0.0000000000
100518  -49.974  -17.410  32.989 0.0000000000
94796  -45.658  -20.901  30.188 0.0000000000
94827  -45.522  -20.332  29.418 0.0000000000
95927  -46.187  -20.427  30.181 0.0000000000
97121  -46.571  -19.560  29.492 0.0000000000
97122  -46.757  -18.898  28.901 0.0000000000
98258  -47.050  -18.914  29.421 0.0000000000
99411  -47.241  -18.635  29.572 0.0000000000
99405  -47.745  -18.649  30.226 0.0000000000
99399  -49.815  -18.356  32.389 0.0000000000
99398  -48.664  -18.257  31.745 0.0000000000
100526  -49.244  -17.516  32.431 0.0000000000
83454  -40.160  -30.385  38.916 0.0000000000
83442  -41.065  -29.897  39.394 0.0000000000
83441  -40.634  -30.212  39.389 0.0000000000
84578  -40.878  -29.928  41.213 0.0000000000
84579  -41.526  -29.811  40.953 0.0000000000
84547  -38.966  -29.194  42.705 0.0000000000
84560  -39.617  -29.443  42.024 0.0000000000
82178  -36.428  -30.859  37.759 0.0000000000
80962  -36.523  -31.324  37.020 0.0000000000
80946  -37.311  -31.389  37.861 0.0000000000
82166  -39.078  -30.925  38.753 0.0000000000
80948  -38.588  -31.322  37.920 0.0000000000
82167  -39.557  -30.718  38.805 0.0000000000
82179  -39.763  -30.434  38.202 0.0000000000
60076  -15.522  -47.474  47.571 0.0000000000
60110  -14.518  -47.465  45.031 0.0000000000
76966  -5.980  -36.473  46.210 0.0000000000
74097  -5.751  -38.549  45.761 0.0000000000
72709  -5.185  -39.383  44.957 0.0000000000
72708  -4.468  -39.525  44.716 0.0000000000
66223  -1.669  -44.092  48.273 0.0000000000
65077  -2.430  -44.402  47.855 0.0000000000
63832  -4.327  -45.933  47.203 0.0000000000
65079  -3.886  -44.950  47.180 0.0000000000
65091  -4.080  -44.286  46.519 0.0000000000
65080  -4.764  -45.164  46.648 0.0000000000
61397  -4.954  -48.337  45.879 0.0000000000
62652  -5.074  -47.592  46.604 0.0000000000
63861  -4.744  -47.691  43.854 0.0000000000
62683  -5.196  -47.445  44.641 0.0000000000
62684  -5.437  -47.074  44.720 0.0000000000
63846  -5.501  -46.637  44.958 0.0000000000
63862  -5.469  -46.976  44.123 0.0000000000
63878  -5.407  -46.709  43.165 0.0000000000
63926  -3.206  -48.521  40.734 0.0000000000
63927  -4.026  -48.299  40.714 0.0000000000
58915  -2.518  -50.427  39.976 0.0000000000
58914  -2.113  -49.997  39.606 0.0000000000
57728  -2.636  -50.720  38.953 0.0000000000
59900  -4.251  -50.286  56.063 0.0000000000
57477  -4.626  -51.207  56.168 0.0000000000
53812  -4.078  -53.003  55.414 0.0000000000
55034  -3.729  -52.869  55.531 0.0000000000
55042  -3.458  -53.309  55.333 0.0000000000
55033  -3.031  -52.979  55.387 0.0000000000
53818  -3.366  -53.698  55.139 0.0000000000
51379  -4.091  -54.703  53.246 0.0000000000
50110  -3.883  -55.277  52.756 0.0000000000
50108  -3.420  -56.096  52.749 0.0000000000
50094  -3.666  -55.416  53.390 0.0000000000
50093  -3.274  -55.657  53.510 0.0000000000
51360  -3.012  -55.283  54.165 0.0000000000
50092  -2.671  -55.615  53.572 0.0000000000
51377  -2.020  -55.419  53.402 0.0000000000
50106  -2.428  -55.892  52.788 0.0000000000
47759  -2.348  -57.096  51.713 0.0000000000
48950  -2.062  -56.702  51.808 0.0000000000
48967  -1.789  -57.006  51.350 0.0000000000
48966  -1.556  -56.776  50.944 0.0000000000
84514  -33.057  -28.524  44.567 0.0000000000
85743  -33.743  -28.399  45.090 0.0000000000
87005  -33.539  -28.318  45.612 0.0000000000
78280  -26.742  -36.095  46.318 0.0000000000
76971  -27.092  -37.296  46.070 0.0000000000
85771  -28.277  -28.894  43.223 0.0000000000
84513  -32.184  -28.354  44.854 0.0000000000
84524  -31.480  -28.454  44.262 0.0000000000
84526  -33.238  -28.645  43.783 0.0000000000
58749  -19.426  -48.409  52.559 0.0000000000
58740  -19.330  -48.758  53.401 0.0000000000
58780  -18.758  -47.847  51.204 0.0000000000
59972  -23.518  -47.746  54.054 0.0000000000
59976  -23.007  -47.968  53.448 0.0000000000
59971  -23.014  -48.104  54.249 0.0000000000
58744  -22.459  -48.144  52.801 0.0000000000
60028  -22.149  -47.389  50.068 0.0000000000
58784  -22.414  -47.678  50.715 0.0000000000
58796  -22.102  -47.598  50.469 0.0000000000
58782  -21.435  -47.886  51.054 0.0000000000
59997  -21.012  -47.826  50.997 0.0000000000
58767  -21.175  -48.088  51.507 0.0000000000
59996  -20.563  -47.896  51.179 0.0000000000
58766  -20.491  -48.136  51.698 0.0000000000
61359  -18.573  -47.159  48.415 0.0000000000
60040  -18.439  -47.333  49.115 0.0000000000
60023  -18.045  -47.700  50.070 0.0000000000
61357  -17.025  -47.497  48.265 0.0000000000
61371  -17.381  -47.175  47.556 0.0000000000
61400  -17.705  -46.616  45.557 0.0000000000
61399  -16.699  -46.715  45.874 0.0000000000
105027  -49.313  -13.207  28.640 0.0000000000
105045  -49.100  -13.584  27.978 0.0000000000
103858  -51.583  -13.856  27.387 0.0000000000
75454  -1.130  -38.037  50.554 0.0000000000
74039  -0.260  -39.244  49.682 0.0000000000
72640  -0.279  -39.695  49.041 0.0000000000
72607  -0.260  -39.661  51.113 0.0000000000
70062  -0.334  -41.274  49.261 0.0000000000
68890  -0.476  -41.848  48.932 0.0000000000
66213  -1.038  -44.157  49.503 0.0000000000
65067  -1.362  -44.551  49.414 0.0000000000
63818  -1.842  -45.373  49.586 0.0000000000
63819  -2.235  -45.496  49.153 0.0000000000
65048  -0.969  -45.301  50.892 0.0000000000
63801  -1.128  -45.806  50.819 0.0000000000
62617  -2.035  -47.299  50.032 0.0000000000
62628  -1.910  -46.395  50.224 0.0000000000
62618  -2.858  -47.363  49.975 0.0000000000
62630  -2.992  -46.866  49.560 0.0000000000
62619  -3.260  -47.487  49.729 0.0000000000
61355  -3.819  -48.335  49.032 0.0000000000
61354  -3.534  -48.823  49.284 0.0000000000
58804  -2.971  -50.802  48.779 0.0000000000
60034  -3.139  -50.324  48.475 0.0000000000
58814  -2.769  -50.747  48.109 0.0000000000
60053  -2.412  -50.807  47.005 0.0000000000
58822  -2.206  -51.006  46.955 0.0000000000
92374  -45.945  -24.243  33.989 0.0000000000
92357  -45.703  -24.624  34.921 0.0000000000
87007  -35.663  -28.047  45.609 0.0000000000
87171  -41.099  -26.172  33.730 0.0000000000
87170  -40.422  -26.578  33.778 0.0000000000
87183  -40.875  -26.324  33.345 0.0000000000
88452  -41.416  -26.070  32.882 0.0000000000
88453  -42.312  -25.134  32.645 0.0000000000
88441  -42.305  -25.581  33.198 0.0000000000
90986  -43.363  -25.245  34.132 0.0000000000
90988  -44.500  -24.276  33.033 0.0000000000
56267  -6.274  -51.039  56.008 0.0000000000
56275  -6.377  -51.178  55.632 0.0000000000
55037  -5.688  -52.029  55.105 0.0000000000
55044  -6.314  -51.925  54.462 0.0000000000
56281  -8.609  -50.693  54.932 0.0000000000
55046  -7.927  -50.913  54.801 0.0000000000
55051  -8.097  -50.989  54.482 0.0000000000
55054  -6.630  -51.983  53.304 0.0000000000
53833  -6.303  -52.956  53.111 0.0000000000
53844  -6.029  -52.963  52.418 0.0000000000
53884  -5.483  -52.894  50.462 0.0000000000
53906  -5.405  -53.681  49.209 0.0000000000
53931  -5.663  -53.350  49.002 0.0000000000
60057  -15.133  -47.733  48.163 0.0000000000
58805  -14.153  -48.652  48.894 0.0000000000
57582  -12.171  -49.275  46.879 0.0000000000
57555  -13.012  -49.496  50.298 0.0000000000
56325  -12.378  -50.091  51.561 0.0000000000
56313  -11.524  -50.306  51.955 0.0000000000
56312  -10.597  -50.333  51.643 0.0000000000
56322  -9.515  -50.575  50.590 0.0000000000
55092  -8.864  -50.863  51.122 0.0000000000
55112  -8.609  -50.799  50.352 0.0000000000
56375  -7.977  -51.011  46.769 0.0000000000
55157  -7.594  -51.305  48.363 0.0000000000
55132  -6.757  -51.793  48.722 0.0000000000
78242  -4.440  -35.452  49.641 0.0000000000
78255  -4.682  -35.438  48.525 0.0000000000
74042  -2.331  -38.746  48.690 0.0000000000
74026  -3.604  -38.512  49.028 0.0000000000
74079  -3.951  -39.250  47.051 0.0000000000
74061  -4.497  -38.597  47.743 0.0000000000
74080  -4.749  -38.859  46.811 0.0000000000
74132  -1.936  -39.709  43.991 0.0000000000
72706  -2.787  -39.612  44.495 0.0000000000
74133  -2.761  -39.761  43.581 0.0000000000
74146  -2.336  -40.071  42.765 0.0000000000
66253  -1.659  -42.910  46.416 0.0000000000
67610  -1.288  -42.472  46.473 0.0000000000
67611  -1.733  -42.476  45.982 0.0000000000
67620  -2.073  -42.171  45.311 0.0000000000
67630  -1.729  -41.707  44.939 0.0000000000
68948  -1.120  -41.322  44.597 0.0000000000
67631  -2.252  -41.768  44.351 0.0000000000
66293  -4.181  -43.361  43.637 0.0000000000
67661  -2.998  -42.155  42.083 0.0000000000
67645  -3.405  -42.577  42.771 0.0000000000
67642  -2.266  -41.624  43.129 0.0000000000
68972  -1.968  -41.465  42.308 0.0000000000
71421  -1.437  -40.903  42.535 0.0000000000
68973  -2.294  -41.563  41.662 0.0000000000
68997  -2.413  -41.190  40.191 0.0000000000
68996  -2.192  -41.085  40.523 0.0000000000
70181  -2.214  -40.845  40.231 0.0000000000
72752  -2.244  -40.293  40.898 0.0000000000
70187  -1.965  -41.187  39.660 0.0000000000
70188  -1.499  -40.994  39.157 0.0000000000
69013  -2.145  -41.105  39.363 0.0000000000
59918  -3.531  -49.929  55.685 0.0000000000
59940  -1.784  -49.551  54.881 0.0000000000
61274  -1.870  -48.566  54.886 0.0000000000
55047  -0.831  -52.710  52.987 0.0000000000
56278  -1.278  -51.673  53.227 0.0000000000
56283  -0.950  -51.966  52.833 0.0000000000
59957  -1.153  -49.572  53.430 0.0000000000
61272  -1.356  -48.489  53.622 0.0000000000
61289  -1.109  -48.330  53.372 0.0000000000
61300  -0.982  -48.319  53.247 0.0000000000
62538  -0.912  -47.144  52.953 0.0000000000
63737  -0.586  -46.123  52.977 0.0000000000
62566  -0.758  -47.323  52.954 0.0000000000
59993  -1.326  -49.672  52.512 0.0000000000
61313  -1.289  -48.425  52.864 0.0000000000
59994  -1.572  -49.740  52.017 0.0000000000
58775  -1.583  -50.987  51.441 0.0000000000
56321  -0.517  -52.892  51.238 0.0000000000
57544  -0.480  -52.192  51.711 0.0000000000
56330  -0.954  -53.285  50.767 0.0000000000
57571  -1.482  -52.940  49.398 0.0000000000
57554  -1.286  -52.364  50.437 0.0000000000
58790  -1.607  -51.614  50.357 0.0000000000
56395  -1.545  -52.830  46.775 0.0000000000
57588  -1.650  -51.950  46.147 0.0000000000
46572  -1.650  -58.849  49.038 0.0000000000
46589  -1.425  -59.450  47.480 0.0000000000
45334  -1.537  -60.058  47.613 0.0000000000
48999  -1.375  -57.256  48.741 0.0000000000
50281  -1.588  -56.976  47.444 0.0000000000
51465  -1.358  -55.581  48.428 0.0000000000
51498  -1.609  -56.268  46.936 0.0000000000
51520  -1.601  -55.739  46.297 0.0000000000
53978  -1.475  -54.252  46.575 0.0000000000
52763  -1.791  -54.492  44.815 0.0000000000
53996  -2.096  -54.037  44.379 0.0000000000
55205  -2.030  -53.432  44.538 0.0000000000
55213  -2.549  -53.137  43.727 0.0000000000
78180  -28.314  -36.118  54.415 0.0000000000
76863  -28.213  -37.069  54.697 0.0000000000
76851  -28.121  -37.221  55.217 0.0000000000
71306  -28.525  -40.491  52.188 0.0000000000
73998  -28.547  -39.572  51.968 0.0000000000
72603  -28.488  -39.421  52.883 0.0000000000
68831  -28.103  -41.870  52.444 0.0000000000
71305  -28.494  -40.914  52.579 0.0000000000
69988  -28.344  -41.034  55.085 0.0000000000
69994  -28.497  -41.033  54.396 0.0000000000
70005  -28.506  -41.228  53.764 0.0000000000
94775  -47.075  -21.971  32.506 0.0000000000
94771  -48.187  -21.887  33.160 0.0000000000
94770  -47.370  -22.050  32.850 0.0000000000
89719  -43.642  -23.997  32.001 0.0000000000
90995  -44.572  -23.672  32.302 0.0000000000
90996  -44.828  -23.084  31.833 0.0000000000
92407  -46.020  -22.108  31.414 0.0000000000
92398  -46.070  -22.502  31.773 0.0000000000
92389  -46.535  -22.368  32.039 0.0000000000
83362  -35.592  -29.174  42.348 0.0000000000
84544  -36.199  -28.998  43.000 0.0000000000
85746  -36.947  -28.032  44.712 0.0000000000
83391  -31.953  -28.907  41.454 0.0000000000
83371  -32.388  -29.071  42.025 0.0000000000
83372  -33.072  -29.385  41.841 0.0000000000
83394  -34.172  -29.378  40.762 0.0000000000
83373  -33.914  -29.060  41.608 0.0000000000
60091  -2.801  -50.653  45.744 0.0000000000
61394  -3.123  -50.250  45.488 0.0000000000
61393  -2.806  -50.437  45.255 0.0000000000
61428  -2.245  -50.093  44.244 0.0000000000
60127  -2.127  -50.132  43.672 0.0000000000
58865  -1.979  -50.585  42.304 0.0000000000
56479  -2.476  -51.653  42.553 0.0000000000
80734  -28.496  -32.657  49.885 0.0000000000
80748  -28.157  -33.253  49.315 0.0000000000
82016  -28.552  -32.424  49.606 0.0000000000
83315  -28.536  -31.450  48.382 0.0000000000
84493  -28.478  -30.974  48.167 0.0000000000
84484  -28.581  -30.818  48.671 0.0000000000
85693  -28.585  -29.829  48.998 0.0000000000
62503  -24.287  -46.902  57.207 0.0000000000
60099  -22.524  -46.561  47.545 0.0000000000
100525  -48.322  -17.371  31.531 0.0000000000
102711  -47.940  -15.286  31.431 0.0000000000
103792  -48.634  -14.439  32.905 0.0000000000
63764  -0.722  -46.453  52.483 0.0000000000
88385  -41.659  -27.549  37.553 0.0000000000
88375  -41.786  -27.742  37.901 0.0000000000
88364  -42.531  -27.904  38.567 0.0000000000
80987  -38.869  -30.836  37.099 0.0000000000
81007  -38.358  -31.523  36.068 0.0000000000
81008  -38.662  -30.717  36.578 0.0000000000
83501  -39.170  -29.786  36.574 0.0000000000
84645  -39.405  -28.909  36.502 0.0000000000
85851  -39.911  -28.702  37.159 0.0000000000
87117  -40.413  -28.034  37.149 0.0000000000
57502  -10.506  -50.380  54.855 0.0000000000
56287  -10.861  -50.443  54.631 0.0000000000
56293  -10.743  -50.504  54.003 0.0000000000
74135  -4.857  -39.447  43.728 0.0000000000
74136  -6.119  -38.940  43.510 0.0000000000
72653  -0.531  -39.711  48.597 0.0000000000
74057  -0.917  -39.522  48.478 0.0000000000
74056  -0.678  -39.793  48.306 0.0000000000
70105  -0.578  -41.374  46.397 0.0000000000
63928  -4.780  -47.897  40.761 0.0000000000
63929  -5.058  -47.021  40.636 0.0000000000
63949  -5.518  -47.346  39.911 0.0000000000
63716  -3.797  -47.392  54.271 0.0000000000
50127  -1.475  -55.562  51.757 0.0000000000
51395  -1.263  -55.097  51.776 0.0000000000
52687  -0.950  -54.924  50.967 0.0000000000
52686  -0.803  -54.511  50.753 0.0000000000
51424  -0.714  -55.176  50.207 0.0000000000
51435  -0.687  -55.825  49.996 0.0000000000
76904  -27.991  -37.191  51.822 0.0000000000
75439  -28.094  -37.877  51.013 0.0000000000
78222  -27.809  -35.464  51.560 0.0000000000
79468  -27.710  -34.893  51.339 0.0000000000
67594  -28.023  -41.632  48.047 0.0000000000
65021  -27.231  -44.176  52.702 0.0000000000
65006  -27.117  -44.435  53.174 0.0000000000
65032  -26.690  -44.381  51.786 0.0000000000
63796  -26.017  -44.960  50.879 0.0000000000
62621  -25.617  -45.394  50.481 0.0000000000
62633  -24.704  -46.066  49.235 0.0000000000
63814  -25.006  -45.097  49.093 0.0000000000
99390  -50.095  -18.534  32.500 0.0000000000
94799  -46.933  -20.798  31.054 0.0000000000
95916  -46.626  -20.222  30.309 0.0000000000
95917  -47.096  -20.464  30.799 0.0000000000
97113  -48.074  -19.572  30.786 0.0000000000
98253  -48.499  -19.094  31.028 0.0000000000
98251  -49.226  -19.016  31.921 0.0000000000
82148  -39.713  -30.619  39.568 0.0000000000
83421  -40.709  -30.404  39.938 0.0000000000
83400  -39.749  -30.538  40.219 0.0000000000
84577  -40.030  -30.218  41.163 0.0000000000
84561  -40.359  -29.628  41.740 0.0000000000
83439  -35.628  -30.111  38.733 0.0000000000
82143  -36.235  -30.355  39.066 0.0000000000
82163  -36.753  -30.817  38.527 0.0000000000
80932  -36.930  -31.058  38.327 0.0000000000
80934  -37.886  -31.128  38.724 0.0000000000
82147  -38.997  -30.817  39.258 0.0000000000
61414  -15.515  -46.743  44.988 0.0000000000
74096  -5.182  -38.916  46.274 0.0000000000
65070  -2.793  -45.063  48.233 0.0000000000
63831  -3.549  -45.674  47.644 0.0000000000
62681  -3.398  -49.083  43.930 0.0000000000
63844  -4.203  -48.529  44.246 0.0000000000
63859  -3.784  -48.754  43.774 0.0000000000
63860  -4.217  -48.313  43.724 0.0000000000
63876  -4.233  -48.065  43.037 0.0000000000
63892  -4.374  -47.911  42.278 0.0000000000
63945  -2.623  -48.570  39.968 0.0000000000
62760  -2.100  -48.753  39.578 0.0000000000
61520  -1.791  -49.009  38.868 0.0000000000
56273  -5.170  -51.959  55.950 0.0000000000
55029  -4.628  -52.132  55.933 0.0000000000
55036  -4.958  -52.307  55.639 0.0000000000
53820  -4.343  -53.324  54.757 0.0000000000
52615  -3.950  -53.980  54.417 0.0000000000
50132  -3.694  -55.665  52.108 0.0000000000
50154  -3.506  -56.239  51.531 0.0000000000
50131  -3.492  -56.209  52.120 0.0000000000
48939  -3.116  -56.339  52.550 0.0000000000
48938  -2.800  -56.400  52.448 0.0000000000
48952  -3.080  -56.867  52.023 0.0000000000
47761  -2.963  -57.387  51.500 0.0000000000
85728  -32.282  -28.079  45.676 0.0000000000
87004  -33.063  -28.237  45.824 0.0000000000
86982  -32.800  -27.923  46.265 0.0000000000
87001  -28.784  -28.603  46.236 0.0000000000
87024  -28.851  -28.478  45.478 0.0000000000
87025  -29.481  -28.124  45.021 0.0000000000
85756  -29.806  -28.253  44.232 0.0000000000
85740  -30.845  -28.177  44.994 0.0000000000
84500  -31.496  -28.139  45.287 0.0000000000
58741  -20.183  -48.531  53.282 0.0000000000
61298  -25.236  -47.083  54.787 0.0000000000
59956  -24.618  -47.369  54.939 0.0000000000
59965  -24.723  -47.275  54.333 0.0000000000
59977  -23.568  -47.642  53.206 0.0000000000
60043  -21.454  -47.400  49.152 0.0000000000
60027  -21.607  -47.483  49.916 0.0000000000
60025  -20.186  -47.612  49.844 0.0000000000
101642  -46.605  -16.368  26.529 0.0000000000
72620  -0.238  -39.765  50.624 0.0000000000
68870  -0.597  -42.956  49.910 0.0000000000
65059  -1.223  -45.041  50.245 0.0000000000
62615  -1.365  -46.692  51.078 0.0000000000
62605  -2.028  -47.599  50.412 0.0000000000
90975  -43.911  -25.075  34.480 0.0000000000
90960  -44.604  -25.089  35.280 0.0000000000
89653  -44.565  -25.298  35.831 0.0000000000
87138  -41.203  -26.441  34.917 0.0000000000
87153  -41.410  -26.121  34.288 0.0000000000
89694  -42.368  -25.649  33.598 0.0000000000
89681  -42.418  -25.700  34.006 0.0000000000
90974  -43.357  -25.430  34.656 0.0000000000
57486  -6.883  -51.115  55.766 0.0000000000
55060  -7.477  -51.503  52.854 0.0000000000
55066  -6.461  -52.198  51.861 0.0000000000
58823  -13.560  -48.360  47.120 0.0000000000
56378  -11.275  -49.725  46.797 0.0000000000
57573  -11.876  -49.892  47.762 0.0000000000
56374  -7.142  -51.646  46.662 0.0000000000
55173  -6.455  -52.131  46.940 0.0000000000
55155  -6.019  -52.723  47.514 0.0000000000
74077  -2.042  -39.405  47.255 0.0000000000
72666  -1.452  -39.473  46.498 0.0000000000
72667  -2.368  -39.399  46.288 0.0000000000
72687  -2.757  -39.521  45.285 0.0000000000
74094  -2.218  -39.465  45.026 0.0000000000
74113  -2.015  -39.486  44.697 0.0000000000
72739  -1.596  -39.929  43.606 0.0000000000
66255  -3.309  -43.604  46.116 0.0000000000
66274  -3.043  -42.660  44.859 0.0000000000
67662  -3.423  -42.449  41.758 0.0000000000
67678  -2.676  -41.759  41.476 0.0000000000
67679  -3.074  -41.995  41.218 0.0000000000
67699  -3.019  -41.804  40.440 0.0000000000
67723  -3.080  -41.670  39.593 0.0000000000
67700  -3.353  -42.038  40.017 0.0000000000
57485  -2.957  -51.359  55.585 0.0000000000
58688  -2.619  -50.746  55.294 0.0000000000
57484  -2.527  -51.396  55.182 0.0000000000
57483  -2.119  -51.311  54.696 0.0000000000
57492  -1.693  -51.275  54.175 0.0000000000
56289  0.239  -52.191  53.296 0.0000000000
57510  -0.546  -51.269  53.325 0.0000000000
57509  0.037  -51.530  53.624 0.0000000000
58724  -0.344  -50.616  53.349 0.0000000000
59966  -0.829  -49.692  53.083 0.0000000000
61306  -1.009  -48.453  53.123 0.0000000000
55130  -1.368  -53.976  49.895 0.0000000000
56337  -1.306  -53.502  50.192 0.0000000000
56353  -1.437  -53.452  49.625 0.0000000000
57572  -1.593  -52.517  48.634 0.0000000000
55185  -1.418  -53.656  47.184 0.0000000000
46597  -1.396  -59.975  46.881 0.0000000000
47804  -1.385  -58.751  47.482 0.0000000000
47810  -1.448  -59.249  46.636 0.0000000000
52753  -2.007  -56.017  45.227 0.0000000000
70083  -29.002  -40.649  48.274 0.0000000000
71347  -29.047  -40.360  49.265 0.0000000000
75429  -28.166  -38.001  51.998 0.0000000000
65055  -26.423  -43.836  49.906 0.0000000000
66209  -26.545  -43.027  49.638 0.0000000000
67574  -27.133  -42.318  49.847 0.0000000000
67575  -27.703  -42.033  49.981 0.0000000000
68848  -28.231  -41.685  51.371 0.0000000000
68864  -28.148  -41.832  50.514 0.0000000000
67586  -27.917  -41.643  48.999 0.0000000000
68901  -28.675  -41.081  48.556 0.0000000000
67489  -27.907  -42.980  54.221 0.0000000000
68772  -28.387  -41.529  54.752 0.0000000000
68798  -28.149  -42.538  54.259 0.0000000000
66161  -27.501  -43.831  53.231 0.0000000000
66179  -27.418  -43.813  52.612 0.0000000000
95900  -49.021  -20.694  32.435 0.0000000000
95897  -49.761  -20.120  32.919 0.0000000000
95896  -49.406  -20.557  32.921 0.0000000000
91009  -42.955  -23.625  31.533 0.0000000000
91028  -43.320  -23.058  31.038 0.0000000000
92421  -42.829  -22.697  30.564 0.0000000000
92437  -43.213  -22.128  30.047 0.0000000000
93708  -44.886  -21.215  29.973 0.0000000000
93690  -45.554  -21.299  30.510 0.0000000000
93679  -46.147  -21.599  31.238 0.0000000000
93692  -46.247  -21.284  31.108 0.0000000000
94788  -46.913  -21.002  31.218 0.0000000000
94789  -47.329  -20.823  31.284 0.0000000000
95904  -48.528  -20.639  31.877 0.0000000000
83397  -37.504  -29.831  40.838 0.0000000000
83377  -37.896  -29.527  41.513 0.0000000000
85776  -38.553  -28.767  43.355 0.0000000000
85775  -37.867  -28.793  43.206 0.0000000000
83413  -31.459  -28.890  40.579 0.0000000000
83450  -31.526  -29.513  38.597 0.0000000000
83451  -32.741  -29.824  38.243 0.0000000000
83417  -35.619  -29.799  39.605 0.0000000000
62642  -4.628  -47.692  47.482 0.0000000000
61368  -4.558  -48.560  47.232 0.0000000000
61396  -4.361  -49.011  45.734 0.0000000000
62665  -3.706  -49.263  44.763 0.0000000000
62664  -3.219  -49.715  44.921 0.0000000000
62710  -2.218  -48.899  42.692 0.0000000000
61485  -1.907  -49.186  40.863 0.0000000000
60187  -2.050  -49.755  41.197 0.0000000000
58899  -2.211  -50.297  40.695 0.0000000000
58900  -2.415  -50.632  40.546 0.0000000000
57679  -2.634  -51.098  40.650 0.0000000000
57705  -3.240  -51.230  39.737 0.0000000000
57680  -3.149  -51.427  40.454 0.0000000000
52636  -4.890  -53.880  53.090 0.0000000000
51398  -4.361  -54.446  52.771 0.0000000000
51414  -3.855  -55.378  51.619 0.0000000000
51427  -4.248  -55.239  50.876 0.0000000000
50155  -3.654  -55.956  51.072 0.0000000000
86962  -30.100  -27.716  47.205 0.0000000000
88249  -30.711  -27.664  48.360 0.0000000000
76943  -27.164  -36.681  48.049 0.0000000000
78270  -26.970  -35.804  47.542 0.0000000000
79528  -26.944  -34.806  47.063 0.0000000000
79517  -27.455  -33.843  47.695 0.0000000000
79529  -27.147  -33.822  46.550 0.0000000000
80805  -27.477  -33.095  45.977 0.0000000000
82072  -27.609  -32.635  45.425 0.0000000000
83343  -27.764  -31.937  45.752 0.0000000000
83342  -27.764  -31.014  46.004 0.0000000000
84492  -28.400  -30.383  47.973 0.0000000000
84499  -28.158  -30.116  47.154 0.0000000000
85725  -28.309  -29.330  46.679 0.0000000000
86978  -28.690  -28.687  47.112 0.0000000000
59952  -22.541  -48.361  56.054 0.0000000000
60031  -24.006  -47.429  50.437 0.0000000000
60014  -23.424  -47.627  50.909 0.0000000000
60030  -23.519  -47.476  50.337 0.0000000000
60045  -22.560  -47.165  49.528 0.0000000000
60081  -22.291  -46.928  47.932 0.0000000000
60062  -21.918  -47.188  48.505 0.0000000000
60061  -21.324  -47.322  48.176 0.0000000000
60078  -20.435  -47.185  46.520 0.0000000000
101632  -46.527  -16.792  27.856 0.0000000000
101628  -46.856  -16.227  28.846 0.0000000000
102723  -47.043  -15.550  27.791 0.0000000000
103868  -47.414  -15.036  27.180 0.0000000000
103869  -48.045  -14.635  26.712 0.0000000000
103843  -48.345  -13.890  28.134 0.0000000000
105008  -48.471  -13.389  29.288 0.0000000000
103813  -48.034  -14.087  30.769 0.0000000000
68836  0.307  -42.482  51.550 0.0000000000
67547  -0.324  -43.434  51.031 0.0000000000
65036  -0.751  -45.291  51.308 0.0000000000
62603  -1.281  -47.032  51.582 0.0000000000
89642  -43.226  -25.952  36.651 0.0000000000
88377  -43.140  -27.068  37.939 0.0000000000
81027  -37.655  -31.788  35.371 0.0000000000
81047  -37.497  -31.491  35.139 0.0000000000
84689  -38.312  -28.978  34.289 0.0000000000
85875  -39.620  -28.077  35.988 0.0000000000
87137  -40.387  -27.233  35.361 0.0000000000
88409  -41.251  -26.785  35.705 0.0000000000
57493  -9.267  -50.445  55.166 0.0000000000
56285  -8.944  -50.556  54.170 0.0000000000
56286  -9.906  -50.430  54.595 0.0000000000
55061  -8.593  -51.188  53.067 0.0000000000
57595  -11.999  -49.496  44.340 0.0000000000
56401  -11.583  -49.620  45.044 0.0000000000
56400  -11.111  -49.941  45.447 0.0000000000
56397  -8.327  -50.936  45.765 0.0000000000
75456  -3.041  -37.857  50.095 0.0000000000
74076  -1.249  -39.631  47.544 0.0000000000
66278  -5.671  -45.236  44.062 0.0000000000
66277  -5.464  -44.332  44.318 0.0000000000
66295  -5.595  -44.732  43.278 0.0000000000
66313  -5.431  -44.282  42.244 0.0000000000
66350  -5.025  -43.682  40.675 0.0000000000
64982  -2.721  -45.037  53.412 0.0000000000
52619  -1.524  -54.210  54.185 0.0000000000
55040  -1.435  -52.597  54.070 0.0000000000
53824  -1.197  -53.502  53.495 0.0000000000
55053  -0.217  -52.939  52.986 0.0000000000
55052  0.290  -52.802  52.821 0.0000000000
56296  0.444  -52.163  52.700 0.0000000000
56302  0.137  -52.245  52.035 0.0000000000
55073  -0.387  -53.005  51.262 0.0000000000
55088  -0.700  -53.521  50.880 0.0000000000
53905  -0.668  -54.164  50.416 0.0000000000
53929  -1.081  -54.408  50.067 0.0000000000
52726  -1.230  -54.703  49.106 0.0000000000
52727  -1.240  -54.927  48.685 0.0000000000
75505  -28.696  -38.703  46.337 0.0000000000
76961  -27.944  -38.210  47.889 0.0000000000
74032  -28.904  -39.237  48.838 0.0000000000
75450  -28.168  -38.335  50.128 0.0000000000
75464  -28.638  -38.845  48.804 0.0000000000
76945  -27.891  -38.091  48.924 0.0000000000
76944  -27.523  -37.462  48.542 0.0000000000
79481  -27.651  -34.702  50.952 0.0000000000
79482  -27.806  -33.885  50.688 0.0000000000
80733  -28.368  -33.041  50.166 0.0000000000
82001  -28.726  -32.204  50.716 0.0000000000
61299  -25.665  -46.697  55.142 0.0000000000
61308  -25.263  -46.707  53.327 0.0000000000
61314  -24.594  -46.761  52.346 0.0000000000
63745  -26.784  -45.179  54.174 0.0000000000
63773  -26.589  -45.063  52.755 0.0000000000
63758  -26.704  -45.244  53.489 0.0000000000
62574  -26.558  -45.741  53.970 0.0000000000
62586  -25.829  -46.063  52.524 0.0000000000
62585  -25.375  -46.286  52.250 0.0000000000
61336  -24.302  -47.108  50.946 0.0000000000
61348  -24.265  -47.044  50.208 0.0000000000
61361  -24.064  -46.925  49.325 0.0000000000
61374  -23.553  -46.494  48.587 0.0000000000
61388  -23.389  -46.011  48.026 0.0000000000
97116  -46.449  -19.846  30.040 0.0000000000
97130  -46.207  -19.733  29.314 0.0000000000
95940  -45.959  -19.538  28.681 0.0000000000
100541  -47.195  -18.282  29.502 0.0000000000
100531  -47.929  -18.013  30.497 0.0000000000
99403  -48.267  -18.466  30.834 0.0000000000
99402  -48.234  -18.065  31.012 0.0000000000
101616  -49.124  -16.629  32.730 0.0000000000
83470  -40.742  -29.619  38.403 0.0000000000
84622  -41.158  -29.411  38.567 0.0000000000
83456  -40.847  -29.761  38.902 0.0000000000
84600  -41.160  -30.126  40.437 0.0000000000
79697  -37.820  -32.229  36.627 0.0000000000
80947  -37.991  -31.550  37.938 0.0000000000
80964  -38.125  -31.788  37.285 0.0000000000
80965  -38.554  -31.361  37.305 0.0000000000
80966  -39.036  -30.835  37.494 0.0000000000
82193  -39.927  -30.129  37.902 0.0000000000
60038  -16.437  -47.801  48.901 0.0000000000
60058  -15.864  -47.693  48.213 0.0000000000
60075  -14.768  -47.548  47.239 0.0000000000
60092  -14.561  -47.414  46.233 0.0000000000
58824  -14.090  -47.910  46.665 0.0000000000
74147  -3.303  -39.768  42.484 0.0000000000
68908  -0.556  -42.455  48.002 0.0000000000
68921  -0.626  -42.138  47.117 0.0000000000
67601  -1.102  -42.967  47.218 0.0000000000
66236  -2.657  -43.821  47.024 0.0000000000
66237  -3.096  -44.078  46.921 0.0000000000
65092  -4.665  -44.471  46.034 0.0000000000
63823  -4.811  -46.819  47.250 0.0000000000
63845  -5.359  -46.580  45.622 0.0000000000
65081  -5.205  -45.729  45.987 0.0000000000
65093  -5.443  -45.921  45.351 0.0000000000
66258  -5.524  -45.173  45.013 0.0000000000
65103  -5.625  -46.069  43.956 0.0000000000
63911  -4.593  -47.884  41.506 0.0000000000
59899  -3.783  -50.531  55.880 0.0000000000
58674  -3.732  -50.936  55.869 0.0000000000
56264  -4.344  -51.731  56.000 0.0000000000
56263  -3.705  -51.786  55.866 0.0000000000
56262  -3.197  -51.789  55.820 0.0000000000
56270  -2.757  -52.086  55.533 0.0000000000
55032  -2.453  -52.660  55.045 0.0000000000
53817  -2.117  -53.667  54.882 0.0000000000
52622  -4.279  -53.953  53.714 0.0000000000
52621  -4.085  -54.194  54.008 0.0000000000
51357  -3.711  -54.386  54.343 0.0000000000
50095  -3.805  -55.176  53.365 0.0000000000
52613  -3.005  -54.184  54.980 0.0000000000
51355  -2.699  -54.710  54.613 0.0000000000
52611  -1.759  -53.944  54.668 0.0000000000
51358  -1.666  -54.952  53.787 0.0000000000
48937  -2.403  -56.358  52.249 0.0000000000
50129  -2.070  -56.006  52.236 0.0000000000
50128  -1.723  -55.981  51.829 0.0000000000
50153  -1.576  -56.303  51.363 0.0000000000
48965  -1.317  -56.452  50.538 0.0000000000
47776  -1.382  -57.291  49.941 0.0000000000
84527  -34.263  -28.592  43.924 0.0000000000
85759  -34.940  -28.567  44.262 0.0000000000
85730  -34.651  -28.124  45.624 0.0000000000
86983  -33.650  -28.096  46.197 0.0000000000
76983  -27.561  -38.205  45.448 0.0000000000
76995  -26.591  -37.011  44.456 0.0000000000
85800  -29.046  -28.584  41.873 0.0000000000
84555  -30.408  -28.530  42.365 0.0000000000
85774  -30.977  -28.473  43.668 0.0000000000
84539  -31.347  -28.551  43.217 0.0000000000
84540  -32.478  -28.838  42.775 0.0000000000
58748  -18.468  -48.588  52.678 0.0000000000
58779  -17.648  -48.138  50.875 0.0000000000
61255  -24.215  -47.344  56.625 0.0000000000
59955  -24.064  -47.526  55.290 0.0000000000
59938  -23.872  -47.602  55.809 0.0000000000
59937  -23.414  -47.905  56.073 0.0000000000
59962  -22.905  -48.251  55.038 0.0000000000
58723  -22.487  -48.316  54.332 0.0000000000
60013  -22.919  -47.705  51.086 0.0000000000
59998  -22.943  -47.726  51.814 0.0000000000
58753  -22.428  -47.971  52.008 0.0000000000
60012  -21.788  -47.595  50.374 0.0000000000
58752  -21.829  -48.209  52.140 0.0000000000
58743  -21.818  -48.348  52.958 0.0000000000
60009  -19.869  -47.763  50.828 0.0000000000
58781  -19.343  -47.757  51.136 0.0000000000
61370  -16.604  -47.386  47.622 0.0000000000
103870  -49.156  -14.183  26.642 0.0000000000
103884  -49.750  -14.458  25.895 0.0000000000
103857  -50.656  -13.731  27.304 0.0000000000
103885  -50.700  -14.563  25.925 0.0000000000
102735  -52.138  -14.890  26.127 0.0000000000
74023  -1.173  -38.413  49.723 0.0000000000
72641  -0.494  -39.471  48.829 0.0000000000
70077  -0.365  -41.123  48.309 0.0000000000
74021  -0.232  -39.271  50.172 0.0000000000
72630  -0.255  -39.737  49.925 0.0000000000
66222  -1.331  -43.784  48.493 0.0000000000
65069  -2.362  -44.961  48.580 0.0000000000
63820  -2.747  -45.816  48.720 0.0000000000
62640  -3.229  -46.560  48.992 0.0000000000
66202  -0.821  -44.522  50.430 0.0000000000
63811  -1.497  -45.693  50.258 0.0000000000
62627  -1.381  -46.252  50.644 0.0000000000
63812  -2.136  -45.915  49.741 0.0000000000
60056  -3.858  -49.480  47.835 0.0000000000
60055  -3.248  -50.038  47.769 0.0000000000
60073  -3.094  -50.283  46.902 0.0000000000
60072  -2.809  -50.616  46.459 0.0000000000
60070  -2.366  -51.075  45.773 0.0000000000
58830  -2.212  -51.293  45.376 0.0000000000
87090  -42.508  -28.652  39.308 0.0000000000
85745  -36.002  -28.340  44.926 0.0000000000
85919  -38.832  -27.526  33.488 0.0000000000
87181  -39.498  -26.873  33.112 0.0000000000
87202  -39.963  -26.439  32.777 0.0000000000
88469  -40.470  -25.983  32.223 0.0000000000
88470  -41.600  -25.236  32.222 0.0000000000
88454  -42.955  -24.709  32.650 0.0000000000
89696  -43.589  -24.716  32.809 0.0000000000
56274  -5.478  -51.708  55.729 0.0000000000
53822  -5.347  -52.762  54.165 0.0000000000
56277  -8.111  -50.658  55.331 0.0000000000
56276  -7.288  -51.096  55.220 0.0000000000
55039  -7.225  -51.008  55.025 0.0000000000
55050  -7.348  -51.414  54.170 0.0000000000
53823  -6.087  -52.571  54.042 0.0000000000
53832  -5.666  -53.345  53.393 0.0000000000
53843  -5.599  -53.556  52.829 0.0000000000
53862  -5.384  -53.570  52.186 0.0000000000
52672  -5.102  -53.583  50.786 0.0000000000
53863  -5.531  -52.999  51.492 0.0000000000
58807  -15.806  -48.039  49.168 0.0000000000
58793  -15.409  -48.617  50.301 0.0000000000
57566  -14.291  -48.761  49.165 0.0000000000
58777  -15.566  -48.785  50.902 0.0000000000
57546  -14.004  -49.186  51.055 0.0000000000
57574  -12.498  -49.386  48.082 0.0000000000
57536  -14.070  -49.523  51.930 0.0000000000
56306  -12.316  -50.344  53.034 0.0000000000
56300  -11.497  -50.452  53.471 0.0000000000
56303  -9.817  -50.592  52.118 0.0000000000
56338  -8.803  -50.660  49.084 0.0000000000
55158  -8.271  -51.032  48.864 0.0000000000
55134  -8.394  -50.892  49.571 0.0000000000
55111  -7.777  -51.264  50.009 0.0000000000
55131  -6.212  -52.646  48.298 0.0000000000
53947  -5.782  -53.357  48.552 0.0000000000
75472  -5.220  -37.400  47.932 0.0000000000
75457  -3.930  -38.009  49.427 0.0000000000
74044  -4.039  -38.610  48.635 0.0000000000
75485  -5.064  -37.968  47.808 0.0000000000
72670  -4.817  -39.179  46.283 0.0000000000
72688  -3.868  -39.525  45.472 0.0000000000
72707  -3.469  -39.605  44.669 0.0000000000
72725  -3.189  -39.638  44.038 0.0000000000
68930  -0.885  -41.868  46.412 0.0000000000
70120  -0.758  -41.344  45.542 0.0000000000
70130  -0.893  -41.355  45.173 0.0000000000
71400  -0.567  -41.012  44.823 0.0000000000
71409  -0.814  -40.971  43.992 0.0000000000
66291  -3.248  -42.409  44.006 0.0000000000
66311  -3.755  -43.017  42.974 0.0000000000
67633  -3.236  -42.373  43.475 0.0000000000
67632  -2.920  -42.069  43.990 0.0000000000
68950  -2.111  -41.601  43.709 0.0000000000
70140  -1.403  -41.270  43.605 0.0000000000
72736  -1.006  -40.790  43.584 0.0000000000
72737  -1.237  -40.640  43.200 0.0000000000
72745  -1.724  -40.547  42.024 0.0000000000
68983  -1.985  -41.287  41.344 0.0000000000
71432  -1.677  -40.857  41.666 0.0000000000
72746  -2.086  -40.303  41.899 0.0000000000
72753  -2.357  -40.206  41.271 0.0000000000
74171  -2.511  -39.923  40.610 0.0000000000
72761  -2.071  -39.997  39.599 0.0000000000
72769  -1.818  -39.961  39.116 0.0000000000
71469  -1.968  -40.557  38.724 0.0000000000
69015  -3.243  -41.662  39.318 0.0000000000
70191  -3.010  -41.244  38.762 0.0000000000
66127  -0.367  -44.161  52.963 0.0000000000
62511  -3.424  -48.667  55.127 0.0000000000
62525  -2.775  -48.086  54.833 0.0000000000
59917  -2.514  -49.821  55.350 0.0000000000
61257  -2.258  -49.020  55.247 0.0000000000
61275  -2.303  -48.468  55.081 0.0000000000
62523  -1.571  -47.492  54.342 0.0000000000
56279  -1.528  -51.865  53.905 0.0000000000
57491  -1.353  -51.281  53.565 0.0000000000
58698  -1.482  -50.752  53.937 0.0000000000
58712  -1.121  -50.680  53.524 0.0000000000
63726  -0.841  -46.290  53.615 0.0000000000
64981  -0.456  -45.125  52.996 0.0000000000
61325  -1.609  -48.920  51.840 0.0000000000
58774  -1.239  -51.849  51.790 0.0000000000
58776  -1.951  -50.604  50.880 0.0000000000
58803  -2.502  -51.339  48.902 0.0000000000
58812  -1.984  -51.758  48.078 0.0000000000
47786  -1.606  -58.238  49.589 0.0000000000
45323  -1.497  -59.528  48.046 0.0000000000
46571  -1.470  -58.508  48.618 0.0000000000
48992  -1.210  -57.008  49.267 0.0000000000
50241  -1.226  -56.545  48.920 0.0000000000
51457  -1.154  -55.602  49.014 0.0000000000
52734  -1.312  -55.032  47.990 0.0000000000
49020  -1.573  -58.532  46.179 0.0000000000
50300  -1.586  -57.280  46.726 0.0000000000
53986  -1.580  -53.957  45.717 0.0000000000
55204  -1.735  -53.207  45.151 0.0000000000
56438  -1.950  -52.314  44.626 0.0000000000
56461  -2.321  -52.117  43.588 0.0000000000
55225  -2.817  -52.768  42.681 0.0000000000
55240  -4.040  -53.331  40.708 0.0000000000
46582  -1.507  -59.158  48.374 0.0000000000
47760  -2.645  -57.238  51.618 0.0000000000
47767  -1.754  -57.277  50.995 0.0000000000
47768  -2.126  -57.436  51.250 0.0000000000
48981  -1.397  -56.975  50.302 0.0000000000
49027  -1.522  -57.688  46.779 0.0000000000
49028  -1.534  -57.834  46.570 0.0000000000
50130  -3.307  -56.446  52.211 0.0000000000
51354  -2.272  -54.603  54.573 0.0000000000
51356  -3.381  -54.695  54.405 0.0000000000
51363  -4.086  -54.455  53.739 0.0000000000
51375  -1.308  -54.840  52.566 0.0000000000
51378  -3.904  -54.955  53.352 0.0000000000
51426  -3.884  -55.715  51.015 0.0000000000
51521  -1.700  -55.800  45.795 0.0000000000
52609  -2.421  -53.805  54.991 0.0000000000
52610  -2.651  -53.860  55.064 0.0000000000
52612  -2.202  -54.079  54.839 0.0000000000
52618  -1.310  -54.003  53.676 0.0000000000
52620  -2.002  -54.522  54.519 0.0000000000
52635  -4.452  -54.027  53.347 0.0000000000
52701  -5.302  -53.712  49.521 0.0000000000
53810  -2.423  -53.461  54.999 0.0000000000
53813  -4.370  -52.892  55.251 0.0000000000
53819  -3.896  -53.466  55.139 0.0000000000
53825  -1.346  -53.272  54.043 0.0000000000
53826  -5.683  -53.030  53.802 0.0000000000
53841  -0.212  -53.394  52.023 0.0000000000
53861  -0.783  -54.009  51.529 0.0000000000
55030  -4.988  -52.080  56.037 0.0000000000
55041  -3.210  -53.414  55.295 0.0000000000
56272  -4.001  -52.224  55.766 0.0000000000
56280  -7.673  -50.913  54.914 0.0000000000
56284  -1.352  -52.102  53.352 0.0000000000
56297  -9.166  -50.857  53.048 0.0000000000
57475  -3.461  -51.327  55.792 0.0000000000
57487  -7.667  -50.653  55.708 0.0000000000
57503  -10.983  -50.386  54.860 0.0000000000
57678  -2.302  -50.789  40.868 0.0000000000
58675  -4.196  -50.818  56.060 0.0000000000
58687  -2.262  -50.869  54.969 0.0000000000
58783  -21.899  -47.811  50.818 0.0000000000
58797  -22.353  -47.518  50.393 0.0000000000
59913  -22.900  -48.330  56.991 0.0000000000
59915  -23.837  -47.607  56.226 0.0000000000
59954  -23.439  -47.874  55.500 0.0000000000
59961  -22.486  -48.367  55.538 0.0000000000
59973  -24.179  -47.482  53.796 0.0000000000
59979  -24.833  -46.943  53.166 0.0000000000
59999  -23.440  -47.536  51.583 0.0000000000
60011  -21.325  -47.696  50.542 0.0000000000
60015  -23.872  -47.527  50.798 0.0000000000
60021  -3.403  -49.067  49.444 0.0000000000
60036  -3.942  -49.012  48.440 0.0000000000
60046  -23.265  -47.202  49.618 0.0000000000
60071  -2.447  -50.932  46.297 0.0000000000
60109  -2.563  -50.518  44.789 0.0000000000
60146  -2.113  -49.960  42.680 0.0000000000
60235  -1.785  -49.421  38.404 0.0000000000
61244  -23.807  -47.389  57.204 0.0000000000
61245  -24.294  -47.154  56.995 0.0000000000
61271  -25.563  -46.519  55.883 0.0000000000
61285  -24.313  -47.473  55.672 0.0000000000
61286  -24.947  -47.252  55.498 0.0000000000
61288  -0.898  -47.902  53.467 0.0000000000
61315  -25.263  -46.484  52.621 0.0000000000
61326  -24.367  -46.830  51.685 0.0000000000
61327  -24.931  -46.435  52.032 0.0000000000
61344  -1.654  -47.627  50.955 0.0000000000
61346  -3.380  -48.329  49.757 0.0000000000
61347  -3.537  -47.840  49.545 0.0000000000
61349  -24.659  -46.487  50.697 0.0000000000
61356  -16.393  -47.589  48.151 0.0000000000
61373  -23.095  -46.748  48.520 0.0000000000
61379  -3.152  -50.391  46.274 0.0000000000
61410  -2.435  -50.287  44.513 0.0000000000
61412  -2.884  -49.848  44.777 0.0000000000
61467  -1.980  -49.103  42.258 0.0000000000
62519  -25.490  -46.452  56.098 0.0000000000
62561  -26.510  -45.771  54.493 0.0000000000
62573  -26.307  -46.073  53.422 0.0000000000
62604  -1.805  -47.522  50.661 0.0000000000
62607  -25.735  -45.682  51.019 0.0000000000
62614  -1.119  -46.411  51.398 0.0000000000
62616  -1.720  -46.997  50.665 0.0000000000
62695  -2.322  -49.235  43.487 0.0000000000
62697  -3.332  -48.804  43.513 0.0000000000
62727  -2.291  -48.812  41.632 0.0000000000
62743  -2.240  -48.769  41.033 0.0000000000
63727  -3.809  -46.928  53.925 0.0000000000
63791  -1.913  -47.192  50.424 0.0000000000
63792  -2.117  -47.195  50.237 0.0000000000
63797  -26.309  -44.764  51.456 0.0000000000
63802  -1.192  -46.026  50.723 0.0000000000
63804  -2.096  -46.977  50.011 0.0000000000
63805  -25.300  -45.350  49.843 0.0000000000
63813  -2.511  -46.046  49.328 0.0000000000
63843  -3.935  -48.909  44.307 0.0000000000
63874  -3.080  -48.624  42.852 0.0000000000
63875  -3.503  -48.542  43.092 0.0000000000
63908  -2.532  -48.681  41.331 0.0000000000
63924  -2.269  -48.705  40.567 0.0000000000
63925  -2.456  -48.675  40.850 0.0000000000
63947  -4.168  -48.226  39.927 0.0000000000
64956  -3.534  -46.814  54.009 0.0000000000
64992  -27.217  -44.509  53.884 0.0000000000
64993  -27.376  -44.299  54.208 0.0000000000
65007  -27.368  -44.065  52.962 0.0000000000
65020  -26.852  -44.501  52.471 0.0000000000
65033  -27.180  -44.085  52.161 0.0000000000
66160  -27.402  -44.169  53.655 0.0000000000
66198  -26.618  -43.396  50.344 0.0000000000
66210  -26.816  -42.786  50.157 0.0000000000
66219  -26.796  -42.372  49.330 0.0000000000
66234  -1.222  -43.272  47.709 0.0000000000
66239  -5.341  -45.419  45.598 0.0000000000
66259  -5.612  -45.617  44.451 0.0000000000
66310  -3.538  -42.797  43.122 0.0000000000
67490  -28.085  -42.566  54.022 0.0000000000
67505  -27.686  -43.161  53.474 0.0000000000
67563  -0.500  -43.063  50.335 0.0000000000
67585  -27.268  -41.903  49.169 0.0000000000
67619  -1.521  -41.946  45.625 0.0000000000
67643  -2.494  -41.739  43.350 0.0000000000
67659  -2.259  -41.620  42.878 0.0000000000
67698  -2.693  -41.609  40.698 0.0000000000
67722  -2.796  -41.534  39.784 0.0000000000
68783  -28.226  -42.490  54.481 0.0000000000
68799  -28.277  -42.110  53.859 0.0000000000
68883  -28.217  -41.591  49.767 0.0000000000
68939  -1.016  -41.327  44.821 0.0000000000
68960  -1.901  -41.492  43.257 0.0000000000
68961  -2.218  -41.618  43.369 0.0000000000
69012  -2.286  -40.965  39.791 0.0000000000
69014  -2.533  -41.345  39.241 0.0000000000
69027  -1.850  -41.202  38.991 0.0000000000
69028  -2.063  -41.222  39.100 0.0000000000
69983  -28.308  -40.528  55.423 0.0000000000
70045  -28.438  -41.279  51.383 0.0000000000
70121  -0.961  -41.447  45.397 0.0000000000
70129  -0.825  -41.194  44.736 0.0000000000
70139  -1.106  -41.206  44.114 0.0000000000
70150  -1.135  -41.077  43.575 0.0000000000
70172  -1.847  -40.996  41.020 0.0000000000
70189  -2.383  -41.318  38.993 0.0000000000
70190  -2.720  -41.328  38.968 0.0000000000
70199  -1.571  -41.059  38.885 0.0000000000
70208  -1.858  -40.867  38.738 0.0000000000
70209  -2.407  -40.736  38.600 0.0000000000
71256  -28.408  -40.093  55.120 0.0000000000
71291  -28.525  -40.248  52.688 0.0000000000
71389  -0.339  -40.374  45.565 0.0000000000
71420  -1.156  -40.906  43.313 0.0000000000
71448  -2.256  -40.533  40.101 0.0000000000
71454  -1.674  -40.916  39.461 0.0000000000
71455  -1.452  -40.597  39.042 0.0000000000
71462  -1.687  -40.484  38.809 0.0000000000
72604  -28.529  -39.835  52.505 0.0000000000
72690  -5.447  -39.130  45.261 0.0000000000
72720  -0.891  -40.698  43.796 0.0000000000
72721  -0.875  -40.377  43.957 0.0000000000
72726  -3.898  -39.538  44.092 0.0000000000
72760  -2.165  -40.237  40.006 0.0000000000
72768  -1.469  -40.311  39.530 0.0000000000
74031  -28.573  -38.748  49.490 0.0000000000
74114  -2.395  -39.616  44.257 0.0000000000
74145  -2.129  -40.216  42.350 0.0000000000
74184  -2.316  -39.905  40.026 0.0000000000
75438  -27.863  -37.336  50.872 0.0000000000
75463  -28.225  -38.429  49.350 0.0000000000
75476  -28.339  -38.616  48.367 0.0000000000
76930  -27.844  -38.074  49.533 0.0000000000
78221  -27.673  -35.133  51.139 0.0000000000
79698  -38.317  -31.959  36.808 0.0000000000
79699  -38.440  -31.636  36.843 0.0000000000
79712  -38.142  -32.271  36.242 0.0000000000
79728  -38.325  -32.047  36.038 0.0000000000
80749  -28.411  -32.826  49.563 0.0000000000
80765  -28.321  -32.950  49.131 0.0000000000
80920  -38.168  -30.957  39.020 0.0000000000
80921  -38.411  -30.967  38.978 0.0000000000
80933  -37.175  -31.117  38.421 0.0000000000
80936  -39.014  -30.991  38.401 0.0000000000
80961  -36.061  -31.239  36.577 0.0000000000
80986  -38.540  -31.301  36.875 0.0000000000
81006  -38.021  -31.882  35.643 0.0000000000
81028  -37.911  -31.242  35.524 0.0000000000
82002  -28.582  -32.417  50.086 0.0000000000
82033  -28.436  -32.671  49.156 0.0000000000
82128  -39.788  -30.600  39.943 0.0000000000
82145  -37.563  -30.572  39.505 0.0000000000
82165  -37.758  -30.824  39.140 0.0000000000
82180  -40.125  -30.148  38.307 0.0000000000
82192  -39.445  -30.383  37.535 0.0000000000
82208  -39.282  -30.201  37.062 0.0000000000
82229  -38.774  -30.350  36.428 0.0000000000
83326  -28.187  -30.628  47.428 0.0000000000
83370  -32.060  -28.886  41.817 0.0000000000
83419  -39.907  -30.467  40.541 0.0000000000
83420  -40.136  -30.561  40.093 0.0000000000
83469  -40.345  -29.957  38.338 0.0000000000
84472  -28.580  -30.162  49.090 0.0000000000
84501  -31.742  -28.168  45.282 0.0000000000
84511  -31.088  -28.261  44.939 0.0000000000
84512  -31.368  -28.242  45.029 0.0000000000
84575  -31.432  -28.727  41.214 0.0000000000
84598  -40.170  -30.429  40.590 0.0000000000
84614  -41.488  -29.516  39.215 0.0000000000
84625  -40.524  -29.612  38.027 0.0000000000
84632  -39.751  -28.811  36.999 0.0000000000
84635  -40.668  -29.381  37.929 0.0000000000
84644  -39.662  -28.649  36.801 0.0000000000
84674  -38.073  -29.425  34.400 0.0000000000
85694  -28.827  -29.377  49.363 0.0000000000
85716  -32.271  -27.819  46.241 0.0000000000
85727  -31.440  -28.000  45.522 0.0000000000
85741  -31.101  -28.099  45.270 0.0000000000
85757  -30.785  -28.372  44.250 0.0000000000
85758  -31.177  -28.493  43.848 0.0000000000
85773  -30.454  -28.424  43.368 0.0000000000
85799  -28.653  -28.780  41.622 0.0000000000
85838  -41.735  -28.904  38.730 0.0000000000
85844  -41.434  -28.681  38.219 0.0000000000
85845  -41.148  -29.076  38.159 0.0000000000
85852  -40.042  -28.592  37.189 0.0000000000
85854  -40.781  -29.144  37.860 0.0000000000
85862  -39.792  -28.567  36.991 0.0000000000
86946  -30.822  -27.674  47.782 0.0000000000
87026  -30.255  -28.096  44.769 0.0000000000
87101  -42.316  -28.230  38.682 0.0000000000
87110  -41.942  -28.096  38.299 0.0000000000
87118  -41.049  -27.876  37.336 0.0000000000
88394  -40.879  -27.422  36.334 0.0000000000
88397  -43.518  -25.925  36.721 0.0000000000
88411  -42.371  -25.850  34.849 0.0000000000
88424  -42.526  -25.745  34.521 0.0000000000
88471  -42.236  -24.707  32.195 0.0000000000
89666  -43.854  -25.442  35.567 0.0000000000
89682  -42.924  -25.559  34.315 0.0000000000
89705  -43.895  -24.094  32.236 0.0000000000
90958  -43.339  -25.515  34.919 0.0000000000
91011  -44.712  -22.925  31.585 0.0000000000
92387  -45.973  -22.980  32.306 0.0000000000
93661  -45.637  -23.474  32.812 0.0000000000
93678  -45.731  -21.757  31.084 0.0000000000
93680  -46.563  -21.370  31.331 0.0000000000
93709  -45.248  -21.226  30.194 0.0000000000
94797  -45.907  -20.952  30.459 0.0000000000
94810  -45.791  -20.511  29.898 0.0000000000
94811  -46.053  -20.719  30.353 0.0000000000
95905  -48.947  -20.198  31.968 0.0000000000
95915  -46.327  -20.051  29.978 0.0000000000
95926  -46.048  -20.101  29.704 0.0000000000
95964  -45.847  -19.445  28.394 0.0000000000
97114  -48.620  -19.757  31.503 0.0000000000
97117  -46.568  -19.848  29.945 0.0000000000
97120  -46.360  -19.871  29.714 0.0000000000
99400  -50.281  -18.130  32.607 0.0000000000
103854  -47.596  -14.705  27.704 0.0000000000
103855  -48.528  -14.045  27.605 0.0000000000
105007  -47.996  -13.696  28.836 0.0000000000
105025  -48.060  -13.803  28.561 0.0000000000
105026  -48.459  -13.656  28.473 0.0000000000
164054  -2.614  -41.024  38.620 0.0000000000
