#!ascii label  , from subject sub-01 vox2ras=TkReg
1215
52719  -4.944  -54.846  47.685 0.0000000000
66361  -28.184  -42.365  40.085 0.0000000000
77092  -25.446  -36.676  39.223 0.0000000000
61436  -21.634  -46.056  43.855 0.0000000000
88462  -33.986  -27.582  30.125 0.0000000000
82299  -30.463  -30.943  31.792 0.0000000000
68913  -29.088  -41.059  47.473 0.0000000000
66317  -25.227  -43.171  42.895 0.0000000000
88485  -40.411  -25.192  31.622 0.0000000000
93727  -43.818  -21.176  29.373 0.0000000000
99433  -46.265  -18.209  27.196 0.0000000000
84594  -27.863  -29.717  40.424 0.0000000000
82221  -25.690  -31.997  35.077 0.0000000000
83465  -31.870  -29.446  37.394 0.0000000000
79723  -35.860  -32.656  34.081 0.0000000000
60149  -15.259  -46.976  42.503 0.0000000000
48982  -3.358  -57.451  50.251 0.0000000000
74190  -28.037  -39.585  40.141 0.0000000000
80848  -27.558  -33.139  44.339 0.0000000000
61506  -18.386  -46.632  38.853 0.0000000000
63996  -20.885  -45.397  36.918 0.0000000000
97186  -46.587  -20.766  21.768 0.0000000000
103882  -48.198  -14.805  26.091 0.0000000000
81145  -32.537  -31.490  29.944 0.0000000000
84687  -37.413  -29.477  33.576 0.0000000000
55197  -6.261  -53.164  44.450 0.0000000000
42515  -2.680  -62.265  47.054 0.0000000000
92420  -41.965  -22.986  30.565 0.0000000000
83449  -29.931  -29.323  39.083 0.0000000000
58901  -13.707  -49.338  40.154 0.0000000000
50220  -4.277  -56.881  48.508 0.0000000000
69043  -28.504  -41.732  36.726 0.0000000000
70182  -28.802  -40.735  40.689 0.0000000000
61473  -20.348  -46.486  41.069 0.0000000000
61526  -19.945  -46.821  37.884 0.0000000000
63932  -21.456  -45.072  41.417 0.0000000000
66337  -26.511  -42.641  41.856 0.0000000000
67731  -25.299  -42.510  38.970 0.0000000000
66417  -26.983  -43.287  37.300 0.0000000000
60114  -21.006  -46.881  44.810 0.0000000000
61434  -18.748  -46.483  42.973 0.0000000000
95996  -40.132  -21.285  25.083 0.0000000000
96016  -44.210  -20.788  22.601 0.0000000000
101642  -46.605  -16.368  26.529 0.0000000000
83537  -27.671  -30.411  33.050 0.0000000000
81116  -31.810  -32.163  30.251 0.0000000000
79780  -36.893  -32.953  33.712 0.0000000000
57607  -10.555  -50.062  43.016 0.0000000000
56419  -9.543  -50.414  44.711 0.0000000000
56375  -7.977  -51.011  46.769 0.0000000000
55216  -7.457  -52.681  42.145 0.0000000000
43971  -3.634  -62.230  46.414 0.0000000000
67623  -28.796  -41.352  44.724 0.0000000000
72696  -29.580  -39.731  44.569 0.0000000000
74049  -29.065  -39.329  47.244 0.0000000000
62670  -23.576  -45.009  46.975 0.0000000000
65114  -22.772  -43.320  44.459 0.0000000000
66241  -25.573  -42.763  46.341 0.0000000000
66284  -27.501  -42.512  45.062 0.0000000000
89714  -37.578  -25.674  31.438 0.0000000000
92432  -38.779  -23.498  29.727 0.0000000000
94821  -41.177  -21.129  28.339 0.0000000000
95959  -42.784  -20.204  26.859 0.0000000000
97162  -44.665  -19.354  25.045 0.0000000000
95963  -45.608  -19.434  28.015 0.0000000000
80931  -26.645  -32.788  40.153 0.0000000000
79709  -25.750  -33.768  36.964 0.0000000000
82187  -26.817  -31.009  37.571 0.0000000000
83497  -28.192  -29.860  35.781 0.0000000000
82251  -30.667  -30.010  33.918 0.0000000000
81023  -32.636  -31.359  33.503 0.0000000000
83482  -33.920  -30.467  36.113 0.0000000000
58854  -13.915  -48.055  44.139 0.0000000000
57631  -12.355  -49.503  41.770 0.0000000000
99466  -51.524  -18.132  22.633 0.0000000000
47778  -2.328  -58.145  50.581 0.0000000000
72792  -27.940  -40.384  37.197 0.0000000000
77070  -26.501  -37.975  40.267 0.0000000000
75547  -28.827  -38.803  43.996 0.0000000000
77009  -26.578  -36.770  43.467 0.0000000000
78360  -26.505  -35.042  41.770 0.0000000000
83369  -27.432  -31.237  43.201 0.0000000000
67705  -22.573  -43.121  40.544 0.0000000000
61416  -17.770  -46.399  44.406 0.0000000000
61486  -16.424  -47.065  40.556 0.0000000000
99455  -45.685  -18.348  23.999 0.0000000000
100580  -47.305  -16.833  23.364 0.0000000000
100582  -49.694  -16.911  23.053 0.0000000000
102762  -50.514  -15.344  24.742 0.0000000000
51501  -5.562  -56.516  45.068 0.0000000000
49022  -4.589  -58.433  46.195 0.0000000000
84737  -33.314  -30.192  30.050 0.0000000000
79803  -34.184  -32.314  32.338 0.0000000000
82355  -35.467  -31.333  32.343 0.0000000000
85937  -36.008  -28.678  32.054 0.0000000000
87180  -38.695  -27.312  32.960 0.0000000000
53970  -5.225  -54.397  46.791 0.0000000000
46591  -3.789  -59.133  47.607 0.0000000000
45327  -3.218  -60.387  48.056 0.0000000000
45324  -1.728  -59.900  48.320 0.0000000000
50221  -4.422  -56.276  48.342 0.0000000000
67709  -28.141  -42.381  39.095 0.0000000000
67733  -28.546  -42.108  38.302 0.0000000000
67688  -28.997  -41.741  40.444 0.0000000000
61453  -21.161  -46.166  42.780 0.0000000000
61474  -21.077  -46.213  41.361 0.0000000000
62712  -21.600  -45.373  43.032 0.0000000000
66360  -27.555  -42.587  40.334 0.0000000000
66377  -26.632  -42.680  39.588 0.0000000000
66398  -27.200  -42.794  38.001 0.0000000000
66418  -27.427  -43.288  36.927 0.0000000000
61402  -22.384  -46.455  46.191 0.0000000000
60098  -22.138  -46.591  46.919 0.0000000000
60134  -22.010  -46.681  44.862 0.0000000000
60152  -20.448  -46.536  42.765 0.0000000000
96015  -43.431  -20.938  22.934 0.0000000000
75631  -25.625  -37.659  38.650 0.0000000000
77112  -24.914  -36.812  37.756 0.0000000000
83556  -28.505  -30.572  32.376 0.0000000000
82322  -28.865  -31.052  31.283 0.0000000000
81063  -31.239  -31.663  31.489 0.0000000000
57654  -9.304  -51.165  41.324 0.0000000000
56442  -9.777  -50.335  43.844 0.0000000000
57626  -8.571  -50.927  42.398 0.0000000000
56440  -7.918  -51.344  43.645 0.0000000000
55217  -8.016  -52.373  41.681 0.0000000000
68922  -29.163  -40.967  46.428 0.0000000000
71367  -29.174  -39.914  46.079 0.0000000000
72645  -29.158  -39.740  47.714 0.0000000000
63825  -24.671  -44.690  48.423 0.0000000000
65082  -24.394  -43.860  47.125 0.0000000000
66216  -25.704  -43.400  48.250 0.0000000000
67587  -28.326  -41.393  48.472 0.0000000000
66245  -27.708  -41.829  47.527 0.0000000000
67612  -28.533  -41.773  46.140 0.0000000000
67622  -28.753  -42.058  45.119 0.0000000000
88483  -38.720  -25.603  31.623 0.0000000000
91022  -37.780  -24.581  30.416 0.0000000000
91024  -39.652  -24.272  30.840 0.0000000000
92437  -43.213  -22.128  30.047 0.0000000000
93704  -41.468  -22.233  29.677 0.0000000000
93725  -42.646  -21.426  29.061 0.0000000000
95937  -41.650  -20.779  27.832 0.0000000000
94844  -43.842  -20.430  28.011 0.0000000000
95961  -44.379  -20.061  27.410 0.0000000000
94846  -44.878  -20.244  28.530 0.0000000000
83411  -27.285  -30.652  40.785 0.0000000000
82160  -26.821  -31.660  39.553 0.0000000000
83433  -27.701  -29.987  39.526 0.0000000000
83450  -31.526  -29.513  38.597 0.0000000000
83463  -28.818  -29.490  37.947 0.0000000000
83479  -30.878  -29.425  36.499 0.0000000000
83498  -29.944  -29.374  35.573 0.0000000000
83499  -31.258  -29.555  35.420 0.0000000000
83500  -32.226  -29.558  35.032 0.0000000000
83466  -33.149  -29.283  37.145 0.0000000000
61430  -14.981  -46.827  43.773 0.0000000000
60110  -14.518  -47.465  45.031 0.0000000000
58867  -13.721  -47.732  43.031 0.0000000000
57658  -12.759  -49.854  40.784 0.0000000000
101677  -51.669  -16.899  23.679 0.0000000000
99458  -52.849  -17.509  23.485 0.0000000000
47780  -3.185  -58.244  50.420 0.0000000000
71457  -28.333  -40.271  39.274 0.0000000000
70214  -28.471  -41.014  37.347 0.0000000000
74213  -27.792  -39.788  38.856 0.0000000000
74200  -27.356  -39.448  39.016 0.0000000000
75611  -27.378  -39.213  40.314 0.0000000000
75505  -28.696  -38.703  46.337 0.0000000000
75548  -29.104  -38.935  44.126 0.0000000000
76983  -27.561  -38.205  45.448 0.0000000000
79542  -27.078  -33.761  45.482 0.0000000000
78291  -26.545  -35.872  45.230 0.0000000000
79596  -26.716  -34.248  43.991 0.0000000000
78341  -26.516  -35.193  42.313 0.0000000000
79624  -26.766  -33.707  43.082 0.0000000000
80905  -26.873  -33.000  42.310 0.0000000000
82088  -27.610  -32.791  43.829 0.0000000000
62784  -20.585  -46.066  37.952 0.0000000000
66298  -24.578  -43.030  43.682 0.0000000000
67648  -22.811  -42.690  42.430 0.0000000000
66355  -24.550  -42.604  41.679 0.0000000000
67749  -23.807  -42.666  37.790 0.0000000000
61401  -18.675  -46.647  45.192 0.0000000000
61488  -18.231  -46.561  40.037 0.0000000000
61451  -17.980  -46.291  42.150 0.0000000000
61505  -17.330  -47.024  38.998 0.0000000000
61522  -16.611  -48.153  38.059 0.0000000000
98285  -45.552  -18.446  26.110 0.0000000000
98295  -45.338  -19.144  24.096 0.0000000000
99432  -46.081  -17.843  26.327 0.0000000000
102732  -47.212  -15.446  26.643 0.0000000000
101662  -46.956  -16.384  24.854 0.0000000000
102767  -47.941  -15.917  24.197 0.0000000000
100581  -48.541  -16.732  22.996 0.0000000000
101674  -49.234  -15.932  23.667 0.0000000000
101665  -50.150  -15.631  24.151 0.0000000000
103884  -49.750  -14.458  25.895 0.0000000000
80978  -25.686  -33.252  36.269 0.0000000000
78448  -24.771  -35.134  35.503 0.0000000000
83609  -33.082  -30.748  29.248 0.0000000000
83589  -33.231  -30.859  30.229 0.0000000000
81025  -34.540  -32.181  34.154 0.0000000000
79755  -33.591  -32.464  32.976 0.0000000000
79757  -35.557  -33.749  33.473 0.0000000000
82301  -36.926  -31.486  33.716 0.0000000000
81091  -36.207  -32.144  32.865 0.0000000000
83573  -36.479  -30.384  32.886 0.0000000000
84720  -35.401  -29.701  31.890 0.0000000000
84722  -36.755  -29.367  32.805 0.0000000000
87199  -37.582  -27.148  32.395 0.0000000000
85918  -37.894  -28.428  33.355 0.0000000000
55198  -6.854  -52.106  44.971 0.0000000000
55173  -6.455  -52.131  46.940 0.0000000000
55155  -6.019  -52.723  47.514 0.0000000000
55187  -5.743  -53.549  45.599 0.0000000000
53987  -5.888  -54.975  44.951 0.0000000000
53988  -6.140  -54.574  44.127 0.0000000000
47820  -4.831  -59.755  45.223 0.0000000000
47805  -4.224  -58.730  47.142 0.0000000000
46610  -4.450  -60.283  45.874 0.0000000000
43954  -3.382  -62.234  46.739 0.0000000000
43939  -3.564  -61.249  47.053 0.0000000000
43922  -2.825  -60.977  47.620 0.0000000000
45315  -2.543  -59.771  48.880 0.0000000000
43921  -2.425  -60.960  47.711 0.0000000000
66218  -26.555  -42.635  48.810 0.0000000000
88471  -42.236  -24.707  32.195 0.0000000000
91025  -40.779  -24.226  31.098 0.0000000000
91009  -42.955  -23.625  31.533 0.0000000000
84612  -28.518  -29.374  39.766 0.0000000000
58903  -14.791  -47.974  40.513 0.0000000000
58902  -14.296  -48.408  40.663 0.0000000000
51426  -3.884  -55.715  51.015 0.0000000000
48994  -3.555  -57.375  49.590 0.0000000000
67754  -28.523  -42.116  37.333 0.0000000000
69032  -28.475  -41.172  38.895 0.0000000000
72754  -28.783  -40.015  40.702 0.0000000000
83343  -27.764  -31.937  45.752 0.0000000000
61489  -19.130  -46.567  39.990 0.0000000000
61525  -19.448  -47.119  37.921 0.0000000000
61491  -20.351  -46.363  40.078 0.0000000000
61510  -20.619  -46.022  39.304 0.0000000000
63952  -20.988  -45.021  39.671 0.0000000000
66336  -26.001  -42.780  42.046 0.0000000000
66356  -25.186  -42.687  41.249 0.0000000000
66376  -26.108  -42.585  39.926 0.0000000000
66396  -26.371  -42.726  38.719 0.0000000000
66433  -27.021  -43.596  36.215 0.0000000000
60095  -20.372  -46.905  45.381 0.0000000000
60094  -19.541  -46.685  44.766 0.0000000000
60113  -20.248  -46.694  44.288 0.0000000000
60173  -19.665  -46.566  41.607 0.0000000000
95954  -38.859  -21.844  26.067 0.0000000000
96017  -45.168  -21.106  22.271 0.0000000000
100545  -46.611  -17.884  28.585 0.0000000000
100552  -46.387  -17.530  26.968 0.0000000000
82248  -26.061  -31.307  34.341 0.0000000000
81143  -31.109  -32.895  28.762 0.0000000000
81117  -32.537  -31.721  30.472 0.0000000000
79710  -36.988  -32.408  35.594 0.0000000000
79742  -36.309  -33.327  34.096 0.0000000000
79744  -37.003  -32.119  35.053 0.0000000000
57594  -11.606  -49.886  44.130 0.0000000000
56420  -10.431  -50.189  44.654 0.0000000000
56398  -9.222  -50.214  45.783 0.0000000000
56397  -8.327  -50.936  45.765 0.0000000000
56417  -7.557  -51.526  44.658 0.0000000000
55208  -6.696  -52.726  43.107 0.0000000000
53999  -6.495  -54.166  43.172 0.0000000000
54009  -7.195  -53.978  42.021 0.0000000000
67650  -28.899  -42.247  42.692 0.0000000000
70152  -29.540  -40.805  42.978 0.0000000000
70131  -29.310  -40.044  44.508 0.0000000000
74067  -29.146  -39.163  46.221 0.0000000000
62686  -22.639  -45.229  45.644 0.0000000000
63879  -22.182  -44.591  44.141 0.0000000000
65095  -23.474  -43.994  46.017 0.0000000000
66260  -23.949  -43.254  45.382 0.0000000000
66281  -25.498  -42.957  44.280 0.0000000000
66226  -26.709  -42.459  47.867 0.0000000000
66264  -26.888  -42.512  45.754 0.0000000000
66301  -26.533  -43.094  43.645 0.0000000000
66320  -26.874  -42.676  42.863 0.0000000000
66321  -27.884  -42.359  42.997 0.0000000000
62653  -23.077  -45.858  47.422 0.0000000000
88464  -35.271  -26.933  31.034 0.0000000000
89729  -34.868  -26.172  29.439 0.0000000000
91005  -36.208  -25.356  30.531 0.0000000000
92415  -37.252  -24.144  29.755 0.0000000000
93701  -38.567  -22.934  29.128 0.0000000000
92418  -40.089  -23.599  30.464 0.0000000000
93702  -39.817  -22.476  29.441 0.0000000000
94819  -39.162  -21.959  27.540 0.0000000000
95956  -40.038  -21.365  26.887 0.0000000000
97151  -41.259  -20.449  25.839 0.0000000000
95999  -42.521  -19.962  24.821 0.0000000000
96009  -42.886  -20.573  23.647 0.0000000000
95982  -44.147  -19.894  26.295 0.0000000000
95983  -44.908  -19.527  26.812 0.0000000000
97154  -45.897  -18.679  27.419 0.0000000000
95926  -46.048  -20.101  29.704 0.0000000000
99418  -46.701  -18.387  29.029 0.0000000000
79669  -25.847  -34.331  39.380 0.0000000000
78419  -25.303  -34.773  38.057 0.0000000000
79682  -25.934  -33.337  38.839 0.0000000000
80960  -26.068  -32.478  37.922 0.0000000000
82201  -26.226  -31.461  36.287 0.0000000000
83448  -28.266  -29.437  38.945 0.0000000000
83477  -27.785  -29.913  37.138 0.0000000000
82223  -26.791  -30.563  35.610 0.0000000000
83519  -27.459  -30.212  34.356 0.0000000000
83538  -28.791  -30.079  33.300 0.0000000000
82275  -30.956  -30.472  32.866 0.0000000000
81043  -31.579  -31.282  32.339 0.0000000000
82252  -31.959  -30.484  33.669 0.0000000000
82226  -33.470  -30.832  34.665 0.0000000000
80981  -34.478  -31.243  35.197 0.0000000000
82189  -35.194  -30.659  36.545 0.0000000000
80983  -35.759  -31.488  35.975 0.0000000000
58840  -13.329  -48.498  44.577 0.0000000000
58866  -13.354  -48.531  42.315 0.0000000000
57610  -12.757  -49.001  42.657 0.0000000000
57609  -12.214  -49.556  43.005 0.0000000000
57630  -11.551  -49.688  41.935 0.0000000000
75656  -26.448  -38.970  38.708 0.0000000000
77069  -26.113  -37.049  40.199 0.0000000000
70164  -29.651  -40.041  42.702 0.0000000000
74153  -28.893  -39.248  42.942 0.0000000000
75575  -28.290  -39.053  42.419 0.0000000000
77010  -27.251  -37.844  43.685 0.0000000000
75574  -27.560  -38.646  42.094 0.0000000000
77035  -26.873  -37.897  41.697 0.0000000000
77050  -26.047  -36.526  41.127 0.0000000000
78374  -26.069  -35.395  40.797 0.0000000000
79657  -26.419  -34.007  40.780 0.0000000000
82123  -26.889  -31.936  41.681 0.0000000000
83390  -27.313  -30.906  42.114 0.0000000000
83357  -27.396  -31.564  44.008 0.0000000000
84553  -27.646  -29.837  42.683 0.0000000000
65135  -21.926  -44.192  42.283 0.0000000000
65146  -21.658  -44.249  41.276 0.0000000000
66393  -21.679  -43.469  39.082 0.0000000000
67707  -24.377  -42.641  39.724 0.0000000000
67748  -22.430  -42.731  38.108 0.0000000000
61399  -16.699  -46.715  45.874 0.0000000000
61449  -15.927  -46.646  42.623 0.0000000000
61433  -17.856  -46.310  43.256 0.0000000000
61450  -16.973  -46.309  42.371 0.0000000000
61468  -16.190  -46.892  41.503 0.0000000000
61503  -15.526  -48.129  38.901 0.0000000000
97177  -44.445  -19.895  23.097 0.0000000000
97178  -45.058  -19.979  22.632 0.0000000000
98299  -45.774  -19.366  22.714 0.0000000000
100572  -46.365  -17.243  25.180 0.0000000000
100579  -46.257  -17.468  23.890 0.0000000000
98300  -46.540  -19.271  22.211 0.0000000000
98310  -48.326  -19.405  21.636 0.0000000000
99472  -48.932  -18.918  21.596 0.0000000000
98303  -50.034  -18.946  21.757 0.0000000000
99465  -50.543  -18.310  22.208 0.0000000000
101676  -51.217  -16.671  23.697 0.0000000000
51478  -5.277  -56.311  45.994 0.0000000000
50263  -4.660  -56.888  47.017 0.0000000000
50303  -5.178  -57.245  45.464 0.0000000000
78434  -24.771  -35.251  36.585 0.0000000000
85934  -33.575  -28.996  30.539 0.0000000000
81064  -32.258  -31.857  32.103 0.0000000000
79801  -32.699  -32.161  31.696 0.0000000000
79829  -33.362  -31.884  31.496 0.0000000000
79778  -35.780  -33.073  33.266 0.0000000000
79831  -34.825  -31.760  32.222 0.0000000000
82353  -33.690  -31.027  31.017 0.0000000000
83590  -33.751  -30.509  31.006 0.0000000000
84719  -34.414  -29.719  31.423 0.0000000000
87196  -34.700  -27.975  31.016 0.0000000000
87198  -36.574  -27.463  32.150 0.0000000000
88467  -38.221  -26.283  32.028 0.0000000000
88468  -39.210  -26.194  32.024 0.0000000000
53930  -5.432  -53.903  48.785 0.0000000000
53961  -5.830  -53.493  47.957 0.0000000000
52728  -5.042  -54.942  47.079 0.0000000000
52746  -5.590  -55.628  45.514 0.0000000000
51523  -5.979  -56.598  44.139 0.0000000000
49006  -4.388  -57.579  47.619 0.0000000000
49000  -3.870  -57.637  48.576 0.0000000000
47795  -3.718  -58.450  48.417 0.0000000000
45345  -3.778  -60.934  46.815 0.0000000000
46590  -3.655  -59.881  47.491 0.0000000000
46576  -3.360  -59.079  49.420 0.0000000000
46575  -2.858  -59.315  49.512 0.0000000000
46573  -1.931  -59.112  49.379 0.0000000000
42513  -1.964  -62.212  47.048 0.0000000000
45335  -1.718  -60.764  47.572 0.0000000000
52710  -4.876  -54.586  48.426 0.0000000000
51458  -4.567  -55.602  47.945 0.0000000000
66380  -28.145  -42.357  39.422 0.0000000000
67710  -28.574  -42.070  39.533 0.0000000000
67687  -28.838  -42.138  40.778 0.0000000000
61454  -21.375  -45.877  42.425 0.0000000000
66339  -28.336  -42.465  41.462 0.0000000000
66379  -27.701  -42.566  39.017 0.0000000000
61418  -22.307  -46.180  45.354 0.0000000000
61435  -21.293  -46.305  43.536 0.0000000000
94881  -42.938  -21.488  22.934 0.0000000000
77091  -25.218  -37.020  38.440 0.0000000000
75654  -25.480  -37.717  37.964 0.0000000000
78402  -24.979  -35.986  38.416 0.0000000000
82323  -30.175  -31.488  30.747 0.0000000000
57627  -9.092  -50.569  42.523 0.0000000000
56482  -8.474  -51.788  41.425 0.0000000000
56464  -8.092  -51.408  42.438 0.0000000000
70097  -29.342  -40.487  46.995 0.0000000000
71355  -29.147  -40.193  48.039 0.0000000000
65061  -25.346  -44.271  48.738 0.0000000000
65072  -25.011  -43.859  47.848 0.0000000000
65062  -26.080  -43.894  49.124 0.0000000000
68901  -28.675  -41.081  48.556 0.0000000000
67595  -28.590  -41.341  47.729 0.0000000000
67603  -28.863  -41.412  46.784 0.0000000000
67613  -28.802  -41.429  45.813 0.0000000000
63815  -25.573  -44.617  49.530 0.0000000000
88484  -39.700  -25.495  31.609 0.0000000000
89732  -39.131  -24.889  31.254 0.0000000000
89733  -40.058  -24.799  31.307 0.0000000000
93706  -43.579  -21.567  29.643 0.0000000000
93705  -42.921  -21.794  29.590 0.0000000000
93726  -43.390  -21.277  29.195 0.0000000000
94823  -43.246  -20.904  28.516 0.0000000000
94824  -44.039  -20.778  28.930 0.0000000000
94845  -44.499  -20.301  28.309 0.0000000000
94807  -44.480  -20.792  29.236 0.0000000000
83410  -27.405  -30.567  40.443 0.0000000000
83432  -27.255  -30.734  39.952 0.0000000000
84611  -27.683  -30.111  39.986 0.0000000000
83464  -30.413  -29.482  37.729 0.0000000000
83480  -32.345  -29.207  36.069 0.0000000000
61448  -15.297  -46.801  43.052 0.0000000000
60148  -14.669  -47.336  42.669 0.0000000000
101667  -51.774  -16.420  24.250 0.0000000000
100585  -52.098  -17.067  23.684 0.0000000000
100574  -52.006  -16.658  24.056 0.0000000000
48983  -3.525  -56.750  50.599 0.0000000000
48969  -3.315  -56.940  51.251 0.0000000000
48968  -3.171  -57.233  51.474 0.0000000000
47771  -3.258  -57.697  50.574 0.0000000000
72762  -28.096  -39.779  39.593 0.0000000000
72771  -28.117  -39.998  39.064 0.0000000000
74202  -27.915  -39.706  39.369 0.0000000000
74189  -27.617  -39.473  39.773 0.0000000000
76984  -28.222  -38.504  45.907 0.0000000000
76972  -27.428  -37.957  46.405 0.0000000000
79567  -27.165  -33.610  44.580 0.0000000000
79566  -26.753  -34.586  44.915 0.0000000000
79597  -27.294  -33.345  43.811 0.0000000000
80890  -27.451  -33.033  43.402 0.0000000000
82080  -27.624  -32.821  44.514 0.0000000000
61523  -17.703  -47.509  37.912 0.0000000000
61524  -18.697  -47.292  37.880 0.0000000000
66316  -24.409  -42.731  43.037 0.0000000000
66334  -24.948  -42.801  42.237 0.0000000000
97187  -47.319  -20.682  21.609 0.0000000000
98273  -45.873  -18.379  26.853 0.0000000000
98272  -45.786  -18.109  26.152 0.0000000000
102733  -47.855  -14.948  26.208 0.0000000000
102759  -47.739  -15.740  24.760 0.0000000000
102747  -48.097  -15.102  25.574 0.0000000000
102768  -48.368  -15.759  24.115 0.0000000000
102760  -48.871  -15.360  24.535 0.0000000000
102748  -49.261  -14.815  25.230 0.0000000000
103883  -48.749  -14.593  25.976 0.0000000000
81000  -25.788  -32.069  35.921 0.0000000000
80999  -25.622  -32.961  35.683 0.0000000000
82379  -32.490  -31.796  29.036 0.0000000000
82380  -32.729  -31.311  29.470 0.0000000000
82352  -33.199  -31.046  30.405 0.0000000000
79739  -35.092  -32.629  33.541 0.0000000000
79740  -35.514  -33.462  34.003 0.0000000000
83557  -37.273  -30.183  33.658 0.0000000000
82326  -36.745  -30.815  33.283 0.0000000000
83574  -36.914  -30.245  33.234 0.0000000000
84702  -36.642  -29.743  32.838 0.0000000000
84703  -37.122  -29.446  33.165 0.0000000000
85917  -37.351  -28.812  33.072 0.0000000000
84704  -37.520  -29.113  33.526 0.0000000000
55188  -6.533  -52.425  45.859 0.0000000000
55196  -5.924  -54.110  44.872 0.0000000000
43938  -3.231  -61.556  47.202 0.0000000000
43937  -2.621  -61.647  47.341 0.0000000000
84596  -30.362  -28.822  40.586 0.0000000000
58918  -14.770  -48.268  40.008 0.0000000000
50199  -4.453  -56.148  49.189 0.0000000000
50177  -4.502  -56.083  50.049 0.0000000000
50176  -4.032  -56.341  50.435 0.0000000000
50198  -4.028  -56.730  49.371 0.0000000000
67753  -28.234  -42.656  37.204 0.0000000000
69002  -28.744  -41.279  40.031 0.0000000000
69018  -28.597  -41.520  39.145 0.0000000000
70193  -28.507  -40.719  39.780 0.0000000000
71449  -28.612  -40.297  40.262 0.0000000000
71442  -29.058  -40.243  41.152 0.0000000000
61472  -19.731  -46.551  40.943 0.0000000000
61490  -19.827  -46.584  40.016 0.0000000000
62729  -21.378  -45.919  41.388 0.0000000000
61492  -20.708  -46.023  39.993 0.0000000000
62744  -21.275  -45.634  40.755 0.0000000000
62763  -20.734  -45.667  39.394 0.0000000000
63931  -21.380  -44.915  40.620 0.0000000000
66358  -26.275  -42.586  40.859 0.0000000000
66397  -26.827  -42.791  38.335 0.0000000000
66416  -26.470  -43.102  37.574 0.0000000000
67752  -26.222  -43.381  36.989 0.0000000000
66432  -26.519  -43.483  36.678 0.0000000000
66434  -27.589  -43.542  35.771 0.0000000000
60097  -21.770  -47.029  46.436 0.0000000000
60080  -21.813  -47.033  47.540 0.0000000000
60096  -21.158  -47.216  45.905 0.0000000000
60079  -21.219  -47.209  47.070 0.0000000000
60174  -20.160  -46.558  41.816 0.0000000000
60151  -19.898  -46.622  42.333 0.0000000000
95976  -39.103  -21.812  25.753 0.0000000000
83518  -26.822  -30.727  33.524 0.0000000000
82273  -26.369  -31.463  33.283 0.0000000000
83536  -27.014  -30.963  32.719 0.0000000000
81115  -30.756  -32.374  29.413 0.0000000000
79711  -37.559  -32.426  35.953 0.0000000000
79726  -37.089  -32.309  35.273 0.0000000000
83540  -38.008  -29.990  34.760 0.0000000000
56444  -10.941  -50.073  43.623 0.0000000000
56421  -11.210  -50.059  44.328 0.0000000000
56443  -10.502  -50.210  43.778 0.0000000000
56441  -8.802  -50.623  43.476 0.0000000000
56418  -8.613  -50.904  44.687 0.0000000000
56463  -7.348  -51.909  42.941 0.0000000000
56439  -7.109  -51.803  43.654 0.0000000000
56416  -6.714  -52.126  44.133 0.0000000000
67635  -29.067  -41.635  43.537 0.0000000000
68951  -28.909  -40.904  44.212 0.0000000000
72658  -29.206  -39.626  46.267 0.0000000000
72659  -29.105  -39.816  45.722 0.0000000000
63847  -23.187  -44.736  46.381 0.0000000000
63863  -22.944  -44.414  45.681 0.0000000000
66240  -24.872  -43.087  46.288 0.0000000000
65096  -24.148  -43.526  46.236 0.0000000000
66261  -24.766  -42.961  45.327 0.0000000000
66280  -24.723  -43.041  44.435 0.0000000000
66262  -25.498  -42.713  45.281 0.0000000000
66219  -26.796  -42.372  49.330 0.0000000000
66265  -27.503  -42.320  46.156 0.0000000000
66283  -26.765  -42.665  44.605 0.0000000000
66302  -27.282  -42.649  43.925 0.0000000000
67634  -28.639  -42.036  43.915 0.0000000000
63824  -24.111  -45.083  48.114 0.0000000000
62654  -23.563  -45.417  47.632 0.0000000000
62669  -23.040  -45.363  46.837 0.0000000000
88465  -36.213  -26.616  31.551 0.0000000000
89712  -35.792  -25.944  30.951 0.0000000000
89713  -36.947  -25.602  31.075 0.0000000000
92416  -38.288  -23.956  29.920 0.0000000000
93686  -37.806  -23.504  29.382 0.0000000000
93687  -38.368  -23.467  29.567 0.0000000000
91026  -41.669  -23.677  31.018 0.0000000000
92419  -41.093  -23.393  30.478 0.0000000000
93724  -41.633  -21.697  29.218 0.0000000000
93703  -40.878  -22.286  29.619 0.0000000000
93723  -40.408  -21.665  29.041 0.0000000000
93722  -39.316  -22.153  28.468 0.0000000000
94820  -40.091  -21.353  27.993 0.0000000000
94841  -39.627  -21.615  27.345 0.0000000000
94805  -40.850  -21.008  28.053 0.0000000000
94842  -42.527  -20.478  27.439 0.0000000000
95958  -41.790  -20.417  26.934 0.0000000000
95980  -42.288  -20.118  25.928 0.0000000000
95998  -41.554  -20.347  24.995 0.0000000000
95981  -43.174  -19.825  25.988 0.0000000000
95962  -44.967  -19.915  27.936 0.0000000000
95984  -45.334  -19.410  27.400 0.0000000000
97153  -45.629  -18.912  27.244 0.0000000000
97142  -45.747  -19.098  27.772 0.0000000000
97132  -46.310  -19.111  28.589 0.0000000000
79670  -26.343  -33.604  39.714 0.0000000000
82175  -26.775  -31.418  38.548 0.0000000000
80980  -26.393  -31.688  37.041 0.0000000000
84621  -29.308  -29.083  39.531 0.0000000000
84620  -28.995  -29.095  39.309 0.0000000000
83478  -29.351  -29.630  36.774 0.0000000000
82202  -26.827  -30.545  36.620 0.0000000000
83521  -30.586  -29.648  34.744 0.0000000000
83520  -29.463  -29.656  34.337 0.0000000000
82250  -30.082  -29.705  33.841 0.0000000000
82274  -29.982  -29.848  33.372 0.0000000000
82224  -31.544  -29.972  34.539 0.0000000000
82203  -33.091  -29.762  35.167 0.0000000000
82225  -32.596  -30.136  34.406 0.0000000000
81001  -33.754  -31.309  34.485 0.0000000000
82205  -34.313  -30.984  35.536 0.0000000000
82176  -35.365  -30.346  37.187 0.0000000000
82190  -35.852  -30.907  36.768 0.0000000000
82207  -35.460  -31.030  36.315 0.0000000000
80984  -36.612  -32.192  36.079 0.0000000000
58841  -13.893  -48.103  45.068 0.0000000000
58885  -14.139  -48.244  41.965 0.0000000000
58884  -13.599  -48.864  41.218 0.0000000000
57632  -13.064  -49.278  41.610 0.0000000000
47767  -1.754  -57.277  50.995 0.0000000000
70224  -28.462  -41.306  35.867 0.0000000000
72780  -27.365  -39.883  37.786 0.0000000000
75633  -26.741  -39.040  39.310 0.0000000000
74211  -27.034  -39.467  38.407 0.0000000000
75609  -26.443  -38.235  39.857 0.0000000000
75632  -26.114  -38.080  39.214 0.0000000000
70141  -29.560  -40.166  43.924 0.0000000000
71411  -29.770  -40.048  43.837 0.0000000000
74138  -29.329  -38.818  43.354 0.0000000000
75561  -28.961  -39.008  43.607 0.0000000000
75560  -28.636  -38.964  43.200 0.0000000000
76995  -26.591  -37.011  44.456 0.0000000000
77023  -27.074  -37.780  42.719 0.0000000000
77022  -26.454  -36.615  42.452 0.0000000000
77021  -26.206  -36.083  42.014 0.0000000000
78359  -26.243  -35.553  41.458 0.0000000000
78375  -26.436  -34.809  41.360 0.0000000000
79645  -26.555  -34.072  41.873 0.0000000000
82105  -27.187  -32.304  42.883 0.0000000000
83342  -27.764  -31.014  46.004 0.0000000000
83349  -27.462  -31.406  44.946 0.0000000000
84522  -27.790  -30.065  45.279 0.0000000000
85771  -28.277  -28.894  43.223 0.0000000000
61508  -19.946  -46.801  38.998 0.0000000000
65113  -22.275  -43.867  44.129 0.0000000000
63895  -21.907  -44.757  43.262 0.0000000000
65123  -22.090  -43.992  43.384 0.0000000000
66354  -22.759  -43.222  41.440 0.0000000000
66332  -22.499  -43.426  41.976 0.0000000000
66374  -21.827  -43.466  40.312 0.0000000000
65158  -21.453  -44.299  39.951 0.0000000000
66375  -25.554  -42.580  40.215 0.0000000000
67686  -24.971  -42.630  40.312 0.0000000000
67730  -24.767  -42.546  38.677 0.0000000000
61415  -16.722  -46.378  44.726 0.0000000000
61431  -15.863  -46.557  43.779 0.0000000000
61432  -16.831  -46.204  43.537 0.0000000000
60112  -19.494  -46.603  43.679 0.0000000000
61417  -18.707  -46.515  44.058 0.0000000000
61469  -17.149  -46.530  41.290 0.0000000000
60189  -15.402  -47.570  40.473 0.0000000000
61504  -16.096  -47.491  39.306 0.0000000000
96000  -43.732  -19.605  24.854 0.0000000000
96010  -43.803  -20.103  23.428 0.0000000000
97172  -44.585  -19.566  24.070 0.0000000000
97173  -44.944  -19.577  23.368 0.0000000000
98296  -45.612  -18.906  23.336 0.0000000000
101641  -46.372  -17.041  27.065 0.0000000000
100564  -46.274  -17.347  26.183 0.0000000000
101652  -46.400  -16.926  26.333 0.0000000000
101672  -47.300  -16.380  24.055 0.0000000000
100573  -46.730  -16.751  24.218 0.0000000000
100590  -46.852  -17.620  22.868 0.0000000000
99462  -47.173  -18.405  22.306 0.0000000000
98301  -47.464  -19.250  21.831 0.0000000000
100591  -47.867  -17.576  22.572 0.0000000000
100592  -49.025  -17.580  22.364 0.0000000000
99464  -49.481  -18.531  21.829 0.0000000000
98302  -49.615  -18.946  21.687 0.0000000000
100593  -50.105  -17.673  22.513 0.0000000000
101675  -50.396  -16.320  23.629 0.0000000000
101666  -51.092  -15.815  24.432 0.0000000000
102750  -51.063  -15.182  25.292 0.0000000000
50284  -4.806  -56.987  46.351 0.0000000000
78418  -24.747  -35.581  37.539 0.0000000000
79692  -25.212  -34.446  37.208 0.0000000000
84736  -33.295  -30.014  29.305 0.0000000000
85953  -33.365  -29.344  29.654 0.0000000000
82276  -31.972  -31.018  32.991 0.0000000000
81044  -32.451  -31.619  32.807 0.0000000000
79776  -34.004  -32.470  32.643 0.0000000000
79775  -33.017  -32.293  32.281 0.0000000000
79802  -33.329  -32.246  31.954 0.0000000000
79760  -36.664  -32.819  34.044 0.0000000000
78487  -36.122  -34.285  33.814 0.0000000000
79779  -36.203  -32.958  33.401 0.0000000000
82324  -35.851  -31.722  32.570 0.0000000000
81089  -35.367  -31.965  32.482 0.0000000000
81120  -34.986  -31.506  32.207 0.0000000000
81119  -34.257  -31.396  31.689 0.0000000000
82354  -34.505  -31.080  31.700 0.0000000000
83591  -34.875  -30.540  31.765 0.0000000000
85936  -35.054  -28.812  31.516 0.0000000000
85935  -34.034  -28.852  31.124 0.0000000000
87197  -35.637  -27.751  31.596 0.0000000000
85939  -37.975  -27.680  32.743 0.0000000000
87200  -38.518  -26.850  32.475 0.0000000000
87201  -39.405  -26.586  32.607 0.0000000000
53971  -5.556  -53.573  47.225 0.0000000000
53960  -5.363  -54.217  47.569 0.0000000000
52735  -5.276  -55.345  46.378 0.0000000000
52756  -6.062  -55.612  44.120 0.0000000000
52755  -5.827  -55.874  44.770 0.0000000000
49014  -4.602  -57.483  46.814 0.0000000000
49007  -4.587  -57.174  47.272 0.0000000000
47800  -3.900  -58.382  47.876 0.0000000000
46584  -3.712  -58.785  48.067 0.0000000000
45356  -4.007  -61.723  46.247 0.0000000000
45346  -4.099  -60.840  46.297 0.0000000000
45336  -3.350  -60.702  47.560 0.0000000000
45337  -3.553  -60.684  47.296 0.0000000000
45328  -3.487  -60.093  47.899 0.0000000000
46583  -3.589  -59.135  48.396 0.0000000000
45317  -3.344  -59.679  48.502 0.0000000000
45316  -3.050  -59.786  48.797 0.0000000000
45325  -2.220  -60.309  48.343 0.0000000000
46574  -2.338  -59.252  49.483 0.0000000000
45313  -1.840  -59.418  48.956 0.0000000000
46563  -1.774  -58.545  49.666 0.0000000000
43953  -1.704  -61.912  46.938 0.0000000000
43935  -1.796  -61.697  47.194 0.0000000000
67732  -28.154  -42.472  38.457 0.0000000000
67711  -28.837  -41.691  39.924 0.0000000000
68985  -29.079  -41.236  41.067 0.0000000000
60175  -20.711  -46.380  42.175 0.0000000000
61475  -21.365  -45.949  41.719 0.0000000000
62730  -21.439  -45.536  41.787 0.0000000000
66338  -27.303  -42.571  41.676 0.0000000000
66359  -26.872  -42.650  40.580 0.0000000000
66378  -27.103  -42.710  39.273 0.0000000000
66399  -27.690  -42.838  37.658 0.0000000000
60099  -22.524  -46.561  47.545 0.0000000000
60116  -22.182  -46.778  45.831 0.0000000000
60115  -21.712  -47.041  45.307 0.0000000000
60132  -20.735  -46.634  43.762 0.0000000000
60133  -21.415  -46.655  44.178 0.0000000000
60153  -20.977  -46.426  43.215 0.0000000000
95997  -40.790  -20.951  24.659 0.0000000000
75676  -25.713  -38.431  37.599 0.0000000000
83555  -27.750  -30.796  32.274 0.0000000000
83572  -28.256  -30.853  31.902 0.0000000000
82321  -27.759  -31.630  31.158 0.0000000000
81087  -31.033  -31.938  30.478 0.0000000000
57628  -9.979  -50.441  42.203 0.0000000000
57606  -9.903  -50.320  43.118 0.0000000000
57605  -9.377  -50.365  43.243 0.0000000000
54020  -7.596  -53.452  41.737 0.0000000000
55228  -7.898  -53.110  41.587 0.0000000000
68932  -28.839  -40.841  45.532 0.0000000000
68933  -28.784  -40.242  45.282 0.0000000000
68923  -29.043  -40.609  45.925 0.0000000000
71366  -29.377  -40.037  46.913 0.0000000000
63834  -24.002  -44.768  47.379 0.0000000000
63848  -23.774  -44.344  46.743 0.0000000000
65083  -25.072  -43.268  47.045 0.0000000000
66224  -25.644  -43.070  47.300 0.0000000000
66228  -27.589  -41.796  48.072 0.0000000000
67594  -28.023  -41.632  48.047 0.0000000000
66266  -27.936  -41.940  46.588 0.0000000000
66285  -28.170  -42.237  45.580 0.0000000000
66303  -28.133  -42.384  44.437 0.0000000000
88482  -37.974  -25.754  31.648 0.0000000000
89731  -38.009  -25.076  31.216 0.0000000000
91023  -38.678  -24.418  30.647 0.0000000000
92417  -39.154  -23.805  30.253 0.0000000000
92436  -42.360  -22.354  30.017 0.0000000000
92435  -41.441  -22.633  30.042 0.0000000000
92452  -42.295  -21.912  29.544 0.0000000000
94822  -42.262  -20.902  28.166 0.0000000000
94843  -43.089  -20.509  27.691 0.0000000000
95960  -43.616  -20.166  27.051 0.0000000000
82142  -26.937  -31.821  40.550 0.0000000000
80944  -26.427  -32.553  39.116 0.0000000000
83447  -27.280  -30.548  39.084 0.0000000000
83481  -33.489  -29.631  36.097 0.0000000000
60111  -15.101  -47.076  45.867 0.0000000000
61413  -14.790  -47.043  44.404 0.0000000000
60129  -14.447  -47.455  43.828 0.0000000000
57659  -13.265  -49.487  40.746 0.0000000000
57657  -12.026  -50.202  40.837 0.0000000000
99456  -51.716  -17.761  22.952 0.0000000000
99457  -52.046  -17.730  23.107 0.0000000000
99467  -52.463  -18.399  22.715 0.0000000000
99468  -53.382  -18.530  22.820 0.0000000000
47769  -2.685  -57.715  51.122 0.0000000000
70203  -28.367  -40.890  38.182 0.0000000000
71464  -28.203  -40.458  38.372 0.0000000000
72781  -27.803  -40.189  37.968 0.0000000000
74212  -27.545  -39.719  38.573 0.0000000000
75634  -27.286  -39.328  39.592 0.0000000000
75610  -26.809  -38.692  40.127 0.0000000000
75520  -29.099  -38.925  45.106 0.0000000000
74123  -29.306  -39.054  44.084 0.0000000000
75519  -28.966  -38.775  45.395 0.0000000000
75518  -28.485  -38.591  45.203 0.0000000000
75532  -28.287  -38.539  44.633 0.0000000000
78304  -26.524  -35.618  44.225 0.0000000000
78321  -26.571  -35.336  43.242 0.0000000000
80889  -27.172  -33.019  42.938 0.0000000000
82106  -27.490  -32.724  43.434 0.0000000000
82087  -27.416  -32.280  43.605 0.0000000000
85739  -28.274  -29.147  45.758 0.0000000000
61527  -20.302  -46.529  37.684 0.0000000000
66297  -23.483  -42.723  43.805 0.0000000000
66296  -22.513  -43.128  43.650 0.0000000000
66315  -23.185  -42.330  43.065 0.0000000000
67649  -23.351  -42.244  42.294 0.0000000000
67684  -23.263  -43.007  41.081 0.0000000000
67750  -25.011  -42.857  37.583 0.0000000000
61452  -18.841  -46.487  41.987 0.0000000000
61470  -18.119  -46.481  41.120 0.0000000000
61487  -17.215  -46.767  40.195 0.0000000000
97163  -44.994  -19.180  25.658 0.0000000000
98294  -45.039  -19.284  24.738 0.0000000000
98284  -45.322  -18.913  25.293 0.0000000000
99445  -45.622  -18.513  25.361 0.0000000000
99446  -45.952  -18.114  25.227 0.0000000000
101653  -46.758  -16.401  25.694 0.0000000000
102746  -47.219  -15.828  25.703 0.0000000000
101663  -47.594  -16.090  24.296 0.0000000000
101673  -48.046  -16.183  23.753 0.0000000000
101664  -49.549  -15.519  24.218 0.0000000000
102761  -49.804  -15.214  24.644 0.0000000000
102749  -50.236  -14.850  25.227 0.0000000000
50311  -5.694  -57.439  44.555 0.0000000000
79708  -25.358  -33.939  36.276 0.0000000000
79722  -25.119  -33.949  34.997 0.0000000000
82392  -33.261  -31.900  28.379 0.0000000000
83610  -33.270  -30.629  30.172 0.0000000000
81045  -33.106  -32.106  33.344 0.0000000000
79738  -34.044  -32.406  33.578 0.0000000000
79756  -34.772  -32.622  33.098 0.0000000000
79777  -35.069  -33.109  33.239 0.0000000000
81067  -36.510  -32.255  33.356 0.0000000000
82300  -36.586  -31.843  33.275 0.0000000000
82325  -36.286  -31.564  32.877 0.0000000000
82356  -35.974  -30.889  32.578 0.0000000000
83592  -35.631  -30.471  32.307 0.0000000000
84721  -36.222  -29.678  32.537 0.0000000000
85938  -37.043  -28.528  32.711 0.0000000000
56396  -7.409  -51.575  45.776 0.0000000000
56374  -7.142  -51.646  46.662 0.0000000000
56355  -6.937  -51.676  47.212 0.0000000000
55172  -5.793  -52.923  46.601 0.0000000000
53980  -5.442  -53.767  46.430 0.0000000000
53979  -5.481  -54.580  45.841 0.0000000000
55186  -5.730  -54.307  45.302 0.0000000000
47814  -4.646  -58.545  45.954 0.0000000000
49013  -4.505  -58.210  46.653 0.0000000000
47813  -4.528  -59.083  46.181 0.0000000000
46599  -3.940  -59.894  46.775 0.0000000000
43955  -3.664  -61.706  46.830 0.0000000000
43923  -2.905  -61.103  47.716 0.0000000000
45326  -2.736  -60.374  48.250 0.0000000000
43920  -2.021  -60.902  47.733 0.0000000000
65063  -26.392  -43.295  49.202 0.0000000000
68900  -28.347  -41.358  49.072 0.0000000000
89715  -41.042  -24.774  31.715 0.0000000000
89734  -40.588  -24.734  31.454 0.0000000000
91007  -41.453  -24.221  31.458 0.0000000000
91008  -42.156  -23.882  31.514 0.0000000000
91027  -42.467  -23.287  31.080 0.0000000000
92438  -43.845  -21.819  30.010 0.0000000000
93707  -44.240  -21.188  29.640 0.0000000000
94808  -44.849  -20.796  29.414 0.0000000000
84595  -28.900  -28.943  40.506 0.0000000000
84613  -29.641  -29.040  39.904 0.0000000000
83434  -30.649  -28.960  39.995 0.0000000000
83435  -31.460  -29.303  39.651 0.0000000000
83451  -32.741  -29.824  38.243 0.0000000000
60188  -14.770  -47.686  40.949 0.0000000000
60170  -14.592  -47.764  41.584 0.0000000000
69031  -28.544  -41.411  38.110 0.0000000000
70204  -28.387  -40.772  38.869 0.0000000000
72763  -28.364  -39.937  39.857 0.0000000000
74191  -28.462  -39.794  40.420 0.0000000000
61507  -19.290  -46.688  38.913 0.0000000000
61509  -20.368  -46.328  38.877 0.0000000000
62762  -20.608  -45.989  38.860 0.0000000000
62785  -20.631  -45.771  38.651 0.0000000000
63972  -20.670  -45.291  38.298 0.0000000000
66318  -25.867  -43.392  42.888 0.0000000000
66335  -25.562  -42.800  42.180 0.0000000000
66357  -25.787  -42.616  41.126 0.0000000000
66395  -25.718  -42.584  39.041 0.0000000000
66415  -25.879  -42.806  38.027 0.0000000000
67751  -25.800  -43.206  37.198 0.0000000000
60077  -19.564  -46.851  45.913 0.0000000000
60131  -20.078  -46.648  43.254 0.0000000000
60130  -19.447  -46.583  42.685 0.0000000000
61471  -19.105  -46.551  41.135 0.0000000000
94818  -38.748  -22.150  27.054 0.0000000000
96018  -45.964  -21.342  21.842 0.0000000000
100554  -46.544  -17.952  28.172 0.0000000000
99422  -46.405  -18.010  27.054 0.0000000000
100544  -46.490  -17.508  27.608 0.0000000000
101631  -46.437  -17.143  27.461 0.0000000000
103855  -48.528  -14.045  27.605 0.0000000000
82247  -25.677  -31.947  34.567 0.0000000000
81022  -25.849  -31.889  33.690 0.0000000000
81004  -36.038  -32.349  35.089 0.0000000000
79725  -36.780  -32.492  34.688 0.0000000000
79743  -36.857  -32.705  34.545 0.0000000000
79761  -37.035  -32.552  34.447 0.0000000000
81046  -37.096  -31.861  34.594 0.0000000000
82277  -37.311  -31.315  34.356 0.0000000000
83539  -37.458  -30.677  34.276 0.0000000000
83558  -37.648  -29.873  34.253 0.0000000000
84688  -37.814  -29.116  33.933 0.0000000000
42531  -2.858  -62.794  46.601 0.0000000000
67667  -29.138  -42.248  41.743 0.0000000000
67668  -29.378  -41.835  41.393 0.0000000000
67651  -29.400  -41.823  42.457 0.0000000000
68962  -29.383  -41.060  43.253 0.0000000000
71402  -29.656  -39.922  44.174 0.0000000000
70122  -28.984  -39.932  44.988 0.0000000000
71394  -29.527  -40.206  44.861 0.0000000000
74085  -29.221  -39.065  45.353 0.0000000000
75506  -29.067  -38.859  45.892 0.0000000000
74032  -28.904  -39.237  48.838 0.0000000000
62685  -22.399  -45.695  45.310 0.0000000000
62698  -22.126  -45.372  44.432 0.0000000000
62699  -22.347  -44.922  44.786 0.0000000000
63880  -22.554  -44.311  44.887 0.0000000000
65104  -23.109  -43.638  45.258 0.0000000000
66279  -23.744  -43.008  44.559 0.0000000000
66299  -25.445  -43.243  43.555 0.0000000000
66217  -26.255  -43.021  48.503 0.0000000000
66225  -26.222  -42.754  47.580 0.0000000000
66242  -26.248  -42.595  46.552 0.0000000000
66244  -27.358  -42.224  47.199 0.0000000000
66243  -26.891  -42.522  46.852 0.0000000000
66263  -26.186  -42.575  45.415 0.0000000000
66282  -26.125  -42.774  44.252 0.0000000000
66300  -26.115  -43.621  43.598 0.0000000000
66319  -26.218  -43.138  42.958 0.0000000000
61387  -23.018  -46.436  47.837 0.0000000000
61403  -22.569  -46.033  46.649 0.0000000000
61419  -22.528  -45.841  45.739 0.0000000000
88463  -34.431  -27.273  30.341 0.0000000000
88481  -34.478  -26.732  29.780 0.0000000000
89711  -35.023  -26.188  30.327 0.0000000000
91004  -35.552  -25.617  30.323 0.0000000000
89730  -37.411  -24.976  30.794 0.0000000000
92414  -36.622  -24.546  29.753 0.0000000000
92430  -36.496  -24.335  29.108 0.0000000000
92433  -39.477  -23.221  29.843 0.0000000000
92434  -40.453  -22.913  30.037 0.0000000000
94840  -39.210  -21.779  26.919 0.0000000000
97149  -40.279  -20.875  25.991 0.0000000000
95936  -41.190  -20.813  27.725 0.0000000000
97140  -40.929  -20.619  26.448 0.0000000000
97160  -40.673  -20.698  25.376 0.0000000000
97161  -41.035  -20.500  25.166 0.0000000000
96008  -41.871  -20.781  23.945 0.0000000000
96001  -44.577  -19.443  25.815 0.0000000000
97164  -45.287  -18.987  26.385 0.0000000000
98286  -45.685  -18.544  26.760 0.0000000000
98274  -46.121  -18.528  27.521 0.0000000000
94826  -45.197  -20.260  28.942 0.0000000000
95939  -45.776  -19.830  28.962 0.0000000000
98268  -46.290  -18.839  28.393 0.0000000000
99417  -46.549  -18.101  28.491 0.0000000000
100546  -46.894  -18.247  29.225 0.0000000000
78403  -25.431  -35.181  38.956 0.0000000000
79681  -25.656  -34.055  38.522 0.0000000000
79693  -25.739  -33.577  37.639 0.0000000000
80959  -26.003  -32.992  37.433 0.0000000000
80979  -26.009  -32.868  36.743 0.0000000000
83462  -27.466  -30.160  38.176 0.0000000000
82222  -26.090  -31.295  35.420 0.0000000000
82249  -26.517  -30.739  34.955 0.0000000000
82298  -29.626  -30.385  32.448 0.0000000000
82253  -32.818  -30.952  34.084 0.0000000000
81024  -33.526  -31.672  34.114 0.0000000000
81002  -34.265  -31.367  34.757 0.0000000000
81003  -35.239  -32.007  34.768 0.0000000000
83467  -34.028  -30.019  36.900 0.0000000000
82161  -35.426  -30.202  38.004 0.0000000000
83468  -34.794  -30.251  36.878 0.0000000000
82188  -34.529  -30.588  36.319 0.0000000000
82206  -35.036  -30.998  35.976 0.0000000000
80982  -34.830  -31.391  35.371 0.0000000000
80985  -37.274  -32.345  36.287 0.0000000000
58853  -13.014  -48.164  43.421 0.0000000000
57596  -12.606  -48.874  43.861 0.0000000000
57595  -11.999  -49.496  44.340 0.0000000000
57608  -11.375  -49.857  43.317 0.0000000000
57629  -10.740  -49.996  42.054 0.0000000000
57656  -11.175  -50.457  40.969 0.0000000000
100586  -52.466  -17.108  23.755 0.0000000000
74227  -26.789  -39.487  37.770 0.0000000000
74210  -26.494  -39.201  38.140 0.0000000000
75655  -26.045  -38.482  38.247 0.0000000000
68974  -29.482  -41.154  42.143 0.0000000000
70163  -29.534  -40.468  42.419 0.0000000000
70173  -29.346  -40.638  41.555 0.0000000000
74139  -29.509  -39.367  43.535 0.0000000000
72740  -29.410  -39.626  42.767 0.0000000000
72747  -29.157  -39.815  41.580 0.0000000000
74165  -28.935  -39.547  41.935 0.0000000000
74175  -28.375  -39.459  41.242 0.0000000000
76996  -27.374  -38.009  44.588 0.0000000000
75546  -28.112  -38.503  43.854 0.0000000000
75559  -27.890  -38.504  42.979 0.0000000000
75612  -27.777  -39.263  40.877 0.0000000000
75589  -27.350  -38.808  41.174 0.0000000000
77052  -26.994  -38.297  41.068 0.0000000000
77051  -26.560  -37.794  40.848 0.0000000000
77034  -26.270  -36.911  41.647 0.0000000000
78387  -25.625  -35.493  39.928 0.0000000000
79656  -26.132  -34.540  40.134 0.0000000000
80919  -26.693  -32.946  41.249 0.0000000000
84572  -27.965  -29.356  41.401 0.0000000000
82079  -27.490  -32.318  44.308 0.0000000000
84537  -27.594  -30.206  43.999 0.0000000000
63914  -21.608  -44.921  42.283 0.0000000000
65147  -21.641  -44.640  41.829 0.0000000000
66314  -22.449  -43.307  42.813 0.0000000000
65134  -21.844  -44.197  41.796 0.0000000000
65167  -21.033  -44.302  38.727 0.0000000000
67685  -24.274  -42.707  40.831 0.0000000000
67706  -23.415  -42.849  40.101 0.0000000000
67729  -23.524  -42.620  38.983 0.0000000000
67728  -22.481  -42.917  39.531 0.0000000000
66413  -21.469  -43.540  37.798 0.0000000000
61414  -15.515  -46.743  44.988 0.0000000000
60171  -15.235  -47.244  41.742 0.0000000000
60203  -15.163  -48.194  39.349 0.0000000000
97179  -46.024  -20.299  22.232 0.0000000000
99421  -46.254  -17.700  26.651 0.0000000000
101661  -46.490  -16.850  25.634 0.0000000000
99461  -46.194  -18.425  22.962 0.0000000000
97180  -46.938  -20.056  21.887 0.0000000000
97181  -47.673  -19.970  21.678 0.0000000000
99463  -48.318  -18.501  21.957 0.0000000000
98311  -49.291  -19.362  21.567 0.0000000000
98304  -50.939  -18.934  21.881 0.0000000000
100594  -50.987  -17.741  22.744 0.0000000000
100583  -50.673  -17.160  23.162 0.0000000000
100595  -51.374  -17.767  22.839 0.0000000000
101655  -51.765  -15.668  24.945 0.0000000000
51466  -4.834  -55.969  46.990 0.0000000000
49023  -4.766  -57.976  45.966 0.0000000000
49030  -5.254  -58.202  44.928 0.0000000000
47821  -4.777  -58.783  45.384 0.0000000000
77130  -24.703  -36.525  36.829 0.0000000000
81021  -25.586  -32.672  34.238 0.0000000000
87195  -33.835  -28.179  30.261 0.0000000000
81088  -31.932  -32.073  31.311 0.0000000000
81065  -32.859  -32.157  32.722 0.0000000000
79774  -32.461  -32.099  31.809 0.0000000000
79827  -32.306  -32.114  31.240 0.0000000000
79828  -32.673  -32.020  31.228 0.0000000000
81118  -33.258  -31.357  30.858 0.0000000000
79758  -35.266  -34.053  34.274 0.0000000000
78503  -35.195  -34.243  33.534 0.0000000000
79805  -35.782  -32.498  32.831 0.0000000000
79804  -35.066  -32.322  32.686 0.0000000000
79830  -34.206  -31.852  31.872 0.0000000000
84718  -33.595  -29.635  30.754 0.0000000000
88466  -37.308  -26.350  31.775 0.0000000000
85906  -38.098  -28.572  33.815 0.0000000000
53946  -5.500  -54.104  48.201 0.0000000000
52766  -6.386  -55.386  43.258 0.0000000000
50243  -4.590  -56.665  47.616 0.0000000000
50242  -4.520  -56.892  48.041 0.0000000000
47788  -3.672  -58.077  48.857 0.0000000000
48993  -3.465  -57.850  49.754 0.0000000000
45357  -4.371  -61.276  45.634 0.0000000000
46598  -3.936  -60.101  46.859 0.0000000000
47787  -3.553  -58.359  49.268 0.0000000000
47781  -3.353  -58.199  49.973 0.0000000000
46567  -3.195  -58.600  50.068 0.0000000000
46566  -3.056  -58.804  50.066 0.0000000000
46565  -2.598  -58.773  50.052 0.0000000000
46564  -2.068  -58.660  49.967 0.0000000000
47777  -1.673  -57.757  50.299 0.0000000000
42530  -2.333  -62.821  46.709 0.0000000000
42529  -2.064  -62.725  46.760 0.0000000000
42514  -2.292  -62.261  47.073 0.0000000000
43936  -2.128  -61.688  47.360 0.0000000000
42512  -1.806  -62.027  47.047 0.0000000000
45314  -2.067  -59.670  48.938 0.0000000000
47770  -3.139  -57.707  51.066 0.0000000000
47779  -2.848  -58.271  50.586 0.0000000000
47794  -3.656  -58.548  48.746 0.0000000000
56422  -11.614  -49.782  44.469 0.0000000000
56465  -8.583  -50.797  42.702 0.0000000000
57653  -8.635  -51.078  41.966 0.0000000000
60150  -19.428  -46.564  41.876 0.0000000000
60172  -19.429  -46.552  41.533 0.0000000000
62745  -21.415  -45.449  41.310 0.0000000000
65071  -24.384  -44.453  47.811 0.0000000000
66331  -21.993  -43.947  41.735 0.0000000000
66333  -24.140  -42.318  42.382 0.0000000000
66353  -22.214  -43.500  41.207 0.0000000000
66394  -25.352  -42.548  38.726 0.0000000000
66414  -25.399  -42.650  38.362 0.0000000000
67602  -28.284  -41.590  47.109 0.0000000000
67665  -23.021  -42.703  41.837 0.0000000000
67666  -23.787  -42.489  41.708 0.0000000000
67683  -22.694  -43.253  41.045 0.0000000000
67708  -25.163  -42.537  39.493 0.0000000000
68884  -28.549  -41.194  49.567 0.0000000000
68941  -28.676  -40.624  44.905 0.0000000000
68942  -28.892  -40.194  44.723 0.0000000000
68952  -29.301  -40.556  43.979 0.0000000000
68963  -29.499  -40.501  43.461 0.0000000000
69001  -28.734  -41.643  39.670 0.0000000000
69019  -28.491  -41.074  39.372 0.0000000000
70098  -29.289  -40.125  46.483 0.0000000000
70112  -29.216  -40.535  46.340 0.0000000000
70113  -29.091  -40.109  45.907 0.0000000000
70153  -29.611  -40.196  43.168 0.0000000000
71380  -28.998  -39.878  45.385 0.0000000000
71422  -29.562  -39.872  42.700 0.0000000000
71423  -29.626  -39.974  42.968 0.0000000000
71433  -29.510  -40.040  42.128 0.0000000000
71434  -29.558  -39.949  42.492 0.0000000000
71456  -28.203  -40.195  38.904 0.0000000000
71465  -28.300  -40.449  38.848 0.0000000000
72675  -29.169  -39.212  45.863 0.0000000000
72676  -29.055  -39.605  45.104 0.0000000000
72712  -29.651  -39.831  43.999 0.0000000000
72727  -29.484  -39.468  43.315 0.0000000000
72728  -29.603  -39.718  43.374 0.0000000000
72741  -29.596  -39.788  42.971 0.0000000000
72772  -28.327  -40.073  39.443 0.0000000000
74086  -29.870  -39.296  44.910 0.0000000000
74104  -29.393  -38.798  44.944 0.0000000000
74105  -29.550  -39.426  44.269 0.0000000000
74124  -29.507  -39.437  43.748 0.0000000000
74152  -28.701  -39.190  42.650 0.0000000000
74164  -28.622  -39.339  42.110 0.0000000000
74176  -28.648  -39.706  40.992 0.0000000000
74201  -27.665  -39.570  39.283 0.0000000000
75533  -28.943  -38.814  44.678 0.0000000000
75534  -29.160  -38.942  44.776 0.0000000000
75588  -27.006  -38.617  40.692 0.0000000000
75590  -28.022  -39.159  41.617 0.0000000000
77033  -26.082  -36.128  41.644 0.0000000000
78340  -26.351  -35.578  41.835 0.0000000000
78468  -35.602  -34.303  34.239 0.0000000000
78469  -35.869  -34.258  34.266 0.0000000000
78485  -35.158  -34.312  33.807 0.0000000000
78486  -35.440  -34.486  34.032 0.0000000000
78504  -35.617  -34.159  33.389 0.0000000000
78505  -36.095  -33.803  33.437 0.0000000000
79625  -27.244  -33.254  43.421 0.0000000000
79694  -25.761  -33.312  38.240 0.0000000000
79724  -36.328  -32.728  34.322 0.0000000000
79741  -35.745  -33.850  34.384 0.0000000000
79759  -36.424  -33.485  33.783 0.0000000000
79781  -37.175  -32.705  34.129 0.0000000000
79800  -32.359  -32.101  31.541 0.0000000000
80826  -27.531  -33.167  45.012 0.0000000000
80867  -27.663  -33.027  43.950 0.0000000000
81005  -36.599  -32.374  35.104 0.0000000000
81026  -35.337  -32.466  34.047 0.0000000000
81066  -36.144  -32.458  32.909 0.0000000000
81068  -37.102  -32.274  33.950 0.0000000000
81090  -35.827  -31.999  32.610 0.0000000000
81121  -35.416  -31.701  32.437 0.0000000000
82177  -35.950  -30.551  37.516 0.0000000000
82191  -36.238  -30.870  37.239 0.0000000000
82204  -33.703  -30.467  35.436 0.0000000000
82227  -33.967  -30.897  35.053 0.0000000000
82391  -32.669  -31.996  28.777 0.0000000000
83350  -27.527  -32.314  45.001 0.0000000000
83431  -27.387  -30.618  40.233 0.0000000000
83571  -27.903  -31.146  31.707 0.0000000000
83593  -36.049  -30.395  32.587 0.0000000000
84593  -27.497  -30.367  40.309 0.0000000000
84610  -27.469  -30.465  40.074 0.0000000000
85952  -33.351  -29.716  29.319 0.0000000000
88480  -33.960  -27.403  29.647 0.0000000000
89716  -41.857  -24.492  31.848 0.0000000000
91003  -35.290  -25.823  30.199 0.0000000000
91006  -41.116  -24.388  31.440 0.0000000000
91019  -35.315  -25.718  29.885 0.0000000000
91021  -36.861  -24.818  30.350 0.0000000000
92451  -41.854  -22.201  29.713 0.0000000000
94806  -41.107  -20.998  28.146 0.0000000000
94825  -44.689  -20.498  28.913 0.0000000000
94839  -38.634  -22.134  26.382 0.0000000000
95924  -40.968  -20.890  27.873 0.0000000000
95925  -41.133  -20.931  28.037 0.0000000000
95935  -40.673  -20.993  27.584 0.0000000000
95938  -45.401  -19.851  28.461 0.0000000000
95955  -39.226  -21.638  26.301 0.0000000000
95957  -40.851  -20.721  26.823 0.0000000000
95975  -38.741  -22.015  25.928 0.0000000000
95977  -39.807  -21.217  25.894 0.0000000000
95978  -40.345  -20.950  26.336 0.0000000000
95979  -41.760  -20.311  25.924 0.0000000000
95995  -39.579  -21.716  25.321 0.0000000000
96002  -44.967  -19.265  26.184 0.0000000000
97141  -41.164  -20.533  26.426 0.0000000000
97143  -45.975  -19.028  28.042 0.0000000000
97144  -46.152  -19.030  28.237 0.0000000000
97150  -40.721  -20.661  26.106 0.0000000000
97152  -45.336  -19.208  26.974 0.0000000000
97159  -40.306  -20.894  25.668 0.0000000000
97165  -45.540  -18.702  26.637 0.0000000000
98264  -46.455  -18.302  28.283 0.0000000000
98265  -46.523  -18.616  28.689 0.0000000000
98267  -46.298  -18.568  28.075 0.0000000000
98283  -45.042  -19.210  25.185 0.0000000000
98298  -45.318  -19.374  23.170 0.0000000000
99423  -46.465  -18.158  27.827 0.0000000000
99434  -46.326  -18.341  27.648 0.0000000000
99454  -45.605  -18.614  24.787 0.0000000000
99473  -49.258  -18.936  21.618 0.0000000000
100540  -47.029  -17.809  29.341 0.0000000000
100543  -46.430  -17.371  27.247 0.0000000000
100553  -46.525  -17.884  27.690 0.0000000000
100575  -52.419  -16.711  24.165 0.0000000000
100584  -51.492  -17.470  23.197 0.0000000000
102758  -47.152  -16.075  25.228 0.0000000000
