#!ascii label  , from subject sub-01 vox2ras=TkReg
1962
131009  -46.974  11.470  23.290 0.0000000000
151840  -41.033  36.680  23.699 0.0000000000
142494  -38.935  24.433  21.912 0.0000000000
139967  -49.386  21.165  14.727 0.0000000000
149708  -44.252  33.277  16.623 0.0000000000
147295  -43.782  31.042  23.549 0.0000000000
144073  -45.429  26.133  20.282 0.0000000000
138049  -43.516  19.536  14.269 0.0000000000
126717  -45.793  6.114  26.095 0.0000000000
130972  -50.194  11.257  26.982 0.0000000000
151863  -36.622  37.421  21.006 0.0000000000
148920  -40.366  32.490  14.620 0.0000000000
145769  -48.936  28.430  9.693 0.0000000000
134459  -46.696  15.475  21.473 0.0000000000
147970  -42.151  31.796  31.314 0.0000000000
139861  -45.413  21.230  21.702 0.0000000000
133641  -49.739  14.764  14.928 0.0000000000
133672  -43.528  14.509  12.099 0.0000000000
133683  -37.554  13.708  11.288 0.0000000000
131030  -44.591  11.702  21.038 0.0000000000
147367  -47.508  31.544  14.577 0.0000000000
146485  -45.714  29.903  18.374 0.0000000000
145672  -45.594  28.786  16.586 0.0000000000
144079  -42.983  26.563  19.296 0.0000000000
127566  -47.890  7.655  26.484 0.0000000000
131778  -47.786  12.159  26.758 0.0000000000
155082  -34.862  40.938  22.275 0.0000000000
148184  -43.709  31.157  12.342 0.0000000000
134420  -45.090  15.379  24.094 0.0000000000
136172  -41.522  17.527  21.419 0.0000000000
153010  -39.759  38.912  27.449 0.0000000000
150351  -39.564  34.689  28.794 0.0000000000
141679  -48.993  23.318  22.025 0.0000000000
144061  -45.996  26.287  23.128 0.0000000000
138967  -48.229  20.549  18.210 0.0000000000
136238  -46.237  17.698  15.577 0.0000000000
136255  -49.372  17.725  12.844 0.0000000000
134540  -46.670  15.277  13.741 0.0000000000
135430  -47.197  16.121  10.593 0.0000000000
135392  -41.411  16.307  13.291 0.0000000000
149684  -39.890  33.947  19.159 0.0000000000
148847  -38.087  32.526  23.453 0.0000000000
147330  -41.559  29.887  20.503 0.0000000000
145644  -47.009  28.633  21.133 0.0000000000
140834  -47.100  22.501  18.416 0.0000000000
139027  -46.503  20.514  13.144 0.0000000000
141734  -44.160  22.901  17.637 0.0000000000
141767  -41.951  22.964  15.366 0.0000000000
125778  -47.041  6.006  24.503 0.0000000000
126729  -50.413  6.583  24.727 0.0000000000
130207  -49.567  10.078  24.754 0.0000000000
151849  -34.997  36.681  22.249 0.0000000000
154337  -36.789  40.730  25.288 0.0000000000
153052  -41.180  38.469  23.281 0.0000000000
151897  -41.832  36.737  19.628 0.0000000000
151281  -42.926  34.909  15.662 0.0000000000
149777  -47.835  33.136  13.552 0.0000000000
145739  -48.175  28.343  11.469 0.0000000000
142646  -47.631  24.730  8.867 0.0000000000
134385  -48.238  15.766  27.737 0.0000000000
134435  -49.696  15.208  24.331 0.0000000000
132700  -50.209  13.666  21.863 0.0000000000
146398  -39.762  29.656  25.424 0.0000000000
148820  -42.711  32.502  27.126 0.0000000000
145609  -42.280  28.782  23.261 0.0000000000
141676  -41.704  23.893  21.770 0.0000000000
136203  -44.021  17.671  18.340 0.0000000000
134506  -49.187  15.402  17.845 0.0000000000
132724  -47.878  13.501  19.481 0.0000000000
132752  -45.697  13.906  17.602 0.0000000000
133585  -42.058  14.240  16.742 0.0000000000
133613  -39.629  13.993  14.178 0.0000000000
135417  -43.944  16.085  11.294 0.0000000000
132821  -40.055  14.079  10.468 0.0000000000
131892  -37.603  12.116  11.634 0.0000000000
129378  -47.211  8.990  22.965 0.0000000000
129376  -46.055  9.831  22.361 0.0000000000
131018  -45.695  11.680  22.104 0.0000000000
146533  -46.514  29.780  13.419 0.0000000000
146513  -46.021  30.030  15.380 0.0000000000
146522  -45.369  29.483  14.591 0.0000000000
146510  -43.773  29.046  15.774 0.0000000000
139839  -40.202  21.456  22.576 0.0000000000
152420  -40.889  37.782  26.037 0.0000000000
140837  -49.629  22.042  19.113 0.0000000000
139885  -49.159  21.412  20.672 0.0000000000
138980  -49.223  20.590  17.098 0.0000000000
138051  -48.427  19.388  14.332 0.0000000000
138060  -49.257  19.320  13.504 0.0000000000
135433  -49.021  16.710  11.326 0.0000000000
137165  -48.353  18.939  12.200 0.0000000000
148882  -41.049  32.575  17.539 0.0000000000
148126  -38.985  31.694  19.341 0.0000000000
147345  -41.273  30.978  18.116 0.0000000000
145654  -46.836  28.339  18.826 0.0000000000
146478  -46.335  29.005  19.552 0.0000000000
144863  -47.267  27.305  20.242 0.0000000000
143306  -47.331  25.096  21.483 0.0000000000
141689  -45.919  23.566  20.548 0.0000000000
140853  -45.837  22.501  17.198 0.0000000000
142527  -44.293  23.886  19.801 0.0000000000
142548  -42.113  24.386  17.565 0.0000000000
129346  -49.589  9.616  26.909 0.0000000000
126705  -49.388  6.986  26.281 0.0000000000
129347  -50.562  9.097  26.125 0.0000000000
128478  -49.955  8.231  24.627 0.0000000000
131002  -50.410  10.912  25.458 0.0000000000
153691  -36.255  39.786  22.202 0.0000000000
154348  -35.426  40.924  23.879 0.0000000000
153669  -37.686  40.255  24.287 0.0000000000
154352  -39.440  40.644  25.396 0.0000000000
152439  -39.082  37.855  23.295 0.0000000000
149720  -37.986  33.242  16.261 0.0000000000
151223  -39.928  35.990  19.046 0.0000000000
150514  -40.138  34.670  17.146 0.0000000000
151249  -41.834  35.463  17.494 0.0000000000
149758  -41.634  33.225  15.023 0.0000000000
147395  -46.294  30.252  11.107 0.0000000000
148186  -46.085  31.654  12.790 0.0000000000
147398  -48.914  30.923  11.301 0.0000000000
148190  -49.192  31.103  12.482 0.0000000000
144944  -49.047  27.694  10.519 0.0000000000
144170  -47.264  26.509  10.105 0.0000000000
143420  -49.040  26.033  9.081 0.0000000000
137040  -44.181  18.252  28.247 0.0000000000
136103  -46.206  18.018  30.581 0.0000000000
136123  -45.554  17.289  29.140 0.0000000000
135245  -48.139  16.014  29.454 0.0000000000
135252  -45.914  16.369  27.738 0.0000000000
134441  -45.781  15.440  22.305 0.0000000000
134422  -47.103  15.410  24.505 0.0000000000
134443  -47.892  15.457  22.685 0.0000000000
134463  -50.248  14.661  22.683 0.0000000000
134475  -49.743  15.094  21.092 0.0000000000
147944  -40.827  31.473  32.265 0.0000000000
147221  -39.177  30.250  30.318 0.0000000000
147233  -40.679  30.700  28.953 0.0000000000
148095  -41.085  31.335  23.935 0.0000000000
148066  -40.182  31.687  25.564 0.0000000000
148082  -43.091  31.760  25.040 0.0000000000
141666  -45.621  23.503  22.555 0.0000000000
144832  -44.397  28.037  23.278 0.0000000000
142499  -43.974  24.456  22.331 0.0000000000
144057  -41.836  26.469  22.012 0.0000000000
140766  -43.757  22.488  22.282 0.0000000000
137992  -43.014  19.885  21.141 0.0000000000
138021  -43.862  19.363  18.781 0.0000000000
134541  -49.116  15.541  15.144 0.0000000000
134526  -47.741  15.862  16.645 0.0000000000
134518  -50.167  14.934  16.430 0.0000000000
132757  -50.090  13.823  18.409 0.0000000000
132771  -49.014  13.824  17.077 0.0000000000
132737  -46.900  13.591  18.428 0.0000000000
132769  -47.570  14.131  16.743 0.0000000000
133673  -44.811  14.830  12.266 0.0000000000
133618  -44.345  14.577  15.434 0.0000000000
133635  -43.065  14.732  14.254 0.0000000000
132781  -40.234  13.858  15.692 0.0000000000
133633  -41.089  14.420  13.898 0.0000000000
139025  -44.872  20.130  13.461 0.0000000000
136252  -45.370  17.835  12.763 0.0000000000
136250  -44.058  17.321  13.581 0.0000000000
134561  -39.281  15.426  12.052 0.0000000000
134574  -40.654  15.450  10.891 0.0000000000
133702  -38.617  14.028  10.444 0.0000000000
132802  -38.525  13.143  11.561 0.0000000000
131903  -37.859  13.044  10.794 0.0000000000
130302  -36.893  10.605  10.908 0.0000000000
126747  -48.676  6.803  21.313 0.0000000000
130246  -43.083  11.036  19.960 0.0000000000
148891  -46.468  32.774  16.813 0.0000000000
148133  -44.565  31.168  18.010 0.0000000000
147358  -46.087  30.554  17.224 0.0000000000
146493  -46.276  29.519  17.190 0.0000000000
144882  -45.817  28.037  17.832 0.0000000000
144080  -44.243  26.633  19.558 0.0000000000
145661  -44.474  28.304  17.499 0.0000000000
126702  -46.463  6.830  26.263 0.0000000000
128454  -46.694  8.613  26.340 0.0000000000
130970  -49.243  11.695  27.397 0.0000000000
153096  -36.115  38.834  18.923 0.0000000000
148166  -42.072  31.620  13.054 0.0000000000
146614  -47.499  29.245  9.075 0.0000000000
144199  -48.281  26.943  8.417 0.0000000000
135273  -44.516  15.878  25.769 0.0000000000
134428  -42.980  15.564  22.688 0.0000000000
134457  -44.444  15.671  21.234 0.0000000000
148747  -40.516  33.092  30.615 0.0000000000
145614  -47.427  28.233  23.741 0.0000000000
146417  -46.096  29.451  24.407 0.0000000000
142486  -47.824  24.716  23.609 0.0000000000
139847  -48.150  21.820  22.073 0.0000000000
138941  -46.846  20.937  20.318 0.0000000000
138023  -45.148  20.147  18.050 0.0000000000
138037  -46.795  19.986  16.151 0.0000000000
136253  -48.123  17.555  13.835 0.0000000000
134555  -49.509  15.577  13.359 0.0000000000
133639  -47.634  14.860  14.122 0.0000000000
133676  -48.857  14.921  12.427 0.0000000000
133675  -46.621  14.947  11.417 0.0000000000
133709  -45.516  14.648  10.266 0.0000000000
135382  -42.776  16.751  14.036 0.0000000000
144829  -37.035  27.520  23.246 0.0000000000
151177  -40.098  35.284  22.028 0.0000000000
150424  -38.596  34.458  23.618 0.0000000000
149659  -38.545  33.567  21.502 0.0000000000
147306  -38.899  30.786  21.883 0.0000000000
147309  -42.228  30.506  22.532 0.0000000000
146475  -43.805  30.108  19.609 0.0000000000
146449  -44.322  29.940  21.240 0.0000000000
146438  -46.341  29.746  22.590 0.0000000000
144070  -48.209  26.195  22.709 0.0000000000
140795  -48.588  22.588  20.535 0.0000000000
140874  -48.721  22.301  16.926 0.0000000000
139982  -47.595  21.128  13.744 0.0000000000
140895  -47.417  22.054  15.821 0.0000000000
140893  -45.394  22.256  15.330 0.0000000000
140911  -44.194  21.960  14.358 0.0000000000
142535  -43.270  24.188  18.873 0.0000000000
141752  -43.082  23.072  16.421 0.0000000000
125752  -47.801  6.340  26.052 0.0000000000
125780  -49.136  5.952  24.598 0.0000000000
125796  -48.748  6.067  22.861 0.0000000000
127598  -49.451  6.856  23.153 0.0000000000
129374  -48.382  8.985  23.993 0.0000000000
131004  -48.268  11.340  24.070 0.0000000000
151162  -36.404  35.789  24.060 0.0000000000
153048  -36.047  38.414  23.724 0.0000000000
152419  -37.389  37.684  25.411 0.0000000000
153636  -38.607  40.040  26.533 0.0000000000
154340  -41.402  39.977  25.443 0.0000000000
152442  -42.538  38.027  23.616 0.0000000000
151220  -37.146  35.820  19.191 0.0000000000
151882  -39.508  36.590  20.614 0.0000000000
152466  -42.015  37.781  21.455 0.0000000000
151868  -42.522  36.832  21.698 0.0000000000
151209  -41.596  35.571  20.185 0.0000000000
150500  -41.390  34.733  18.083 0.0000000000
151252  -43.977  34.830  16.366 0.0000000000
148941  -43.691  32.351  13.782 0.0000000000
149761  -44.958  34.106  14.599 0.0000000000
150553  -46.468  34.492  15.420 0.0000000000
148908  -48.250  32.581  14.448 0.0000000000
146535  -48.006  30.141  12.740 0.0000000000
144150  -45.930  27.210  10.596 0.0000000000
142629  -45.327  25.358  9.306 0.0000000000
142659  -48.560  24.615  8.171 0.0000000000
132619  -48.762  13.910  28.736 0.0000000000
132630  -49.471  13.604  27.663 0.0000000000
134397  -46.450  15.656  26.235 0.0000000000
134415  -49.013  15.622  26.111 0.0000000000
132672  -50.211  13.093  25.934 0.0000000000
132674  -50.387  12.953  24.836 0.0000000000
132676  -49.974  13.004  23.182 0.0000000000
131813  -48.639  12.832  22.919 0.0000000000
145605  -38.450  28.382  23.226 0.0000000000
149624  -38.515  33.416  25.915 0.0000000000
148790  -39.936  32.660  28.493 0.0000000000
148770  -43.057  32.173  29.653 0.0000000000
146415  -44.423  30.057  24.711 0.0000000000
147268  -43.155  30.820  26.108 0.0000000000
147248  -42.448  31.308  28.111 0.0000000000
146412  -40.717  29.618  24.637 0.0000000000
144842  -40.296  27.288  22.355 0.0000000000
142496  -40.559  23.953  21.808 0.0000000000
138909  -41.770  20.585  22.434 0.0000000000
136182  -42.795  17.066  20.097 0.0000000000
134484  -45.484  15.978  19.684 0.0000000000
135354  -45.362  17.393  17.085 0.0000000000
135342  -46.800  16.038  17.750 0.0000000000
134486  -47.454  15.596  19.626 0.0000000000
133579  -49.924  14.770  19.603 0.0000000000
132712  -49.653  13.555  20.640 0.0000000000
131825  -47.095  13.007  21.978 0.0000000000
131835  -46.041  13.072  20.903 0.0000000000
131845  -45.094  12.934  19.844 0.0000000000
131843  -43.500  12.553  19.344 0.0000000000
133602  -45.722  14.362  16.448 0.0000000000
133588  -44.012  13.927  17.243 0.0000000000
131853  -42.075  12.843  18.687 0.0000000000
131861  -40.417  12.785  17.456 0.0000000000
131070  -39.075  11.550  15.702 0.0000000000
137163  -46.640  18.568  12.360 0.0000000000
135428  -45.510  15.925  10.537 0.0000000000
134605  -43.481  14.977  9.680 0.0000000000
135405  -42.704  16.249  12.328 0.0000000000
134588  -42.065  15.327  9.868 0.0000000000
133688  -42.033  13.995  10.911 0.0000000000
133650  -39.597  13.864  12.426 0.0000000000
131887  -38.067  12.276  13.011 0.0000000000
130210  -46.769  10.686  23.354 0.0000000000
129377  -46.601  9.406  22.665 0.0000000000
130214  -46.276  10.408  22.783 0.0000000000
130213  -45.765  10.617  22.420 0.0000000000
131019  -46.528  11.534  22.808 0.0000000000
146546  -45.754  29.273  12.841 0.0000000000
146532  -45.568  29.437  13.680 0.0000000000
146531  -44.619  29.262  13.854 0.0000000000
139831  -39.509  21.050  22.904 0.0000000000
140762  -39.754  22.478  22.311 0.0000000000
151828  -40.894  37.166  24.666 0.0000000000
151811  -40.019  36.556  25.807 0.0000000000
151149  -39.553  36.008  24.882 0.0000000000
139937  -49.618  21.403  16.550 0.0000000000
138969  -49.611  20.962  17.790 0.0000000000
138992  -49.504  20.842  15.888 0.0000000000
139003  -49.179  20.304  15.108 0.0000000000
139015  -49.450  20.471  14.076 0.0000000000
137166  -49.109  18.921  12.389 0.0000000000
139047  -48.987  20.255  12.978 0.0000000000
148886  -41.765  32.519  17.310 0.0000000000
148136  -41.414  31.804  17.600 0.0000000000
148137  -42.152  31.762  17.501 0.0000000000
144873  -46.792  27.675  18.877 0.0000000000
144874  -47.152  27.590  19.403 0.0000000000
144082  -46.089  26.787  19.980 0.0000000000
144074  -46.293  26.204  20.524 0.0000000000
143313  -45.815  25.378  20.682 0.0000000000
141688  -44.952  23.714  20.164 0.0000000000
143312  -44.711  25.302  20.354 0.0000000000
129332  -50.109  9.826  26.989 0.0000000000
128446  -49.952  9.152  26.927 0.0000000000
129333  -50.399  9.542  26.559 0.0000000000
130189  -50.680  10.040  25.994 0.0000000000
130988  -50.392  11.112  26.271 0.0000000000
153071  -36.487  38.536  21.650 0.0000000000
153692  -36.681  39.421  22.876 0.0000000000
153061  -37.223  38.478  22.943 0.0000000000
153062  -37.850  38.315  23.354 0.0000000000
152463  -37.725  37.310  22.366 0.0000000000
148936  -38.460  32.464  13.768 0.0000000000
148917  -37.721  32.725  14.785 0.0000000000
149756  -38.979  32.649  15.178 0.0000000000
149721  -39.041  33.366  16.215 0.0000000000
149739  -39.500  32.864  15.506 0.0000000000
149723  -40.606  33.864  16.159 0.0000000000
149757  -41.033  32.828  14.974 0.0000000000
146576  -48.420  29.657  10.289 0.0000000000
147396  -47.413  30.472  11.263 0.0000000000
146577  -49.176  29.537  10.481 0.0000000000
147412  -49.279  30.328  10.923 0.0000000000
144957  -49.156  27.462  9.810 0.0000000000
144154  -49.129  26.967  10.121 0.0000000000
144964  -48.994  27.401  9.193 0.0000000000
137039  -43.504  18.661  27.801 0.0000000000
136122  -44.859  17.787  28.691 0.0000000000
136129  -44.449  17.272  27.981 0.0000000000
135242  -46.126  16.623  28.629 0.0000000000
134442  -46.848  15.394  22.474 0.0000000000
134460  -47.805  15.452  21.656 0.0000000000
134461  -48.854  15.469  21.894 0.0000000000
148710  -41.191  32.660  32.601 0.0000000000
147945  -41.500  31.851  32.259 0.0000000000
147202  -40.741  31.149  30.797 0.0000000000
147989  -41.684  31.453  30.701 0.0000000000
147294  -42.778  30.938  23.429 0.0000000000
148081  -41.870  31.606  24.891 0.0000000000
148097  -43.418  31.412  24.258 0.0000000000
139844  -45.172  21.710  22.244 0.0000000000
143295  -44.585  25.433  22.488 0.0000000000
140767  -44.830  22.488  22.426 0.0000000000
139843  -44.076  21.493  22.130 0.0000000000
138924  -43.768  20.496  21.397 0.0000000000
138939  -44.694  20.462  20.319 0.0000000000
134543  -50.076  14.927  15.122 0.0000000000
134528  -49.777  15.284  15.708 0.0000000000
133624  -50.114  14.625  16.106 0.0000000000
133606  -49.747  14.163  16.589 0.0000000000
133605  -49.057  14.165  16.299 0.0000000000
132770  -48.160  14.010  16.890 0.0000000000
133604  -48.156  14.249  16.188 0.0000000000
133655  -43.838  14.801  13.282 0.0000000000
133654  -42.811  14.496  13.115 0.0000000000
133634  -42.059  14.479  14.114 0.0000000000
133653  -41.836  14.311  12.964 0.0000000000
138057  -43.936  19.805  13.792 0.0000000000
137154  -44.401  18.351  13.688 0.0000000000
137153  -43.835  18.018  14.065 0.0000000000
133684  -38.214  14.370  11.049 0.0000000000
134572  -38.862  14.882  11.287 0.0000000000
132819  -38.235  13.426  10.671 0.0000000000
132818  -37.693  13.243  10.867 0.0000000000
131897  -36.993  12.143  11.183 0.0000000000
132801  -37.221  13.319  11.697 0.0000000000
127601  -48.803  7.190  21.813 0.0000000000
129399  -43.936  9.892  20.889 0.0000000000
131038  -44.038  11.489  20.545 0.0000000000
148144  -47.245  32.209  15.804 0.0000000000
148143  -46.642  31.817  16.434 0.0000000000
148147  -46.960  31.580  15.637 0.0000000000
146502  -45.736  29.429  16.119 0.0000000000
146503  -46.147  29.913  16.449 0.0000000000
145673  -46.181  29.208  16.740 0.0000000000
145663  -46.273  28.700  17.558 0.0000000000
145662  -45.427  28.390  17.283 0.0000000000
144881  -45.172  28.142  17.707 0.0000000000
145671  -44.722  28.541  16.755 0.0000000000
146501  -43.659  28.777  16.353 0.0000000000
130201  -45.927  10.041  25.974 0.0000000000
130987  -48.824  11.023  27.141 0.0000000000
131779  -48.569  11.901  27.180 0.0000000000
153710  -36.443  39.535  20.263 0.0000000000
147420  -46.577  30.099  9.451 0.0000000000
144980  -47.168  27.938  8.487 0.0000000000
146612  -45.966  29.761  8.438 0.0000000000
135290  -40.882  17.359  22.416 0.0000000000
135287  -41.443  16.411  23.089 0.0000000000
135292  -42.211  16.025  22.346 0.0000000000
134439  -43.719  15.569  21.992 0.0000000000
135302  -42.517  16.159  21.156 0.0000000000
153009  -39.013  38.697  27.362 0.0000000000
149594  -39.620  33.579  29.291 0.0000000000
144049  -48.339  25.736  23.306 0.0000000000
144835  -47.361  27.439  23.793 0.0000000000
141654  -48.585  24.250  23.277 0.0000000000
138943  -48.906  20.930  19.959 0.0000000000
139864  -48.324  21.506  21.372 0.0000000000
138942  -47.891  20.883  20.063 0.0000000000
139863  -47.280  21.346  21.368 0.0000000000
138954  -47.000  20.658  19.295 0.0000000000
138977  -46.426  20.440  17.394 0.0000000000
138978  -47.445  20.502  17.385 0.0000000000
137149  -48.552  18.961  13.859 0.0000000000
137148  -47.805  18.659  14.231 0.0000000000
136254  -48.887  17.560  13.341 0.0000000000
135397  -48.696  16.680  13.638 0.0000000000
135398  -49.348  16.587  13.034 0.0000000000
133677  -49.379  15.122  12.698 0.0000000000
134567  -49.576  15.932  12.429 0.0000000000
135431  -48.127  16.327  10.891 0.0000000000
134579  -47.791  15.106  11.124 0.0000000000
133711  -47.099  15.089  10.600 0.0000000000
133692  -46.106  14.792  10.866 0.0000000000
134609  -46.243  15.075  9.864 0.0000000000
150473  -39.568  34.324  20.866 0.0000000000
150456  -39.428  34.497  21.609 0.0000000000
149673  -39.079  33.803  20.614 0.0000000000
147328  -39.281  30.789  19.855 0.0000000000
147317  -38.762  30.995  20.850 0.0000000000
147318  -39.619  30.470  21.004 0.0000000000
147307  -39.969  30.451  22.084 0.0000000000
147320  -41.812  30.123  21.576 0.0000000000
147349  -45.229  30.543  18.258 0.0000000000
147348  -44.146  30.744  18.453 0.0000000000
147338  -44.390  30.313  18.990 0.0000000000
146466  -46.494  29.010  20.761 0.0000000000
146464  -44.873  29.731  20.363 0.0000000000
146450  -45.203  29.803  21.357 0.0000000000
147323  -44.681  30.179  22.164 0.0000000000
146452  -46.849  29.121  21.845 0.0000000000
146440  -47.238  28.795  22.940 0.0000000000
144069  -47.877  26.434  22.069 0.0000000000
141690  -46.962  23.335  20.930 0.0000000000
141677  -47.541  23.935  21.438 0.0000000000
140794  -47.611  22.693  20.369 0.0000000000
140814  -48.381  22.460  19.622 0.0000000000
140855  -47.941  22.464  17.661 0.0000000000
140873  -47.698  22.355  16.705 0.0000000000
140854  -46.879  22.516  17.430 0.0000000000
140832  -45.034  22.526  17.931 0.0000000000
140871  -45.619  22.390  16.247 0.0000000000
140870  -44.637  22.495  16.002 0.0000000000
140912  -45.169  21.968  14.524 0.0000000000
143318  -43.720  25.566  19.835 0.0000000000
143317  -42.778  25.528  19.304 0.0000000000
142568  -41.747  23.931  16.728 0.0000000000
141732  -42.543  23.645  17.027 0.0000000000
126703  -47.361  6.842  26.366 0.0000000000
126704  -48.414  6.764  26.327 0.0000000000
125768  -50.145  6.145  25.163 0.0000000000
125767  -49.449  6.148  25.266 0.0000000000
125781  -49.920  5.777  24.626 0.0000000000
125788  -48.926  5.864  23.783 0.0000000000
126736  -50.190  5.939  23.371 0.0000000000
126735  -49.465  6.329  22.870 0.0000000000
126731  -50.084  6.538  23.521 0.0000000000
130208  -50.063  9.760  25.020 0.0000000000
128477  -49.367  8.492  24.457 0.0000000000
129368  -48.951  9.247  24.525 0.0000000000
129367  -48.312  9.720  24.352 0.0000000000
130206  -48.854  10.372  24.498 0.0000000000
151189  -34.238  35.488  21.784 0.0000000000
150454  -34.046  34.468  21.912 0.0000000000
151175  -34.849  35.518  22.382 0.0000000000
150437  -35.444  34.667  23.024 0.0000000000
151850  -35.510  36.461  22.871 0.0000000000
154380  -33.954  40.041  21.407 0.0000000000
154381  -34.426  40.366  21.868 0.0000000000
155019  -36.294  41.160  24.647 0.0000000000
153667  -35.964  39.692  24.109 0.0000000000
153668  -36.522  39.359  24.614 0.0000000000
153029  -36.936  38.541  25.023 0.0000000000
153018  -37.245  39.026  25.545 0.0000000000
153019  -37.780  38.607  26.132 0.0000000000
154323  -37.957  40.606  26.283 0.0000000000
153040  -40.539  38.810  24.146 0.0000000000
154353  -40.773  39.927  25.201 0.0000000000
154354  -41.565  39.652  24.908 0.0000000000
153662  -42.277  39.334  25.057 0.0000000000
153685  -42.257  39.046  23.814 0.0000000000
151881  -38.351  36.450  20.824 0.0000000000
151221  -38.158  35.635  19.289 0.0000000000
151902  -40.415  36.247  19.039 0.0000000000
151896  -40.971  36.664  19.584 0.0000000000
152479  -42.242  37.338  20.540 0.0000000000
152467  -42.623  37.685  21.657 0.0000000000
151885  -42.674  36.839  20.360 0.0000000000
151192  -42.108  36.302  21.113 0.0000000000
151898  -42.183  36.486  19.607 0.0000000000
151269  -42.060  34.946  15.978 0.0000000000
151238  -41.662  35.352  17.902 0.0000000000
151250  -42.493  35.195  17.094 0.0000000000
150516  -42.826  34.353  16.705 0.0000000000
151272  -44.131  35.265  16.018 0.0000000000
148167  -43.128  31.563  13.127 0.0000000000
148940  -42.651  32.190  13.823 0.0000000000
148168  -44.186  31.648  13.193 0.0000000000
148953  -46.934  32.322  13.097 0.0000000000
148943  -45.825  32.683  13.568 0.0000000000
149775  -46.420  33.148  13.837 0.0000000000
150566  -45.760  34.550  14.981 0.0000000000
150575  -47.234  33.730  14.364 0.0000000000
150554  -47.349  34.147  15.148 0.0000000000
149778  -48.257  32.937  13.588 0.0000000000
145717  -48.524  29.044  11.765 0.0000000000
146536  -48.683  30.190  12.518 0.0000000000
145716  -47.815  28.903  11.975 0.0000000000
146548  -47.501  29.471  12.453 0.0000000000
145738  -47.238  28.292  11.569 0.0000000000
144151  -46.928  27.125  10.600 0.0000000000
142631  -47.195  25.265  9.329 0.0000000000
143402  -46.736  25.951  9.646 0.0000000000
142630  -46.274  25.308  9.331 0.0000000000
142644  -45.890  24.747  8.931 0.0000000000
141826  -46.413  24.090  8.548 0.0000000000
143447  -48.550  25.580  8.043 0.0000000000
134353  -47.480  15.218  30.169 0.0000000000
134370  -48.203  15.862  28.652 0.0000000000
134371  -48.494  15.440  29.066 0.0000000000
134386  -48.724  15.321  28.115 0.0000000000
132620  -49.199  13.727  28.297 0.0000000000
134401  -49.119  15.030  27.467 0.0000000000
134410  -44.309  15.642  24.850 0.0000000000
134396  -45.462  15.693  26.013 0.0000000000
134411  -45.253  15.426  25.082 0.0000000000
134434  -48.914  15.452  24.001 0.0000000000
134423  -48.086  15.479  24.759 0.0000000000
134424  -49.020  15.579  25.052 0.0000000000
133538  -49.637  14.196  25.959 0.0000000000
134426  -49.954  14.617  25.118 0.0000000000
133544  -50.270  13.871  24.156 0.0000000000
133557  -50.504  14.074  22.200 0.0000000000
132686  -50.239  13.468  22.760 0.0000000000
131814  -49.116  12.715  23.198 0.0000000000
132699  -49.621  13.480  21.571 0.0000000000
147245  -39.245  30.235  28.309 0.0000000000
145591  -38.010  28.825  24.045 0.0000000000
149637  -38.170  33.502  24.020 0.0000000000
150412  -38.499  34.309  24.632 0.0000000000
148840  -38.274  32.566  24.558 0.0000000000
148819  -41.588  32.290  26.691 0.0000000000
148818  -40.291  32.130  26.757 0.0000000000
148806  -41.875  32.527  27.814 0.0000000000
148792  -42.142  32.535  28.828 0.0000000000
148807  -42.886  32.540  27.987 0.0000000000
145612  -46.100  28.504  24.153 0.0000000000
146416  -45.327  29.664  24.424 0.0000000000
145611  -44.997  28.876  24.077 0.0000000000
145628  -43.349  28.182  22.877 0.0000000000
146414  -43.296  30.178  24.962 0.0000000000
146400  -42.398  30.388  25.563 0.0000000000
147258  -42.250  30.883  27.144 0.0000000000
147267  -41.813  30.517  26.306 0.0000000000
147266  -41.082  30.398  26.318 0.0000000000
146428  -41.550  29.370  23.872 0.0000000000
143305  -41.899  24.890  21.644 0.0000000000
144843  -41.304  27.346  22.297 0.0000000000
143292  -41.275  25.693  21.772 0.0000000000
143291  -40.371  25.762  21.782 0.0000000000
141662  -41.228  23.505  21.872 0.0000000000
139840  -41.256  21.491  22.384 0.0000000000
140764  -41.738  22.516  22.186 0.0000000000
137106  -43.074  18.634  19.747 0.0000000000
137105  -42.780  18.159  19.939 0.0000000000
136191  -43.188  17.465  19.538 0.0000000000
135319  -43.432  16.817  19.541 0.0000000000
135320  -44.040  16.705  19.212 0.0000000000
136237  -45.578  18.369  16.119 0.0000000000
137132  -44.993  18.553  16.934 0.0000000000
136229  -45.913  17.385  16.235 0.0000000000
134516  -48.531  15.609  17.091 0.0000000000
135356  -46.844  16.185  16.967 0.0000000000
134505  -48.072  15.649  17.947 0.0000000000
134495  -47.129  15.741  18.650 0.0000000000
134496  -48.433  15.533  18.790 0.0000000000
134487  -48.668  15.459  19.799 0.0000000000
134497  -49.663  15.072  18.926 0.0000000000
132739  -48.839  13.593  18.762 0.0000000000
132726  -49.655  13.618  19.757 0.0000000000
132725  -48.830  13.513  19.607 0.0000000000
132711  -48.829  13.441  20.483 0.0000000000
132710  -47.920  13.385  20.340 0.0000000000
131824  -46.578  13.047  21.406 0.0000000000
132709  -46.787  13.325  20.322 0.0000000000
132736  -45.868  13.583  18.363 0.0000000000
132722  -45.781  13.337  19.318 0.0000000000
132721  -45.228  13.357  18.917 0.0000000000
131855  -44.210  12.949  19.027 0.0000000000
132735  -44.713  13.390  18.557 0.0000000000
133620  -46.665  14.555  15.403 0.0000000000
133638  -46.237  14.989  14.558 0.0000000000
133600  -43.484  14.393  16.280 0.0000000000
133601  -44.515  14.280  16.586 0.0000000000
133587  -43.464  14.082  17.107 0.0000000000
132733  -42.552  13.283  18.449 0.0000000000
132732  -42.028  13.376  17.976 0.0000000000
131851  -40.832  12.696  18.028 0.0000000000
132748  -41.519  13.642  17.374 0.0000000000
133614  -40.214  14.232  14.679 0.0000000000
132764  -39.828  13.364  16.023 0.0000000000
132780  -39.350  13.362  15.183 0.0000000000
131069  -38.718  11.543  15.112 0.0000000000
131874  -38.697  12.506  14.994 0.0000000000
139028  -47.341  20.572  13.275 0.0000000000
139044  -47.145  20.027  12.795 0.0000000000
139043  -46.456  19.925  12.789 0.0000000000
135407  -44.560  16.501  12.106 0.0000000000
135408  -45.233  16.570  11.834 0.0000000000
135418  -44.869  16.137  11.047 0.0000000000
134606  -44.415  15.075  9.676 0.0000000000
134577  -43.423  15.666  10.612 0.0000000000
135404  -41.777  16.158  12.328 0.0000000000
134586  -40.233  14.987  10.121 0.0000000000
134587  -41.090  15.219  9.746 0.0000000000
133704  -40.578  14.381  9.822 0.0000000000
133705  -41.496  13.888  10.008 0.0000000000
133687  -41.034  13.774  10.893 0.0000000000
133669  -40.643  14.210  11.798 0.0000000000
133686  -40.362  13.898  11.193 0.0000000000
131899  -38.044  12.731  11.231 0.0000000000
132795  -38.522  13.082  12.491 0.0000000000
131886  -37.786  11.919  12.275 0.0000000000
131081  -37.973  11.252  12.836 0.0000000000
128486  -47.748  8.123  22.661 0.0000000000
128485  -47.103  8.474  22.344 0.0000000000
129387  -46.164  9.135  22.026 0.0000000000
147370  -46.981  30.515  13.858 0.0000000000
147366  -46.886  31.021  14.827 0.0000000000
146523  -46.210  30.054  14.292 0.0000000000
146512  -45.249  29.379  15.414 0.0000000000
145680  -44.716  28.833  16.162 0.0000000000
146511  -44.668  29.127  15.638 0.0000000000
137073  -40.048  18.819  22.756 0.0000000000
137074  -40.803  18.685  22.199 0.0000000000
153021  -40.949  38.565  26.590 0.0000000000
151801  -40.403  37.214  26.446 0.0000000000
150385  -39.031  34.987  26.885 0.0000000000
140796  -49.285  22.357  20.709 0.0000000000
140780  -49.383  22.190  21.557 0.0000000000
139899  -49.594  21.586  19.332 0.0000000000
138957  -49.514  21.047  18.694 0.0000000000
138968  -49.088  20.682  18.026 0.0000000000
138979  -48.420  20.483  17.264 0.0000000000
139002  -48.694  20.154  15.500 0.0000000000
138052  -49.104  19.544  14.169 0.0000000000
135409  -49.499  16.902  12.243 0.0000000000
136263  -49.416  17.949  12.245 0.0000000000
136271  -48.621  17.853  11.603 0.0000000000
136270  -47.748  17.696  11.709 0.0000000000
149694  -40.086  33.491  18.643 0.0000000000
148877  -39.248  32.556  19.067 0.0000000000
148129  -40.037  31.981  18.305 0.0000000000
147344  -40.269  31.324  18.410 0.0000000000
147335  -41.663  30.198  19.252 0.0000000000
146486  -46.290  29.461  18.182 0.0000000000
146477  -45.475  29.681  19.199 0.0000000000
145647  -46.981  28.517  20.046 0.0000000000
145645  -47.348  28.044  20.669 0.0000000000
144068  -47.393  25.945  21.411 0.0000000000
143314  -46.699  25.589  21.047 0.0000000000
142519  -46.546  24.460  21.169 0.0000000000
140793  -46.540  22.810  20.133 0.0000000000
140812  -46.270  22.580  19.163 0.0000000000
141702  -45.553  23.043  19.779 0.0000000000
141701  -44.698  23.320  19.423 0.0000000000
141715  -44.418  23.062  18.567 0.0000000000
143324  -42.045  25.827  18.759 0.0000000000
125777  -45.898  5.787  24.293 0.0000000000
128456  -48.428  8.585  26.543 0.0000000000
127567  -48.922  7.708  26.498 0.0000000000
127568  -49.833  7.755  26.482 0.0000000000
127569  -50.389  7.698  26.133 0.0000000000
127581  -50.473  7.460  25.672 0.0000000000
127589  -50.259  7.594  24.637 0.0000000000
128479  -50.407  8.254  25.157 0.0000000000
130203  -50.372  9.906  25.371 0.0000000000
131007  -50.131  10.630  24.905 0.0000000000
151861  -33.773  36.691  21.194 0.0000000000
154370  -35.355  41.167  22.462 0.0000000000
155053  -35.006  41.240  23.155 0.0000000000
154361  -36.368  41.045  23.215 0.0000000000
154362  -37.016  40.964  23.757 0.0000000000
155038  -37.427  41.335  24.596 0.0000000000
155039  -38.402  41.286  25.248 0.0000000000
153670  -38.741  39.708  24.551 0.0000000000
153039  -39.551  38.920  24.259 0.0000000000
152440  -40.064  37.862  23.097 0.0000000000
149737  -37.542  32.963  15.291 0.0000000000
151234  -38.620  35.297  18.613 0.0000000000
150531  -38.637  33.836  16.983 0.0000000000
150513  -39.387  34.616  17.521 0.0000000000
151247  -40.112  35.042  17.543 0.0000000000
151904  -41.754  36.161  18.684 0.0000000000
151259  -41.147  34.883  16.673 0.0000000000
150549  -41.573  34.453  15.959 0.0000000000
149742  -42.387  34.287  15.503 0.0000000000
148201  -45.558  30.691  11.852 0.0000000000
148185  -44.819  31.172  12.539 0.0000000000
148202  -46.762  30.835  11.998 0.0000000000
147384  -47.775  31.246  11.798 0.0000000000
148188  -48.324  31.752  12.238 0.0000000000
148189  -48.882  31.692  12.544 0.0000000000
148205  -49.372  31.006  11.839 0.0000000000
146560  -49.358  29.513  11.257 0.0000000000
144943  -48.460  27.716  10.897 0.0000000000
144152  -47.854  27.055  10.562 0.0000000000
144153  -48.620  27.021  10.382 0.0000000000
143404  -48.374  25.841  9.547 0.0000000000
142633  -48.384  25.403  9.168 0.0000000000
137936  -42.443  19.819  27.603 0.0000000000
137937  -43.263  19.744  27.950 0.0000000000
137930  -44.768  20.031  28.979 0.0000000000
137033  -45.233  18.254  29.464 0.0000000000
135236  -47.727  16.517  29.919 0.0000000000
135243  -46.990  16.455  28.907 0.0000000000
135253  -46.805  16.168  28.038 0.0000000000
134384  -47.505  15.820  27.432 0.0000000000
134430  -44.921  15.359  23.114 0.0000000000
134421  -46.094  15.369  24.288 0.0000000000
134431  -45.944  15.372  23.290 0.0000000000
134433  -47.972  15.435  23.721 0.0000000000
134446  -50.209  14.667  23.689 0.0000000000
134444  -48.868  15.456  22.955 0.0000000000
134462  -49.671  15.136  22.244 0.0000000000
133564  -50.312  14.564  20.901 0.0000000000
147201  -39.801  30.659  31.056 0.0000000000
147222  -40.135  30.798  29.987 0.0000000000
147246  -40.036  30.412  27.901 0.0000000000
148094  -39.676  31.320  23.772 0.0000000000
148078  -38.734  31.973  25.062 0.0000000000
148080  -40.601  31.550  24.773 0.0000000000
148067  -41.400  31.837  25.714 0.0000000000
148068  -42.601  32.062  25.706 0.0000000000
143296  -45.684  25.480  22.808 0.0000000000
144847  -45.566  26.901  23.154 0.0000000000
144060  -45.139  26.313  22.739 0.0000000000
144059  -44.089  26.429  22.486 0.0000000000
145627  -42.838  28.188  22.771 0.0000000000
144844  -42.390  27.417  22.357 0.0000000000
144058  -42.952  26.460  22.186 0.0000000000
142498  -42.964  24.451  21.951 0.0000000000
140765  -42.740  22.527  22.203 0.0000000000
138910  -42.571  20.602  22.158 0.0000000000
138911  -43.300  20.879  21.934 0.0000000000
138003  -43.332  19.659  20.447 0.0000000000
137116  -43.552  18.663  18.856 0.0000000000
135383  -47.677  16.542  14.845 0.0000000000
135369  -47.150  16.461  15.884 0.0000000000
135370  -48.284  15.982  15.231 0.0000000000
134527  -48.626  15.619  16.028 0.0000000000
134517  -49.553  15.307  16.760 0.0000000000
134507  -49.991  14.817  17.648 0.0000000000
133607  -50.151  14.331  17.135 0.0000000000
132772  -49.723  13.849  17.402 0.0000000000
132755  -48.908  13.687  17.919 0.0000000000
132738  -47.916  13.633  18.590 0.0000000000
132754  -47.996  13.799  17.704 0.0000000000
132753  -46.947  13.891  17.401 0.0000000000
133590  -46.411  14.123  17.140 0.0000000000
134551  -45.417  15.183  13.157 0.0000000000
133637  -45.135  14.890  14.460 0.0000000000
133656  -44.742  14.982  13.568 0.0000000000
133617  -43.324  14.560  15.304 0.0000000000
133616  -42.308  14.500  15.227 0.0000000000
133598  -41.622  14.179  16.244 0.0000000000
133615  -41.177  14.348  15.179 0.0000000000
133632  -40.250  14.300  13.588 0.0000000000
139026  -45.707  20.189  13.148 0.0000000000
138067  -46.132  19.321  12.722 0.0000000000
137155  -45.107  18.442  13.187 0.0000000000
136251  -44.829  17.369  12.887 0.0000000000
135406  -43.619  16.374  12.213 0.0000000000
135402  -39.998  15.894  12.479 0.0000000000
135403  -40.792  16.000  12.178 0.0000000000
134562  -40.056  15.593  11.658 0.0000000000
134573  -39.619  15.076  10.877 0.0000000000
133703  -39.629  14.363  10.422 0.0000000000
132813  -39.720  13.750  11.086 0.0000000000
132820  -39.086  13.703  10.547 0.0000000000
131904  -38.058  12.952  10.841 0.0000000000
131898  -37.492  12.520  11.221 0.0000000000
131098  -37.313  11.174  10.932 0.0000000000
131091  -37.156  11.371  10.917 0.0000000000
131086  -36.757  11.330  11.249 0.0000000000
126739  -48.080  6.478  21.280 0.0000000000
149709  -45.181  33.347  16.711 0.0000000000
148889  -44.731  32.504  17.144 0.0000000000
148890  -45.654  32.655  17.154 0.0000000000
148140  -45.194  31.660  17.605 0.0000000000
147357  -45.634  31.138  17.559 0.0000000000
147362  -46.523  30.806  16.007 0.0000000000
147350  -45.800  30.038  17.949 0.0000000000
144883  -46.572  27.993  18.167 0.0000000000
144861  -45.997  27.287  19.319 0.0000000000
143319  -44.623  26.116  20.039 0.0000000000
144860  -45.016  27.337  19.158 0.0000000000
144859  -43.930  27.306  19.085 0.0000000000
144870  -43.505  27.750  18.610 0.0000000000
145679  -44.141  28.712  16.361 0.0000000000
145660  -43.428  28.487  17.589 0.0000000000
127580  -46.171  7.601  26.167 0.0000000000
128455  -47.453  8.545  26.469 0.0000000000
130202  -46.613  9.945  26.244 0.0000000000
129343  -47.048  9.354  26.389 0.0000000000
129344  -47.925  9.435  26.570 0.0000000000
129345  -48.849  9.490  26.711 0.0000000000
130187  -49.179  10.272  26.958 0.0000000000
130971  -49.814  11.469  27.294 0.0000000000
154393  -35.447  40.930  20.829 0.0000000000
153701  -36.216  39.620  21.142 0.0000000000
153083  -36.256  38.739  20.604 0.0000000000
152476  -36.078  37.832  20.179 0.0000000000
148938  -40.680  32.120  13.734 0.0000000000
147394  -45.174  30.393  10.864 0.0000000000
147408  -45.945  30.223  10.131 0.0000000000
146592  -47.236  29.670  9.701 0.0000000000
145768  -48.306  28.781  9.355 0.0000000000
144982  -48.578  27.459  8.751 0.0000000000
144981  -48.024  27.760  8.571 0.0000000000
144198  -47.599  27.059  8.295 0.0000000000
135288  -42.273  15.937  23.393 0.0000000000
134419  -44.111  15.457  23.903 0.0000000000
134429  -43.911  15.356  22.926 0.0000000000
134440  -44.724  15.488  22.154 0.0000000000
134458  -45.568  15.610  21.330 0.0000000000
149548  -40.492  33.596  31.671 0.0000000000
148727  -41.344  32.687  31.734 0.0000000000
147314  -46.518  29.799  23.541 0.0000000000
148099  -44.758  30.988  24.423 0.0000000000
145613  -46.924  28.482  24.190 0.0000000000
144047  -47.191  26.406  23.653 0.0000000000
143281  -47.276  25.263  23.534 0.0000000000
140771  -48.812  22.437  22.316 0.0000000000
141668  -47.820  23.315  23.100 0.0000000000
142501  -46.484  24.571  23.098 0.0000000000
140769  -47.024  22.556  22.585 0.0000000000
139862  -46.313  21.332  21.602 0.0000000000
138940  -45.705  20.788  20.260 0.0000000000
138952  -45.018  20.404  19.413 0.0000000000
138953  -45.970  20.621  19.413 0.0000000000
138036  -46.059  19.799  16.488 0.0000000000
137139  -46.617  18.760  15.283 0.0000000000
138043  -47.207  19.709  15.542 0.0000000000
137147  -47.077  18.426  14.748 0.0000000000
136247  -47.250  17.554  14.613 0.0000000000
135396  -48.035  16.808  14.182 0.0000000000
134542  -49.711  15.265  14.598 0.0000000000
133640  -48.919  14.599  14.434 0.0000000000
133659  -49.521  14.924  13.823 0.0000000000
133657  -48.077  15.088  13.243 0.0000000000
134553  -47.319  15.313  12.954 0.0000000000
134580  -48.741  15.409  11.336 0.0000000000
134565  -47.453  15.118  11.785 0.0000000000
134564  -46.566  15.157  12.165 0.0000000000
133674  -45.858  14.915  11.650 0.0000000000
133691  -45.198  14.591  11.023 0.0000000000
133690  -44.142  14.424  11.099 0.0000000000
137145  -43.297  18.437  14.577 0.0000000000
136244  -42.475  17.489  14.812 0.0000000000
135381  -42.032  16.530  14.218 0.0000000000
135380  -41.112  16.448  14.444 0.0000000000
135391  -40.451  16.256  13.318 0.0000000000
135390  -39.472  15.900  13.322 0.0000000000
134560  -38.315  14.928  12.127 0.0000000000
133666  -37.678  14.368  11.814 0.0000000000
151165  -40.893  36.342  23.042 0.0000000000
151164  -39.950  35.684  23.378 0.0000000000
150439  -39.341  34.816  22.565 0.0000000000
149644  -38.237  33.632  22.835 0.0000000000
148856  -38.018  32.493  22.212 0.0000000000
148873  -38.424  32.416  20.222 0.0000000000
148119  -38.231  31.534  21.569 0.0000000000
148110  -38.458  31.433  22.881 0.0000000000
148111  -39.425  30.907  22.754 0.0000000000
147293  -41.650  30.886  23.242 0.0000000000
147310  -43.259  30.520  22.742 0.0000000000
147356  -42.724  30.938  17.965 0.0000000000
147336  -42.708  30.221  18.890 0.0000000000
146461  -42.396  29.793  19.937 0.0000000000
146476  -44.595  29.991  19.586 0.0000000000
146462  -43.219  29.834  20.228 0.0000000000
146447  -42.531  29.835  20.890 0.0000000000
147321  -42.823  30.052  21.870 0.0000000000
147322  -43.777  30.120  22.043 0.0000000000
147312  -45.022  30.426  23.102 0.0000000000
146433  -47.334  28.605  23.423 0.0000000000
144848  -47.651  27.359  23.331 0.0000000000
142511  -48.492  24.522  22.482 0.0000000000
143307  -47.973  25.402  21.974 0.0000000000
141678  -48.440  23.751  21.722 0.0000000000
140778  -48.769  22.843  21.358 0.0000000000
140815  -49.235  22.324  19.818 0.0000000000
140875  -49.448  22.021  17.192 0.0000000000
140897  -49.238  21.862  16.254 0.0000000000
139966  -48.783  21.435  14.544 0.0000000000
139949  -48.141  21.731  15.179 0.0000000000
139965  -47.872  21.521  14.373 0.0000000000
139964  -46.901  21.568  14.194 0.0000000000
140872  -46.642  22.355  16.483 0.0000000000
140894  -46.398  22.166  15.571 0.0000000000
139963  -45.944  21.644  13.964 0.0000000000
139962  -44.984  21.506  13.849 0.0000000000
139978  -44.478  20.632  13.579 0.0000000000
139013  -43.522  20.436  13.936 0.0000000000
143311  -44.047  24.878  20.169 0.0000000000
142526  -43.790  24.493  19.743 0.0000000000
141714  -43.599  23.438  18.291 0.0000000000
142534  -42.495  24.823  18.601 0.0000000000
141733  -43.361  23.314  17.329 0.0000000000
140851  -43.934  22.786  16.692 0.0000000000
125751  -46.823  6.211  26.086 0.0000000000
125765  -47.385  6.121  25.407 0.0000000000
126718  -48.559  6.402  26.004 0.0000000000
125766  -48.480  6.247  25.489 0.0000000000
125779  -48.161  6.072  24.556 0.0000000000
125795  -47.764  5.999  22.791 0.0000000000
125803  -47.784  6.168  22.012 0.0000000000
126740  -48.607  6.414  21.991 0.0000000000
127602  -49.067  6.816  22.244 0.0000000000
127597  -48.854  7.289  22.831 0.0000000000
127593  -49.889  7.313  23.970 0.0000000000
128482  -48.818  8.142  23.804 0.0000000000
128487  -48.338  7.803  23.040 0.0000000000
129373  -47.702  9.358  23.702 0.0000000000
130211  -47.341  10.429  23.803 0.0000000000
131010  -47.716  11.621  23.586 0.0000000000
152447  -34.726  37.369  21.961 0.0000000000
153678  -35.050  40.050  23.258 0.0000000000
153059  -35.114  38.722  22.663 0.0000000000
152436  -35.700  37.392  23.198 0.0000000000
152437  -36.180  37.672  23.761 0.0000000000
151825  -37.016  36.592  24.677 0.0000000000
151826  -37.390  36.642  25.246 0.0000000000
152408  -37.954  37.534  26.359 0.0000000000
153020  -38.465  38.804  26.726 0.0000000000
153637  -39.288  39.648  26.863 0.0000000000
155023  -39.238  41.301  25.890 0.0000000000
154324  -39.978  40.810  26.369 0.0000000000
153639  -40.759  39.733  26.609 0.0000000000
153022  -41.509  39.002  26.078 0.0000000000
153042  -42.139  38.352  24.712 0.0000000000
151829  -41.553  37.369  24.102 0.0000000000
151892  -36.538  36.656  19.762 0.0000000000
151865  -37.821  36.885  21.809 0.0000000000
151866  -39.105  36.829  21.629 0.0000000000
152452  -40.691  37.754  22.371 0.0000000000
151222  -39.257  35.793  19.164 0.0000000000
152465  -40.956  37.500  21.384 0.0000000000
152453  -41.505  37.903  21.974 0.0000000000
153065  -42.612  38.278  22.508 0.0000000000
151842  -42.528  37.582  22.787 0.0000000000
151853  -41.488  36.666  22.954 0.0000000000
151178  -41.200  36.171  22.215 0.0000000000
151191  -40.794  35.328  21.084 0.0000000000
151208  -40.780  35.006  20.086 0.0000000000
151905  -41.796  35.906  18.538 0.0000000000
150487  -41.172  34.909  18.874 0.0000000000
150499  -40.745  34.299  18.527 0.0000000000
149695  -40.982  33.612  17.685 0.0000000000
149706  -41.997  33.530  17.033 0.0000000000
149707  -43.190  33.340  16.651 0.0000000000
148921  -41.249  32.589  14.423 0.0000000000
148922  -42.184  32.802  14.471 0.0000000000
149760  -43.833  34.084  14.840 0.0000000000
148942  -44.707  32.498  13.703 0.0000000000
148924  -44.278  33.221  14.305 0.0000000000
150551  -44.676  35.141  16.020 0.0000000000
150536  -45.207  34.653  16.178 0.0000000000
150519  -45.500  34.056  16.448 0.0000000000
149724  -46.781  33.677  16.338 0.0000000000
148895  -47.603  32.802  15.417 0.0000000000
148149  -48.033  32.184  14.606 0.0000000000
148170  -48.787  31.656  13.262 0.0000000000
147372  -48.413  31.483  13.591 0.0000000000
147371  -47.764  31.282  13.952 0.0000000000
147374  -47.094  30.171  13.420 0.0000000000
146547  -46.632  29.396  12.635 0.0000000000
144169  -46.291  26.578  10.118 0.0000000000
143433  -48.869  26.089  8.689 0.0000000000
143432  -48.642  25.494  8.637 0.0000000000
141828  -48.033  24.209  8.458 0.0000000000
132628  -47.763  13.478  27.874 0.0000000000
133472  -48.300  15.342  29.930 0.0000000000
132610  -48.279  14.319  29.247 0.0000000000
132629  -48.524  13.274  28.176 0.0000000000
131761  -48.922  12.496  27.793 0.0000000000
131762  -49.623  12.522  27.515 0.0000000000
131763  -50.058  11.836  27.247 0.0000000000
135259  -44.773  16.272  26.607 0.0000000000
135261  -46.624  15.886  27.150 0.0000000000
134398  -47.396  15.648  26.492 0.0000000000
134413  -47.258  15.504  25.515 0.0000000000
134414  -48.202  15.614  25.784 0.0000000000
134399  -48.241  15.685  26.781 0.0000000000
134416  -49.353  15.072  26.518 0.0000000000
132653  -49.791  13.366  26.724 0.0000000000
131781  -50.220  12.170  26.702 0.0000000000
131796  -50.412  12.012  25.632 0.0000000000
131799  -50.282  11.856  24.599 0.0000000000
132677  -50.265  12.965  23.750 0.0000000000
131798  -49.923  11.936  24.152 0.0000000000
131012  -49.179  11.642  24.012 0.0000000000
131802  -48.677  12.269  23.367 0.0000000000
131801  -48.160  12.388  23.151 0.0000000000
145580  -37.699  28.931  24.687 0.0000000000
144830  -37.749  27.800  23.050 0.0000000000
144054  -38.740  26.481  22.129 0.0000000000
151148  -38.945  35.186  24.236 0.0000000000
150368  -38.838  33.851  27.177 0.0000000000
148830  -38.974  32.342  25.968 0.0000000000
148803  -38.956  32.838  27.036 0.0000000000
149605  -39.197  33.444  27.916 0.0000000000
148767  -40.259  32.838  29.618 0.0000000000
148768  -41.273  32.597  29.771 0.0000000000
148750  -42.843  32.025  30.728 0.0000000000
148084  -44.536  31.294  24.952 0.0000000000
148070  -44.126  31.492  25.417 0.0000000000
148069  -43.795  32.112  26.168 0.0000000000
146430  -43.993  29.447  24.284 0.0000000000
147279  -43.984  30.617  25.361 0.0000000000
148056  -43.779  32.061  27.397 0.0000000000
148043  -43.564  31.947  28.495 0.0000000000
148032  -43.016  31.743  29.344 0.0000000000
147224  -42.074  31.347  29.537 0.0000000000
147247  -41.352  30.778  27.997 0.0000000000
147256  -40.138  30.328  27.158 0.0000000000
145608  -41.151  28.662  23.231 0.0000000000
146427  -40.441  29.212  23.708 0.0000000000
146426  -39.551  28.955  23.549 0.0000000000
144841  -39.320  27.324  22.339 0.0000000000
143290  -39.409  25.515  21.831 0.0000000000
142495  -39.850  24.058  21.843 0.0000000000
141661  -40.238  23.301  22.010 0.0000000000
138908  -40.871  20.509  22.530 0.0000000000
137085  -41.618  18.460  21.343 0.0000000000
137991  -42.305  19.621  21.436 0.0000000000
137086  -41.971  18.984  21.146 0.0000000000
135308  -42.126  17.271  20.682 0.0000000000
134469  -43.429  15.953  20.585 0.0000000000
134471  -45.252  15.898  20.303 0.0000000000
134472  -46.479  15.604  20.466 0.0000000000
138022  -44.565  19.747  18.399 0.0000000000
137117  -44.105  18.769  18.132 0.0000000000
136204  -44.767  17.265  17.889 0.0000000000
135355  -46.009  16.976  16.740 0.0000000000
135341  -46.000  16.481  17.594 0.0000000000
135331  -44.931  16.753  18.306 0.0000000000
135322  -46.021  15.937  18.974 0.0000000000
134485  -46.191  15.777  19.458 0.0000000000
134473  -47.669  15.503  20.635 0.0000000000
134474  -48.789  15.464  20.839 0.0000000000
134488  -49.561  15.135  20.056 0.0000000000
133574  -50.457  14.171  20.394 0.0000000000
133580  -50.275  14.347  19.328 0.0000000000
132727  -50.220  13.824  19.982 0.0000000000
132713  -50.232  13.770  20.916 0.0000000000
132698  -48.858  13.368  21.324 0.0000000000
132683  -48.254  13.245  21.880 0.0000000000
131812  -47.628  12.661  22.598 0.0000000000
131811  -46.527  12.470  22.204 0.0000000000
131810  -46.012  12.453  21.819 0.0000000000
131822  -45.005  12.383  20.772 0.0000000000
132723  -46.914  13.444  19.317 0.0000000000
131834  -45.570  12.973  20.354 0.0000000000
131833  -44.534  12.347  20.251 0.0000000000
131037  -43.636  11.756  20.051 0.0000000000
131047  -42.991  11.603  19.743 0.0000000000
133621  -47.937  14.457  15.329 0.0000000000
133603  -46.942  14.278  16.465 0.0000000000
132768  -45.403  14.143  17.128 0.0000000000
133619  -45.444  14.595  15.494 0.0000000000
132767  -45.046  14.177  16.945 0.0000000000
132751  -44.558  13.803  17.539 0.0000000000
132734  -43.602  13.262  18.603 0.0000000000
131842  -42.467  12.688  19.031 0.0000000000
131045  -41.554  11.973  18.917 0.0000000000
131044  -40.960  11.744  18.605 0.0000000000
130258  -40.218  10.999  17.625 0.0000000000
132765  -40.314  13.345  16.584 0.0000000000
131860  -39.911  12.541  17.016 0.0000000000
139045  -47.951  20.137  12.838 0.0000000000
137164  -47.529  18.626  12.170 0.0000000000
136269  -46.973  17.262  11.697 0.0000000000
137162  -45.817  18.354  12.653 0.0000000000
136268  -46.350  16.975  11.768 0.0000000000
135429  -46.263  15.960  10.556 0.0000000000
134607  -45.293  15.116  9.751 0.0000000000
133719  -44.025  14.602  9.800 0.0000000000
133689  -43.070  14.175  11.017 0.0000000000
136245  -43.372  17.339  14.155 0.0000000000
135414  -41.386  15.755  11.513 0.0000000000
134575  -41.627  15.509  10.646 0.0000000000
134576  -42.540  15.553  10.654 0.0000000000
134604  -42.569  14.928  9.658 0.0000000000
133706  -42.590  14.005  10.166 0.0000000000
133671  -42.472  14.289  11.967 0.0000000000
133670  -41.493  14.267  11.836 0.0000000000
133652  -40.927  14.340  12.783 0.0000000000
133631  -39.580  14.003  13.295 0.0000000000
132803  -39.221  13.543  11.899 0.0000000000
132796  -39.079  13.530  12.947 0.0000000000
132788  -38.583  12.989  13.526 0.0000000000
125753  -48.311  6.388  26.030 0.0000000000
125769  -50.361  6.342  24.988 0.0000000000
125782  -50.333  6.056  24.587 0.0000000000
125789  -49.709  5.673  23.947 0.0000000000
125790  -50.224  5.775  23.972 0.0000000000
125797  -49.628  5.841  23.325 0.0000000000
125798  -50.031  5.709  23.582 0.0000000000
125804  -48.250  6.157  22.391 0.0000000000
126706  -50.109  7.112  26.075 0.0000000000
126707  -50.380  7.247  25.853 0.0000000000
126719  -49.026  6.454  25.915 0.0000000000
126720  -49.795  6.537  25.748 0.0000000000
126721  -50.357  6.810  25.438 0.0000000000
126732  -50.394  6.237  24.014 0.0000000000
126734  -48.968  6.397  22.497 0.0000000000
126741  -48.996  6.581  22.265 0.0000000000
126748  -48.904  6.751  21.788 0.0000000000
127564  -46.257  7.305  26.244 0.0000000000
127565  -46.766  7.680  26.407 0.0000000000
127590  -50.511  7.393  25.094 0.0000000000
127592  -49.324  7.461  23.553 0.0000000000
127594  -50.332  6.910  24.300 0.0000000000
127612  -48.915  6.937  21.541 0.0000000000
128447  -50.196  9.293  26.780 0.0000000000
128457  -49.444  8.696  26.686 0.0000000000
128458  -50.257  8.660  26.505 0.0000000000
128470  -50.552  8.219  25.778 0.0000000000
128481  -48.171  8.456  23.446 0.0000000000
128483  -49.469  7.872  24.123 0.0000000000
128493  -45.971  8.615  21.440 0.0000000000
129360  -46.283  9.242  26.153 0.0000000000
129361  -50.464  9.089  25.628 0.0000000000
129369  -49.700  9.136  24.827 0.0000000000
129370  -50.178  9.055  25.156 0.0000000000
129372  -47.063  9.768  23.354 0.0000000000
130171  -49.506  10.890  27.226 0.0000000000
130172  -50.019  10.666  27.155 0.0000000000
130173  -50.344  10.391  26.715 0.0000000000
130188  -49.733  10.255  27.096 0.0000000000
130205  -47.994  10.641  24.334 0.0000000000
130235  -43.486  10.742  20.431 0.0000000000
130236  -44.015  10.932  20.944 0.0000000000
130243  -40.987  11.301  18.847 0.0000000000
130252  -40.665  11.344  18.391 0.0000000000
130273  -38.947  11.074  15.163 0.0000000000
130308  -37.434  10.861  10.977 0.0000000000
131005  -48.767  11.193  24.220 0.0000000000
131006  -49.572  11.270  24.364 0.0000000000
131011  -48.725  11.715  23.778 0.0000000000
131020  -47.179  11.857  23.096 0.0000000000
131052  -40.642  12.065  18.168 0.0000000000
131053  -41.128  12.141  18.547 0.0000000000
131058  -40.196  11.923  17.654 0.0000000000
131064  -39.332  11.699  16.274 0.0000000000
131092  -37.456  11.378  11.216 0.0000000000
131097  -37.248  11.008  10.829 0.0000000000
131754  -49.123  13.106  28.278 0.0000000000
131755  -49.405  13.199  28.058 0.0000000000
131760  -48.211  12.737  27.474 0.0000000000
131780  -50.002  12.725  26.939 0.0000000000
131803  -49.542  12.343  23.690 0.0000000000
131804  -50.066  12.285  24.050 0.0000000000
131823  -45.500  12.403  21.307 0.0000000000
131832  -44.077  12.363  19.745 0.0000000000
131841  -41.878  12.567  18.772 0.0000000000
131844  -44.624  12.923  19.384 0.0000000000
131852  -41.475  12.801  18.353 0.0000000000
131854  -44.014  12.987  18.858 0.0000000000
131862  -40.984  13.065  17.899 0.0000000000
131868  -39.663  12.665  16.383 0.0000000000
131869  -40.058  12.834  16.881 0.0000000000
131875  -39.044  12.235  15.676 0.0000000000
131893  -38.082  12.544  11.982 0.0000000000
132611  -48.632  14.480  29.101 0.0000000000
132618  -48.029  13.798  28.706 0.0000000000
132654  -50.100  12.839  26.591 0.0000000000
132671  -49.849  13.596  26.065 0.0000000000
132684  -48.764  13.238  22.180 0.0000000000
132685  -49.547  13.173  22.687 0.0000000000
132696  -47.270  13.338  20.870 0.0000000000
132697  -47.813  13.259  21.366 0.0000000000
132708  -46.244  13.324  19.836 0.0000000000
132719  -42.909  13.158  18.900 0.0000000000
132720  -43.103  13.010  19.090 0.0000000000
132740  -49.625  13.665  18.935 0.0000000000
132741  -50.155  13.857  19.066 0.0000000000
132747  -40.755  13.439  17.093 0.0000000000
132749  -42.616  13.711  17.617 0.0000000000
132750  -43.476  13.658  17.759 0.0000000000
132756  -49.641  13.712  18.175 0.0000000000
132766  -40.997  13.718  16.706 0.0000000000
132773  -50.129  13.903  17.826 0.0000000000
132779  -38.737  12.973  14.410 0.0000000000
132782  -40.885  13.851  16.087 0.0000000000
132789  -39.089  13.542  13.957 0.0000000000
132804  -39.633  13.753  11.675 0.0000000000
132810  -37.148  12.938  11.224 0.0000000000
132811  -38.468  13.251  10.908 0.0000000000
132812  -39.058  13.442  11.124 0.0000000000
132814  -40.397  13.862  10.730 0.0000000000
132822  -40.713  13.924  10.296 0.0000000000
133471  -48.112  15.207  30.115 0.0000000000
133481  -48.506  14.953  29.567 0.0000000000
133493  -48.816  14.728  28.697 0.0000000000
133494  -49.032  14.214  28.490 0.0000000000
133509  -48.920  14.901  28.207 0.0000000000
133510  -49.136  14.461  28.005 0.0000000000
133525  -49.429  14.326  27.058 0.0000000000
133539  -49.908  13.719  25.753 0.0000000000
133541  -49.845  14.515  25.382 0.0000000000
133542  -50.040  13.968  25.182 0.0000000000
133548  -50.400  13.956  23.155 0.0000000000
133565  -50.507  14.120  21.286 0.0000000000
133573  -50.094  14.661  20.202 0.0000000000
133586  -42.617  14.199  16.945 0.0000000000
133589  -46.034  14.240  16.989 0.0000000000
133591  -50.279  14.181  18.236 0.0000000000
133599  -42.569  14.430  16.158 0.0000000000
133622  -49.031  14.424  15.453 0.0000000000
133623  -49.743  14.482  15.768 0.0000000000
133636  -44.087  14.791  14.402 0.0000000000
133642  -50.076  14.765  15.447 0.0000000000
133651  -40.133  14.248  12.606 0.0000000000
133658  -48.795  14.792  13.276 0.0000000000
133667  -39.611  13.786  11.958 0.0000000000
133668  -39.934  14.016  11.792 0.0000000000
133685  -38.956  14.544  10.690 0.0000000000
133693  -46.945  14.906  10.936 0.0000000000
133694  -49.036  15.078  11.990 0.0000000000
133695  -49.315  15.475  11.954 0.0000000000
133701  -37.961  13.786  10.695 0.0000000000
133707  -43.598  14.237  10.265 0.0000000000
133708  -44.589  14.464  10.287 0.0000000000
133710  -46.329  14.860  10.275 0.0000000000
133716  -41.390  14.536  9.552 0.0000000000
133717  -42.142  14.416  9.704 0.0000000000
133718  -43.053  14.518  9.865 0.0000000000
133720  -44.947  14.761  9.856 0.0000000000
133721  -45.747  14.843  9.853 0.0000000000
133722  -46.150  14.882  9.858 0.0000000000
134336  -47.748  15.703  30.387 0.0000000000
134337  -48.123  15.653  30.144 0.0000000000
134354  -48.287  15.584  29.736 0.0000000000
134387  -48.962  14.963  27.950 0.0000000000
134400  -48.882  15.558  27.130 0.0000000000
134412  -46.262  15.435  25.286 0.0000000000
134418  -43.156  15.606  23.678 0.0000000000
134425  -49.672  15.048  25.382 0.0000000000
134432  -46.971  15.375  23.485 0.0000000000
134436  -50.078  14.647  24.631 0.0000000000
134438  -42.922  15.760  21.779 0.0000000000
134445  -49.686  15.192  23.297 0.0000000000
134455  -42.910  15.854  21.356 0.0000000000
134456  -43.365  15.771  21.148 0.0000000000
134470  -44.033  15.885  20.496 0.0000000000
134476  -50.258  14.639  21.700 0.0000000000
134494  -46.394  15.864  18.868 0.0000000000
134498  -50.115  14.568  18.508 0.0000000000
134504  -47.301  15.803  17.976 0.0000000000
134515  -47.560  15.809  17.383 0.0000000000
134529  -50.174  14.963  15.515 0.0000000000
134538  -45.250  15.132  13.781 0.0000000000
134539  -45.809  15.266  13.832 0.0000000000
134552  -46.253  15.364  13.043 0.0000000000
134554  -48.240  15.140  12.564 0.0000000000
134563  -45.770  15.152  12.426 0.0000000000
134566  -48.408  15.135  11.844 0.0000000000
134578  -44.187  15.792  10.536 0.0000000000
134581  -49.352  16.148  11.547 0.0000000000
134589  -42.976  15.315  9.982 0.0000000000
134590  -43.877  15.463  9.929 0.0000000000
134591  -44.840  15.629  10.068 0.0000000000
134592  -45.742  15.483  10.064 0.0000000000
134593  -46.509  15.290  10.248 0.0000000000
134594  -47.818  15.562  10.677 0.0000000000
134595  -48.781  16.041  10.956 0.0000000000
134596  -49.058  16.477  11.283 0.0000000000
134603  -41.818  14.946  9.524 0.0000000000
134608  -45.983  15.094  9.799 0.0000000000
135219  -47.930  15.985  30.384 0.0000000000
135234  -46.371  16.955  29.473 0.0000000000
135237  -48.046  16.078  30.092 0.0000000000
135241  -45.227  16.861  28.347 0.0000000000
135244  -47.723  16.352  29.157 0.0000000000
135254  -47.621  16.079  28.324 0.0000000000
135260  -45.699  16.076  26.867 0.0000000000
135291  -41.452  16.826  22.008 0.0000000000
135301  -41.873  16.993  21.026 0.0000000000
135303  -43.113  16.008  20.718 0.0000000000
135309  -42.432  16.866  20.506 0.0000000000
135310  -43.267  16.403  20.073 0.0000000000
135311  -44.514  16.189  19.839 0.0000000000
135312  -45.161  16.099  19.772 0.0000000000
135321  -45.324  16.195  19.209 0.0000000000
135330  -44.203  17.095  18.693 0.0000000000
135332  -46.192  16.113  18.436 0.0000000000
135333  -46.864  15.903  18.195 0.0000000000
135340  -45.322  17.069  17.506 0.0000000000
135368  -46.316  17.103  16.095 0.0000000000
135384  -48.756  16.081  14.419 0.0000000000
135385  -49.319  15.990  13.750 0.0000000000
135395  -44.140  16.716  12.889 0.0000000000
135415  -42.169  15.808  11.499 0.0000000000
135419  -45.812  16.442  11.294 0.0000000000
135420  -46.694  16.601  11.129 0.0000000000
135421  -47.517  16.802  11.246 0.0000000000
135422  -48.324  17.037  11.377 0.0000000000
135423  -49.141  17.110  11.536 0.0000000000
135432  -48.767  16.585  11.214 0.0000000000
136128  -43.711  17.663  27.625 0.0000000000
136163  -41.082  17.783  22.006 0.0000000000
136180  -41.868  17.653  20.881 0.0000000000
136181  -42.419  17.624  20.373 0.0000000000
136190  -42.663  17.963  20.083 0.0000000000
136192  -43.829  17.224  18.921 0.0000000000
136202  -43.345  18.095  19.044 0.0000000000
136215  -44.561  18.196  17.457 0.0000000000
136216  -44.842  17.573  17.454 0.0000000000
136227  -44.846  18.392  17.087 0.0000000000
136228  -45.257  17.918  16.653 0.0000000000
136239  -47.014  16.994  15.189 0.0000000000
136246  -46.701  18.100  14.973 0.0000000000
136259  -45.116  16.830  12.343 0.0000000000
136260  -45.674  17.188  12.293 0.0000000000
136261  -46.435  17.695  12.169 0.0000000000
136262  -47.060  17.972  12.021 0.0000000000
136272  -49.171  18.204  11.832 0.0000000000
137026  -45.587  18.652  30.239 0.0000000000
137031  -44.064  19.299  28.384 0.0000000000
137032  -44.655  18.829  28.945 0.0000000000
137038  -42.765  18.945  27.467 0.0000000000
137095  -42.002  18.091  20.724 0.0000000000
137096  -42.380  18.616  20.542 0.0000000000
137097  -42.802  19.120  20.302 0.0000000000
137126  -44.691  18.966  17.383 0.0000000000
137127  -45.051  19.381  17.251 0.0000000000
137133  -45.250  18.992  16.663 0.0000000000
137138  -45.864  18.889  15.826 0.0000000000
137140  -47.277  19.074  14.883 0.0000000000
137146  -43.890  18.727  14.169 0.0000000000
137156  -48.492  18.283  13.679 0.0000000000
137157  -49.077  18.612  13.431 0.0000000000
137158  -49.402  18.718  12.928 0.0000000000
137171  -48.226  18.347  11.870 0.0000000000
137172  -48.833  18.508  11.904 0.0000000000
137173  -49.091  18.547  12.020 0.0000000000
137974  -40.486  19.591  22.571 0.0000000000
137975  -41.446  19.580  22.004 0.0000000000
137976  -42.035  20.075  22.078 0.0000000000
137990  -41.787  19.176  21.440 0.0000000000
138002  -42.699  19.418  20.728 0.0000000000
138004  -43.904  20.003  20.066 0.0000000000
138012  -43.570  19.403  19.517 0.0000000000
138013  -44.193  19.949  19.390 0.0000000000
138030  -44.930  19.646  17.664 0.0000000000
138031  -45.436  19.962  17.329 0.0000000000
138042  -46.465  19.432  15.823 0.0000000000
138044  -47.985  19.669  14.909 0.0000000000
138045  -48.745  19.802  14.807 0.0000000000
138050  -44.102  19.205  13.935 0.0000000000
138053  -49.449  19.844  13.881 0.0000000000
138058  -44.574  19.396  13.573 0.0000000000
138059  -45.387  19.323  13.174 0.0000000000
138061  -49.357  19.694  13.250 0.0000000000
138068  -46.925  19.356  12.498 0.0000000000
138069  -47.744  19.481  12.470 0.0000000000
138070  -48.531  19.645  12.554 0.0000000000
138071  -49.068  19.953  12.796 0.0000000000
138907  -40.006  20.434  22.815 0.0000000000
138923  -42.976  20.311  21.606 0.0000000000
138925  -44.701  20.652  21.210 0.0000000000
138926  -45.532  20.845  21.057 0.0000000000
138927  -46.330  21.023  20.949 0.0000000000
138938  -44.063  20.262  20.709 0.0000000000
138944  -49.369  21.146  19.456 0.0000000000
138955  -48.069  20.622  19.171 0.0000000000
138956  -48.961  20.742  18.958 0.0000000000
138964  -45.295  20.343  18.727 0.0000000000
138965  -46.026  20.487  18.355 0.0000000000
138966  -47.199  20.512  18.323 0.0000000000
138981  -49.607  20.899  16.854 0.0000000000
138988  -46.810  20.369  16.705 0.0000000000
138989  -47.605  20.369  16.397 0.0000000000
138990  -48.600  20.392  16.358 0.0000000000
138991  -49.213  20.533  16.151 0.0000000000
139001  -48.018  20.191  15.681 0.0000000000
139004  -49.470  20.729  14.965 0.0000000000
139014  -49.389  20.191  14.424 0.0000000000
139024  -44.191  20.299  13.626 0.0000000000
139029  -48.196  20.588  13.361 0.0000000000
139030  -49.021  20.460  13.366 0.0000000000
139046  -48.677  20.223  12.926 0.0000000000
139841  -42.214  21.531  22.404 0.0000000000
139842  -43.110  21.568  22.237 0.0000000000
139845  -46.177  21.805  22.224 0.0000000000
139846  -47.187  21.780  22.227 0.0000000000
139848  -48.921  21.835  21.879 0.0000000000
139849  -49.312  21.904  21.619 0.0000000000
139860  -44.622  21.098  21.759 0.0000000000
139865  -49.046  21.572  21.274 0.0000000000
139866  -49.445  21.785  21.080 0.0000000000
139883  -47.783  21.207  20.767 0.0000000000
139884  -48.555  21.264  20.692 0.0000000000
139886  -49.448  21.593  20.217 0.0000000000
139913  -49.678  21.522  18.443 0.0000000000
139925  -49.699  21.467  17.506 0.0000000000
139948  -47.144  21.788  14.978 0.0000000000
139950  -49.018  21.639  15.365 0.0000000000
139951  -49.477  21.291  15.615 0.0000000000
139961  -43.998  21.181  13.739 0.0000000000
139979  -44.957  20.805  13.550 0.0000000000
139980  -45.779  21.046  13.454 0.0000000000
139981  -46.676  21.136  13.587 0.0000000000
139983  -48.508  21.112  13.847 0.0000000000
139984  -49.194  21.043  14.032 0.0000000000
140763  -40.731  22.441  22.178 0.0000000000
140768  -45.945  22.567  22.447 0.0000000000
140770  -48.047  22.522  22.613 0.0000000000
140772  -49.240  22.286  22.016 0.0000000000
140779  -49.218  22.503  21.486 0.0000000000
140797  -49.567  22.083  20.879 0.0000000000
140811  -45.284  22.732  18.874 0.0000000000
140813  -47.329  22.498  19.417 0.0000000000
140816  -49.616  22.030  20.025 0.0000000000
140833  -46.048  22.529  18.174 0.0000000000
140835  -48.164  22.445  18.648 0.0000000000
140836  -49.127  22.385  18.871 0.0000000000
140852  -44.854  22.591  16.949 0.0000000000
140856  -48.931  22.373  17.896 0.0000000000
140857  -49.550  22.038  18.165 0.0000000000
140896  -48.437  22.042  16.022 0.0000000000
140913  -46.166  22.001  14.696 0.0000000000
141652  -47.448  24.098  23.373 0.0000000000
141653  -48.247  24.082  23.419 0.0000000000
141660  -39.313  23.382  22.103 0.0000000000
141663  -42.249  23.643  21.895 0.0000000000
141664  -43.360  23.499  22.135 0.0000000000
141665  -44.450  23.476  22.346 0.0000000000
141667  -46.757  23.435  22.850 0.0000000000
141669  -48.798  23.462  22.789 0.0000000000
141670  -49.092  22.731  22.312 0.0000000000
141675  -41.475  24.041  21.733 0.0000000000
141680  -49.201  22.720  22.084 0.0000000000
141691  -47.997  23.135  21.131 0.0000000000
141700  -43.928  23.655  19.175 0.0000000000
141713  -42.824  23.894  17.987 0.0000000000
141829  -48.352  24.428  8.351 0.0000000000
141843  -48.352  24.011  8.170 0.0000000000
141855  -48.298  23.825  7.725 0.0000000000
142485  -47.296  24.656  23.450 0.0000000000
142487  -48.326  24.758  23.488 0.0000000000
142497  -42.345  24.443  21.776 0.0000000000
142500  -45.147  24.487  22.539 0.0000000000
142502  -48.678  24.629  23.190 0.0000000000
142505  -39.725  24.745  21.721 0.0000000000
142506  -40.363  24.559  21.694 0.0000000000
142507  -41.117  24.361  21.698 0.0000000000
142508  -41.837  24.432  21.694 0.0000000000
142509  -47.350  24.519  21.478 0.0000000000
142510  -47.940  24.566  21.777 0.0000000000
142516  -44.051  24.607  20.067 0.0000000000
142517  -44.400  24.454  20.203 0.0000000000
142518  -45.346  24.465  20.577 0.0000000000
142525  -43.130  24.895  19.364 0.0000000000
142632  -47.972  25.295  9.265 0.0000000000
142643  -45.044  24.857  8.868 0.0000000000
142645  -46.798  24.678  8.940 0.0000000000
142647  -48.328  24.956  8.742 0.0000000000
142671  -48.371  24.423  7.603 0.0000000000
143282  -47.942  25.482  23.717 0.0000000000
143283  -48.340  25.368  23.426 0.0000000000
143293  -42.260  25.262  21.772 0.0000000000
143294  -43.466  25.414  22.202 0.0000000000
143297  -46.552  25.720  23.325 0.0000000000
143298  -48.545  25.346  23.070 0.0000000000
143302  -40.127  25.146  21.663 0.0000000000
143303  -40.801  25.091  21.650 0.0000000000
143304  -41.540  24.963  21.638 0.0000000000
143308  -48.307  25.671  22.606 0.0000000000
143401  -45.723  26.009  9.636 0.0000000000
143403  -47.629  25.866  9.672 0.0000000000
143405  -48.844  26.074  9.450 0.0000000000
143419  -48.697  25.584  9.122 0.0000000000
143448  -48.729  26.107  8.485 0.0000000000
144045  -37.035  26.971  22.823 0.0000000000
144046  -46.315  26.905  23.498 0.0000000000
144048  -47.992  26.295  23.514 0.0000000000
144055  -39.821  26.491  22.070 0.0000000000
144056  -40.815  26.511  22.060 0.0000000000
144062  -46.546  26.331  23.444 0.0000000000
144063  -48.000  26.612  22.931 0.0000000000
144064  -48.366  26.007  23.095 0.0000000000
144075  -46.965  26.351  20.800 0.0000000000
144076  -47.374  26.714  21.062 0.0000000000
144081  -45.232  26.730  19.719 0.0000000000
144083  -46.821  26.756  20.216 0.0000000000
144084  -47.163  26.788  20.532 0.0000000000
144171  -48.065  26.420  10.106 0.0000000000
144172  -48.737  26.455  9.894 0.0000000000
144173  -49.077  26.595  9.581 0.0000000000
144186  -49.085  26.714  9.112 0.0000000000
144200  -48.765  26.721  8.666 0.0000000000
144220  -48.470  26.336  8.293 0.0000000000
144221  -48.606  26.132  8.334 0.0000000000
144831  -43.875  28.132  23.046 0.0000000000
144833  -45.576  27.747  23.567 0.0000000000
144834  -46.683  27.609  23.937 0.0000000000
144839  -37.476  27.288  22.735 0.0000000000
144840  -38.279  27.458  22.538 0.0000000000
144845  -43.597  27.664  22.721 0.0000000000
144846  -44.746  27.208  22.923 0.0000000000
144851  -47.650  27.394  22.464 0.0000000000
144854  -47.506  27.379  21.377 0.0000000000
144858  -43.181  27.295  18.988 0.0000000000
144862  -46.789  27.172  19.579 0.0000000000
144871  -44.748  27.849  18.304 0.0000000000
144872  -45.912  27.650  18.533 0.0000000000
144942  -47.574  27.681  11.076 0.0000000000
144983  -48.849  27.337  8.903 0.0000000000
145590  -37.250  28.597  24.222 0.0000000000
145592  -45.392  29.243  24.341 0.0000000000
145593  -45.749  29.141  24.359 0.0000000000
145594  -46.357  29.000  24.373 0.0000000000
145603  -36.912  28.084  23.810 0.0000000000
145604  -37.525  28.278  23.543 0.0000000000
145606  -39.328  28.473  23.059 0.0000000000
145607  -40.162  28.546  23.143 0.0000000000
145610  -43.584  28.581  23.315 0.0000000000
145623  -39.014  27.996  22.656 0.0000000000
145624  -39.804  27.991  22.627 0.0000000000
145625  -40.741  28.038  22.649 0.0000000000
145626  -41.779  28.158  22.631 0.0000000000
145629  -47.486  28.161  23.022 0.0000000000
145637  -47.053  28.730  21.631 0.0000000000
145638  -47.278  28.378  21.935 0.0000000000
145648  -47.278  27.953  19.624 0.0000000000
145653  -43.836  28.205  18.109 0.0000000000
145655  -47.150  27.884  19.099 0.0000000000
145670  -43.775  28.579  16.849 0.0000000000
145681  -45.218  29.085  15.976 0.0000000000
145715  -46.906  28.872  12.066 0.0000000000
145740  -49.042  28.603  11.256 0.0000000000
145754  -49.199  28.545  10.508 0.0000000000
145767  -47.967  28.923  9.246 0.0000000000
145787  -46.635  28.862  8.582 0.0000000000
145788  -47.700  28.775  8.912 0.0000000000
145789  -48.469  28.192  8.998 0.0000000000
145790  -48.809  27.761  9.095 0.0000000000
146378  -38.971  30.035  27.553 0.0000000000
146379  -39.742  30.257  27.276 0.0000000000
146385  -37.679  29.068  25.961 0.0000000000
146387  -39.970  30.133  26.570 0.0000000000
146388  -40.707  30.320  26.369 0.0000000000
146396  -37.722  29.051  25.170 0.0000000000
146397  -38.483  29.284  24.945 0.0000000000
146399  -41.020  30.171  25.718 0.0000000000
146401  -43.120  30.503  25.557 0.0000000000
146411  -39.609  29.391  24.313 0.0000000000
146413  -41.962  29.849  24.810 0.0000000000
146418  -46.598  29.255  24.289 0.0000000000
146429  -42.788  29.450  24.028 0.0000000000
146431  -44.721  29.544  24.390 0.0000000000
146432  -47.102  29.117  23.789 0.0000000000
146439  -46.922  29.320  22.879 0.0000000000
146448  -43.446  29.910  21.120 0.0000000000
146451  -46.055  29.551  21.561 0.0000000000
146453  -47.094  28.943  22.405 0.0000000000
146463  -44.037  29.966  20.363 0.0000000000
146465  -45.720  29.380  20.466 0.0000000000
146473  -42.447  29.991  19.379 0.0000000000
146474  -43.033  29.935  19.466 0.0000000000
146521  -44.340  29.326  14.855 0.0000000000
146534  -47.238  29.911  13.007 0.0000000000
146549  -48.333  29.548  12.286 0.0000000000
146550  -49.005  29.705  11.937 0.0000000000
146574  -47.310  29.693  10.048 0.0000000000
146575  -47.643  29.639  10.122 0.0000000000
146593  -47.828  29.218  9.509 0.0000000000
146594  -48.681  29.109  9.892 0.0000000000
146595  -49.012  29.041  10.018 0.0000000000
147181  -40.410  31.031  31.752 0.0000000000
147223  -41.297  31.134  29.839 0.0000000000
147232  -39.458  30.375  29.112 0.0000000000
147234  -41.755  31.071  28.909 0.0000000000
147235  -42.620  31.521  29.017 0.0000000000
147236  -43.091  31.721  28.955 0.0000000000
147249  -43.254  31.708  28.412 0.0000000000
147257  -40.896  30.503  26.953 0.0000000000
147259  -43.431  31.594  27.228 0.0000000000
147260  -43.840  31.869  26.672 0.0000000000
147269  -43.982  31.410  25.777 0.0000000000
147270  -44.460  31.232  25.254 0.0000000000
147278  -43.454  30.560  25.526 0.0000000000
147280  -44.866  30.623  24.740 0.0000000000
147281  -45.885  29.897  24.400 0.0000000000
147282  -46.301  29.580  24.335 0.0000000000
147292  -40.446  30.791  23.060 0.0000000000
147296  -44.583  30.874  23.751 0.0000000000
147297  -45.200  30.562  23.983 0.0000000000
147298  -45.876  30.181  24.123 0.0000000000
147299  -46.449  29.676  24.159 0.0000000000
147308  -41.122  30.484  22.298 0.0000000000
147311  -44.195  30.572  22.891 0.0000000000
147313  -45.813  30.196  23.320 0.0000000000
147319  -40.726  30.202  21.264 0.0000000000
147324  -45.551  30.045  22.349 0.0000000000
147327  -38.726  31.164  20.290 0.0000000000
147329  -40.472  30.206  20.111 0.0000000000
147333  -39.591  31.201  18.856 0.0000000000
147334  -40.340  30.605  18.996 0.0000000000
147337  -43.559  30.306  18.922 0.0000000000
147339  -44.930  30.084  18.992 0.0000000000
147343  -39.843  31.595  18.555 0.0000000000
147346  -42.303  30.671  18.358 0.0000000000
147347  -43.231  30.757  18.234 0.0000000000
147354  -41.758  31.382  17.723 0.0000000000
147355  -42.219  31.141  17.834 0.0000000000
147375  -47.633  30.499  13.355 0.0000000000
147376  -48.560  30.865  13.138 0.0000000000
147377  -49.070  30.579  12.487 0.0000000000
147385  -48.326  31.395  11.747 0.0000000000
147386  -49.292  30.301  12.027 0.0000000000
147397  -48.426  30.935  11.376 0.0000000000
147399  -49.369  30.283  11.289 0.0000000000
147409  -47.051  29.930  10.328 0.0000000000
147410  -48.020  30.185  10.688 0.0000000000
147411  -48.927  30.487  10.842 0.0000000000
147920  -40.821  31.731  33.058 0.0000000000
147969  -41.246  31.497  31.525 0.0000000000
147971  -42.685  31.867  30.903 0.0000000000
147990  -42.421  31.676  30.581 0.0000000000
147991  -42.841  31.852  30.426 0.0000000000
148012  -42.035  31.446  30.095 0.0000000000
148013  -42.642  31.645  29.850 0.0000000000
148014  -43.095  31.926  29.792 0.0000000000
148015  -43.316  32.031  29.264 0.0000000000
148033  -43.316  31.905  29.018 0.0000000000
148034  -43.515  31.974  28.813 0.0000000000
148044  -43.654  32.045  28.249 0.0000000000
148052  -39.488  32.039  26.057 0.0000000000
148053  -39.846  31.887  26.131 0.0000000000
148054  -40.660  31.894  26.183 0.0000000000
148055  -43.675  31.911  27.975 0.0000000000
148064  -38.832  32.127  25.429 0.0000000000
148065  -39.246  31.982  25.675 0.0000000000
148079  -39.467  31.640  24.838 0.0000000000
148083  -44.002  31.636  25.074 0.0000000000
148093  -38.638  31.771  24.131 0.0000000000
148096  -42.326  31.390  24.103 0.0000000000
148098  -44.262  31.296  24.364 0.0000000000
148121  -38.342  31.645  20.518 0.0000000000
148122  -38.691  31.382  19.945 0.0000000000
148125  -38.512  31.903  19.874 0.0000000000
148128  -39.522  31.910  18.714 0.0000000000
148130  -40.658  31.838  17.863 0.0000000000
148131  -43.398  31.054  17.922 0.0000000000
148132  -43.797  31.107  17.956 0.0000000000
148138  -43.128  31.421  17.625 0.0000000000
148139  -44.205  31.678  17.538 0.0000000000
148141  -46.025  31.793  17.229 0.0000000000
148148  -47.493  31.996  15.027 0.0000000000
148154  -47.881  31.790  14.479 0.0000000000
148155  -48.356  31.909  14.107 0.0000000000
148169  -45.114  31.898  13.172 0.0000000000
148171  -49.017  31.086  12.835 0.0000000000
148187  -47.302  31.731  12.481 0.0000000000
148200  -44.384  30.696  11.586 0.0000000000
148203  -48.597  31.397  11.731 0.0000000000
148204  -48.994  31.282  11.619 0.0000000000
148211  -48.968  30.773  11.151 0.0000000000
148212  -49.194  30.704  11.300 0.0000000000
148728  -42.027  32.166  31.697 0.0000000000
148729  -42.578  31.955  31.197 0.0000000000
148748  -41.390  32.660  30.805 0.0000000000
148749  -42.327  32.372  30.798 0.0000000000
148769  -42.320  32.471  29.813 0.0000000000
148771  -43.353  32.097  29.026 0.0000000000
148791  -40.998  32.479  28.719 0.0000000000
148793  -43.010  32.441  28.866 0.0000000000
148794  -43.377  32.160  28.766 0.0000000000
148804  -39.664  32.510  27.402 0.0000000000
148805  -40.705  32.368  27.647 0.0000000000
148808  -43.489  32.265  28.084 0.0000000000
148816  -38.760  32.732  26.276 0.0000000000
148817  -39.382  32.275  26.409 0.0000000000
148821  -43.467  32.350  27.249 0.0000000000
148829  -38.613  32.517  25.512 0.0000000000
148831  -42.132  32.206  26.102 0.0000000000
148832  -42.782  32.356  26.402 0.0000000000
148833  -43.293  32.381  26.734 0.0000000000
148867  -38.159  32.456  21.054 0.0000000000
148876  -38.761  32.498  19.607 0.0000000000
148880  -39.769  32.614  18.567 0.0000000000
148881  -40.353  32.687  17.998 0.0000000000
148887  -42.639  32.460  17.104 0.0000000000
148888  -43.702  32.400  17.041 0.0000000000
148894  -47.136  32.850  16.177 0.0000000000
148903  -37.692  32.764  15.047 0.0000000000
148904  -37.920  32.660  15.079 0.0000000000
148905  -39.535  32.649  15.138 0.0000000000
148906  -39.892  32.685  15.158 0.0000000000
148907  -47.929  32.606  14.870 0.0000000000
148918  -38.303  32.547  14.708 0.0000000000
148919  -39.244  32.464  14.737 0.0000000000
148923  -43.224  33.099  14.398 0.0000000000
148925  -45.195  33.188  14.199 0.0000000000
148926  -48.588  32.233  14.175 0.0000000000
148935  -37.799  32.694  14.190 0.0000000000
148939  -41.632  32.104  13.786 0.0000000000
148944  -46.654  32.810  13.523 0.0000000000
148945  -47.289  32.842  13.444 0.0000000000
148946  -48.534  32.387  13.412 0.0000000000
148952  -46.371  32.378  13.245 0.0000000000
148954  -47.778  32.511  12.971 0.0000000000
148955  -48.350  32.505  13.016 0.0000000000
149604  -38.882  33.359  27.204 0.0000000000
149615  -38.696  33.409  26.686 0.0000000000
149631  -38.326  33.405  25.029 0.0000000000
149660  -39.135  34.046  21.147 0.0000000000
149672  -38.620  33.111  20.466 0.0000000000
149682  -38.707  32.886  19.941 0.0000000000
149683  -39.291  33.445  19.575 0.0000000000
149693  -39.536  33.057  18.904 0.0000000000
149696  -41.602  34.167  17.481 0.0000000000
149705  -41.432  33.058  17.363 0.0000000000
149710  -46.020  33.585  16.756 0.0000000000
149722  -40.036  33.611  16.185 0.0000000000
149725  -47.380  33.601  15.639 0.0000000000
149738  -38.487  32.766  15.447 0.0000000000
149740  -40.766  33.380  15.561 0.0000000000
149741  -41.875  33.981  15.491 0.0000000000
149743  -48.007  33.320  14.719 0.0000000000
149744  -48.341  32.881  14.289 0.0000000000
149755  -38.735  32.586  15.009 0.0000000000
149759  -42.688  33.816  15.168 0.0000000000
149762  -46.138  33.609  14.348 0.0000000000
149763  -46.858  33.734  14.388 0.0000000000
149764  -48.136  33.507  14.021 0.0000000000
149765  -48.424  33.003  14.008 0.0000000000
149776  -47.037  33.380  13.930 0.0000000000
149784  -47.979  32.755  13.206 0.0000000000
149785  -47.967  33.036  13.169 0.0000000000
150369  -39.157  34.684  27.540 0.0000000000
150384  -38.689  34.378  26.458 0.0000000000
150400  -38.513  34.129  25.492 0.0000000000
150425  -39.089  34.917  23.195 0.0000000000
150438  -38.707  34.446  22.879 0.0000000000
150455  -38.748  34.231  22.255 0.0000000000
150457  -40.025  34.737  21.104 0.0000000000
150474  -40.198  34.626  20.519 0.0000000000
150484  -39.596  34.197  20.212 0.0000000000
150485  -40.196  34.369  19.666 0.0000000000
150486  -40.742  34.617  19.201 0.0000000000
150496  -37.956  34.845  18.188 0.0000000000
150497  -38.857  34.856  18.124 0.0000000000
150498  -40.299  34.192  19.002 0.0000000000
150512  -38.234  34.444  17.611 0.0000000000
150515  -42.052  34.640  17.386 0.0000000000
150517  -43.860  34.241  16.439 0.0000000000
150518  -44.766  34.072  16.407 0.0000000000
150532  -39.636  34.083  16.777 0.0000000000
150533  -40.578  34.431  16.570 0.0000000000
150534  -41.241  34.621  16.390 0.0000000000
150535  -44.450  34.770  16.285 0.0000000000
150537  -46.144  34.402  16.194 0.0000000000
150538  -46.937  34.233  15.812 0.0000000000
150548  -40.999  34.112  16.194 0.0000000000
150550  -42.216  34.642  15.716 0.0000000000
150552  -45.460  34.780  15.703 0.0000000000
150563  -42.735  34.649  15.568 0.0000000000
150564  -43.369  34.674  15.411 0.0000000000
150565  -44.415  34.953  15.454 0.0000000000
150567  -46.845  34.161  14.719 0.0000000000
150568  -47.560  33.745  14.520 0.0000000000
150576  -47.637  33.608  14.051 0.0000000000
151117  -39.044  35.187  26.400 0.0000000000
151118  -39.452  35.633  27.137 0.0000000000
151161  -35.999  35.674  23.539 0.0000000000
151163  -39.080  35.092  23.590 0.0000000000
151176  -35.489  35.574  22.918 0.0000000000
151179  -42.064  36.572  21.849 0.0000000000
151190  -40.071  34.980  21.439 0.0000000000
151193  -42.608  36.640  20.693 0.0000000000
151210  -42.253  36.292  20.165 0.0000000000
151224  -40.747  34.773  19.620 0.0000000000
151225  -41.129  35.134  19.504 0.0000000000
151226  -41.668  35.640  19.099 0.0000000000
151235  -40.007  35.534  18.315 0.0000000000
151236  -41.265  35.793  18.086 0.0000000000
151237  -41.648  35.821  18.067 0.0000000000
151248  -40.879  35.176  17.262 0.0000000000
151251  -43.468  34.903  16.497 0.0000000000
151260  -41.757  35.136  16.464 0.0000000000
151261  -42.639  35.236  16.539 0.0000000000
151262  -43.388  35.205  16.319 0.0000000000
151263  -44.038  35.140  16.234 0.0000000000
151270  -42.654  35.172  15.893 0.0000000000
151271  -43.380  35.361  16.017 0.0000000000
151282  -43.450  35.174  15.692 0.0000000000
151283  -43.846  35.287  15.805 0.0000000000
151788  -40.249  37.260  27.439 0.0000000000
151810  -37.746  36.708  26.036 0.0000000000
151812  -40.571  37.185  25.555 0.0000000000
151827  -40.259  36.664  25.046 0.0000000000
151837  -35.966  36.743  23.489 0.0000000000
151838  -36.444  36.536  24.086 0.0000000000
151839  -40.317  36.441  24.327 0.0000000000
151841  -41.942  37.322  23.355 0.0000000000
151851  -37.999  37.203  22.371 0.0000000000
151852  -38.454  37.139  22.284 0.0000000000
151854  -42.177  36.900  22.426 0.0000000000
151855  -42.660  37.406  22.008 0.0000000000
151862  -34.389  36.416  21.692 0.0000000000
151864  -36.975  37.173  21.343 0.0000000000
151867  -40.086  36.999  21.177 0.0000000000
151869  -42.875  36.990  21.121 0.0000000000
151879  -36.645  37.123  20.631 0.0000000000
151880  -37.294  36.662  20.760 0.0000000000
151883  -40.689  36.950  20.453 0.0000000000
151884  -41.528  37.081  20.141 0.0000000000
151893  -37.680  36.107  20.019 0.0000000000
151894  -38.814  36.128  19.940 0.0000000000
151895  -39.954  36.354  19.675 0.0000000000
151901  -36.445  36.124  18.872 0.0000000000
151903  -41.096  36.346  18.791 0.0000000000
151908  -41.733  35.741  18.205 0.0000000000
151909  -41.601  35.584  17.720 0.0000000000
152402  -39.494  38.236  27.968 0.0000000000
152410  -40.705  37.996  26.884 0.0000000000
152411  -41.099  38.344  26.262 0.0000000000
152418  -37.102  37.948  24.970 0.0000000000
152421  -41.404  38.226  25.629 0.0000000000
152429  -36.826  37.585  24.622 0.0000000000
152430  -37.217  37.125  24.933 0.0000000000
152431  -41.098  37.656  25.336 0.0000000000
152432  -41.725  37.895  24.769 0.0000000000
152433  -42.251  38.163  24.333 0.0000000000
152438  -38.567  37.963  23.351 0.0000000000
152441  -42.104  37.740  24.055 0.0000000000
152448  -35.253  37.656  22.560 0.0000000000
152449  -37.426  37.872  22.766 0.0000000000
152450  -38.079  37.670  22.942 0.0000000000
152451  -39.364  37.439  22.502 0.0000000000
152454  -42.903  37.985  22.671 0.0000000000
152461  -36.630  37.670  21.409 0.0000000000
152462  -37.097  37.639  22.280 0.0000000000
152464  -40.038  37.323  21.792 0.0000000000
152477  -36.290  37.792  20.634 0.0000000000
152478  -41.544  37.407  20.739 0.0000000000
152480  -42.739  37.114  20.593 0.0000000000
152490  -42.477  37.013  19.997 0.0000000000
152491  -42.670  36.894  20.121 0.0000000000
153011  -40.511  38.777  27.088 0.0000000000
153012  -41.044  39.372  26.506 0.0000000000
153023  -41.946  39.291  25.617 0.0000000000
153030  -37.337  38.468  25.525 0.0000000000
153031  -41.973  38.565  25.209 0.0000000000
153032  -42.188  39.069  25.378 0.0000000000
153037  -35.941  38.939  23.736 0.0000000000
153038  -36.363  38.602  24.212 0.0000000000
153041  -41.146  38.821  23.970 0.0000000000
153043  -42.365  38.702  24.524 0.0000000000
153047  -35.635  38.451  23.262 0.0000000000
153049  -37.703  38.832  23.569 0.0000000000
153050  -38.572  38.521  23.711 0.0000000000
153051  -39.850  38.347  23.679 0.0000000000
153053  -42.161  38.652  23.176 0.0000000000
153054  -42.434  38.533  23.512 0.0000000000
153060  -36.661  38.902  22.408 0.0000000000
153063  -41.426  38.162  22.442 0.0000000000
153064  -42.106  38.327  22.258 0.0000000000
153072  -36.763  38.336  22.369 0.0000000000
153073  -42.467  38.071  21.822 0.0000000000
153074  -42.599  38.180  22.019 0.0000000000
153082  -36.013  38.151  20.083 0.0000000000
153091  -35.824  38.196  19.360 0.0000000000
153092  -36.205  38.797  19.780 0.0000000000
153638  -40.089  39.659  26.880 0.0000000000
153640  -41.348  39.810  26.286 0.0000000000
153647  -37.488  39.858  25.750 0.0000000000
153648  -38.150  39.556  26.385 0.0000000000
153649  -38.726  39.337  26.757 0.0000000000
153650  -41.783  39.635  25.601 0.0000000000
153651  -42.111  39.366  25.421 0.0000000000
153659  -36.382  40.239  24.650 0.0000000000
153660  -36.846  39.648  25.187 0.0000000000
153661  -42.034  39.665  24.940 0.0000000000
153671  -40.067  39.540  24.731 0.0000000000
153672  -41.235  39.224  24.439 0.0000000000
153673  -41.978  39.390  24.355 0.0000000000
153674  -42.312  39.176  24.360 0.0000000000
153679  -35.560  39.473  23.501 0.0000000000
153680  -36.473  40.367  23.074 0.0000000000
153681  -37.174  39.664  23.567 0.0000000000
153682  -37.915  39.363  24.017 0.0000000000
153683  -41.423  38.884  23.886 0.0000000000
153684  -41.805  39.033  23.794 0.0000000000
153690  -35.240  39.306  23.012 0.0000000000
153719  -36.509  39.467  19.452 0.0000000000
154305  -38.511  40.555  26.484 0.0000000000
154306  -38.967  40.473  26.624 0.0000000000
154307  -39.656  40.435  26.629 0.0000000000
154308  -40.383  40.311  26.522 0.0000000000
154309  -40.957  40.253  26.362 0.0000000000
154322  -37.435  40.637  25.739 0.0000000000
154325  -40.607  40.638  26.188 0.0000000000
154326  -41.296  40.343  25.991 0.0000000000
154336  -36.246  40.823  24.729 0.0000000000
154338  -39.978  41.014  26.007 0.0000000000
154339  -40.667  40.539  25.754 0.0000000000
154349  -35.679  40.830  24.220 0.0000000000
154350  -37.570  40.946  24.358 0.0000000000
154351  -38.241  40.838  24.699 0.0000000000
154359  -35.232  40.795  23.546 0.0000000000
154360  -35.485  40.225  23.721 0.0000000000
154369  -34.762  40.629  22.870 0.0000000000
154371  -35.861  41.092  22.552 0.0000000000
154382  -35.137  40.909  21.994 0.0000000000
154383  -35.786  40.498  21.529 0.0000000000
154994  -38.564  40.955  26.463 0.0000000000
154995  -39.186  40.947  26.548 0.0000000000
154996  -39.582  40.876  26.489 0.0000000000
155006  -37.481  41.120  25.702 0.0000000000
155007  -38.124  41.358  26.120 0.0000000000
155008  -38.852  41.326  26.247 0.0000000000
155009  -39.488  41.114  26.285 0.0000000000
155020  -36.971  41.409  25.089 0.0000000000
155021  -37.816  41.409  25.448 0.0000000000
155022  -38.549  41.424  25.781 0.0000000000
155035  -35.427  41.129  23.689 0.0000000000
155036  -35.859  41.348  24.007 0.0000000000
155037  -36.574  41.384  24.311 0.0000000000
155040  -38.903  41.265  25.603 0.0000000000
155054  -35.518  41.320  23.317 0.0000000000
155055  -36.185  41.317  23.509 0.0000000000
155056  -36.822  41.412  24.007 0.0000000000
155067  -34.874  41.038  22.538 0.0000000000
155068  -35.241  41.296  22.662 0.0000000000
155069  -35.661  41.342  22.953 0.0000000000
155083  -34.993  41.166  22.381 0.0000000000
