#!ascii label  , from subject sub-01 vox2ras=TkReg
1885
74110  -42.948  -39.269  45.690 0.0000000000
53977  -34.421  -54.105  46.646 0.0000000000
63984  -44.337  -46.521  38.013 0.0000000000
60231  -45.332  -50.060  38.625 0.0000000000
61445  -47.703  -48.448  43.075 0.0000000000
65075  -38.001  -44.449  47.915 0.0000000000
62897  -34.966  -47.187  32.752 0.0000000000
58924  -39.132  -50.282  40.250 0.0000000000
50273  -25.525  -56.578  47.805 0.0000000000
85880  -50.137  -29.351  34.492 0.0000000000
54151  -28.406  -54.161  33.824 0.0000000000
61443  -43.626  -48.639  44.038 0.0000000000
57648  -47.480  -52.571  42.606 0.0000000000
65089  -44.966  -45.462  46.495 0.0000000000
71382  -38.398  -40.168  46.830 0.0000000000
69005  -38.721  -42.321  39.752 0.0000000000
66367  -42.539  -44.498  40.880 0.0000000000
60196  -41.781  -49.785  40.648 0.0000000000
84712  -52.488  -30.857  31.710 0.0000000000
50298  -30.153  -56.578  47.051 0.0000000000
51607  -25.871  -55.404  40.326 0.0000000000
54048  -31.012  -53.934  40.458 0.0000000000
62779  -48.567  -47.997  40.369 0.0000000000
60088  -36.453  -48.881  47.730 0.0000000000
61477  -32.507  -49.158  41.304 0.0000000000
63937  -35.592  -46.145  40.530 0.0000000000
60292  -38.405  -48.884  35.994 0.0000000000
50229  -20.755  -56.713  49.676 0.0000000000
71430  -47.553  -40.447  42.818 0.0000000000
74179  -46.513  -39.192  40.438 0.0000000000
80975  -51.082  -32.564  38.069 0.0000000000
75704  -44.018  -36.953  36.004 0.0000000000
78528  -44.079  -35.319  31.882 0.0000000000
51592  -21.543  -55.355  41.616 0.0000000000
59042  -30.708  -50.575  32.912 0.0000000000
67628  -43.828  -43.907  44.900 0.0000000000
63856  -44.532  -46.821  45.713 0.0000000000
68927  -44.359  -42.952  46.737 0.0000000000
74089  -39.677  -38.314  45.881 0.0000000000
71414  -40.750  -39.979  42.614 0.0000000000
70145  -42.925  -41.504  42.902 0.0000000000
65129  -43.327  -45.693  42.492 0.0000000000
62869  -46.852  -47.867  35.059 0.0000000000
65201  -42.509  -45.485  35.932 0.0000000000
51497  -32.870  -55.816  46.868 0.0000000000
51564  -30.670  -55.688  43.679 0.0000000000
54005  -32.728  -54.221  43.646 0.0000000000
58991  -47.140  -50.689  36.593 0.0000000000
58863  -47.345  -50.980  44.347 0.0000000000
56507  -48.878  -54.090  41.055 0.0000000000
57677  -49.123  -52.198  42.066 0.0000000000
58928  -49.680  -50.934  40.052 0.0000000000
62725  -49.420  -47.641  41.849 0.0000000000
63829  -37.373  -46.264  47.658 0.0000000000
62691  -35.879  -47.377  44.725 0.0000000000
65107  -37.321  -45.208  44.760 0.0000000000
65186  -40.487  -45.681  38.022 0.0000000000
65199  -39.121  -45.194  36.403 0.0000000000
61531  -39.032  -48.951  38.131 0.0000000000
60212  -43.112  -49.204  39.566 0.0000000000
71447  -47.910  -39.637  41.281 0.0000000000
79703  -48.249  -34.646  37.141 0.0000000000
81033  -47.587  -33.386  35.057 0.0000000000
78491  -43.719  -35.422  34.060 0.0000000000
84679  -47.917  -30.725  32.704 0.0000000000
79787  -50.198  -35.623  32.185 0.0000000000
50252  -23.095  -56.649  48.642 0.0000000000
51508  -20.618  -56.026  45.462 0.0000000000
51511  -23.576  -55.894  45.292 0.0000000000
54103  -26.114  -54.266  36.395 0.0000000000
54101  -24.139  -54.732  36.419 0.0000000000
54167  -25.542  -54.740  33.227 0.0000000000
62843  -33.360  -47.426  36.500 0.0000000000
60244  -31.589  -49.523  36.841 0.0000000000
61631  -32.149  -48.236  32.254 0.0000000000
60185  -44.515  -49.809  41.788 0.0000000000
58927  -46.612  -50.830  39.749 0.0000000000
58848  -44.422  -50.375  44.828 0.0000000000
58837  -45.774  -50.013  45.626 0.0000000000
62694  -46.287  -47.595  44.751 0.0000000000
68917  -38.465  -42.332  47.403 0.0000000000
66306  -37.616  -43.649  43.796 0.0000000000
68955  -38.434  -41.645  43.592 0.0000000000
68991  -41.296  -42.356  39.998 0.0000000000
62775  -41.231  -47.173  40.132 0.0000000000
58892  -40.239  -50.461  41.469 0.0000000000
61483  -41.529  -48.256  42.118 0.0000000000
60140  -41.998  -49.629  43.128 0.0000000000
87174  -50.785  -28.731  31.957 0.0000000000
89685  -53.746  -26.731  33.405 0.0000000000
50275  -27.570  -56.389  47.759 0.0000000000
51536  -25.996  -55.682  44.341 0.0000000000
51562  -28.586  -55.828  43.383 0.0000000000
54045  -28.461  -54.781  40.257 0.0000000000
55295  -29.393  -52.637  37.725 0.0000000000
57746  -48.028  -51.693  38.588 0.0000000000
60233  -49.643  -49.480  38.479 0.0000000000
62777  -46.818  -47.513  39.514 0.0000000000
56372  -35.587  -51.549  47.832 0.0000000000
57599  -33.307  -51.636  44.608 0.0000000000
60121  -34.915  -49.182  45.435 0.0000000000
62735  -34.611  -47.399  41.193 0.0000000000
64026  -35.034  -46.031  36.821 0.0000000000
66365  -37.222  -44.012  40.428 0.0000000000
66456  -36.937  -44.491  36.294 0.0000000000
62880  -36.909  -47.589  33.855 0.0000000000
74052  -42.214  -37.997  48.930 0.0000000000
53957  -35.632  -52.848  49.577 0.0000000000
61341  -37.401  -47.969  50.231 0.0000000000
65047  -37.843  -45.011  49.870 0.0000000000
71359  -44.512  -40.869  48.243 0.0000000000
68929  -45.397  -42.472  47.036 0.0000000000
67629  -45.581  -43.471  45.103 0.0000000000
71407  -46.552  -40.264  44.530 0.0000000000
66326  -46.334  -44.500  42.463 0.0000000000
66349  -48.140  -44.067  41.145 0.0000000000
67695  -47.018  -43.307  40.406 0.0000000000
69009  -44.921  -42.857  39.381 0.0000000000
77106  -48.968  -35.626  39.102 0.0000000000
74219  -45.130  -38.124  38.768 0.0000000000
70206  -42.673  -41.746  37.772 0.0000000000
71486  -41.551  -40.317  35.499 0.0000000000
82362  -48.634  -32.893  30.816 0.0000000000
50288  -18.367  -56.559  47.044 0.0000000000
50350  -20.026  -57.136  38.415 0.0000000000
51605  -24.092  -55.000  40.850 0.0000000000
52852  -21.367  -55.347  37.407 0.0000000000
56487  -32.276  -52.422  40.972 0.0000000000
57758  -31.657  -51.753  37.289 0.0000000000
56603  -30.729  -52.321  34.645 0.0000000000
54187  -31.891  -54.775  32.490 0.0000000000
70126  -43.852  -41.844  45.069 0.0000000000
68937  -43.965  -42.904  45.578 0.0000000000
72681  -43.587  -40.349  46.489 0.0000000000
74108  -41.367  -38.436  45.382 0.0000000000
72715  -41.376  -39.151  43.962 0.0000000000
72717  -42.885  -39.794  44.572 0.0000000000
70136  -43.521  -41.671  43.964 0.0000000000
61550  -46.191  -48.284  37.099 0.0000000000
62848  -45.293  -47.789  36.481 0.0000000000
64045  -44.674  -46.879  35.286 0.0000000000
64007  -43.642  -46.475  36.623 0.0000000000
52741  -33.576  -55.050  46.552 0.0000000000
52750  -32.846  -55.469  45.689 0.0000000000
53984  -33.681  -54.476  45.698 0.0000000000
58989  -45.462  -50.216  36.379 0.0000000000
58990  -46.157  -50.480  36.471 0.0000000000
60144  -47.467  -49.735  43.665 0.0000000000
57649  -48.677  -52.198  42.826 0.0000000000
60167  -48.380  -49.579  42.672 0.0000000000
60168  -49.062  -49.465  42.020 0.0000000000
61463  -48.410  -48.399  42.636 0.0000000000
65074  -37.723  -45.187  47.592 0.0000000000
63854  -37.172  -46.217  45.926 0.0000000000
65099  -37.588  -44.824  45.661 0.0000000000
62795  -39.928  -47.821  38.697 0.0000000000
62820  -39.509  -47.462  37.736 0.0000000000
60224  -39.005  -49.646  39.113 0.0000000000
57720  -38.641  -51.397  39.670 0.0000000000
60213  -44.203  -49.505  39.404 0.0000000000
60249  -43.612  -49.494  37.250 0.0000000000
60250  -44.562  -49.778  36.863 0.0000000000
82233  -48.792  -32.573  35.601 0.0000000000
83528  -48.509  -31.321  34.606 0.0000000000
83527  -47.709  -31.701  34.120 0.0000000000
85894  -49.186  -29.940  33.790 0.0000000000
50253  -24.158  -56.715  48.648 0.0000000000
50290  -22.891  -56.274  46.909 0.0000000000
51489  -24.224  -56.188  46.118 0.0000000000
55329  -27.479  -53.351  35.440 0.0000000000
54128  -26.275  -53.852  35.159 0.0000000000
54150  -27.457  -53.990  33.757 0.0000000000
52931  -27.247  -55.659  33.193 0.0000000000
52932  -28.156  -55.696  33.442 0.0000000000
64040  -33.948  -46.474  34.580 0.0000000000
62861  -32.710  -47.679  35.038 0.0000000000
62908  -33.782  -47.406  32.449 0.0000000000
60122  -43.097  -49.860  44.109 0.0000000000
58861  -44.222  -50.647  43.888 0.0000000000
60123  -43.775  -49.522  44.474 0.0000000000
63841  -44.735  -46.809  46.066 0.0000000000
60105  -44.952  -49.068  45.576 0.0000000000
62677  -45.290  -47.285  45.923 0.0000000000
61409  -46.209  -48.524  45.164 0.0000000000
63858  -45.622  -46.778  45.787 0.0000000000
70100  -38.383  -41.263  47.635 0.0000000000
68936  -38.278  -41.875  45.733 0.0000000000
70125  -38.515  -41.062  45.366 0.0000000000
70158  -42.097  -41.167  41.806 0.0000000000
70168  -41.134  -41.194  41.091 0.0000000000
68992  -41.967  -42.891  40.280 0.0000000000
66385  -41.656  -44.502  39.432 0.0000000000
65151  -42.159  -45.447  40.475 0.0000000000
62738  -41.121  -47.903  41.001 0.0000000000
63920  -42.237  -46.908  41.346 0.0000000000
62722  -43.362  -47.235  43.078 0.0000000000
61462  -42.510  -48.340  42.907 0.0000000000
60141  -42.632  -49.634  43.560 0.0000000000
58877  -43.000  -50.273  42.862 0.0000000000
50277  -29.158  -56.567  47.482 0.0000000000
51493  -28.291  -56.280  46.244 0.0000000000
50307  -29.650  -56.504  45.956 0.0000000000
52806  -30.817  -54.767  42.097 0.0000000000
52789  -29.896  -55.343  42.448 0.0000000000
54047  -30.109  -54.312  40.407 0.0000000000
54072  -29.052  -53.577  38.655 0.0000000000
55263  -30.631  -53.414  39.139 0.0000000000
58896  -46.343  -51.187  42.287 0.0000000000
57723  -47.282  -51.416  39.208 0.0000000000
57701  -47.979  -52.606  41.180 0.0000000000
55270  -50.168  -54.367  40.474 0.0000000000
56544  -49.933  -53.760  39.202 0.0000000000
55302  -50.502  -54.188  38.921 0.0000000000
61501  -49.500  -48.576  40.598 0.0000000000
60215  -50.035  -49.823  39.463 0.0000000000
61518  -48.927  -48.567  39.876 0.0000000000
61517  -48.178  -48.541  39.282 0.0000000000
62778  -47.873  -47.938  39.869 0.0000000000
58820  -35.900  -50.283  47.802 0.0000000000
58827  -34.954  -50.364  46.636 0.0000000000
60104  -35.822  -49.071  46.413 0.0000000000
62719  -35.697  -46.708  42.248 0.0000000000
62718  -35.287  -47.459  42.695 0.0000000000
62754  -35.459  -46.730  40.922 0.0000000000
62794  -34.858  -46.760  39.158 0.0000000000
65171  -35.707  -45.895  38.478 0.0000000000
67654  -38.091  -42.959  42.380 0.0000000000
66324  -37.623  -43.673  42.712 0.0000000000
67692  -38.113  -42.834  40.293 0.0000000000
64043  -38.636  -46.501  35.616 0.0000000000
66458  -38.155  -44.670  35.858 0.0000000000
65235  -38.267  -45.878  34.917 0.0000000000
65234  -37.348  -45.569  34.552 0.0000000000
60181  -41.036  -50.353  41.328 0.0000000000
63799  -37.517  -46.672  49.651 0.0000000000
70060  -38.542  -41.940  50.259 0.0000000000
72637  -43.358  -39.046  48.635 0.0000000000
72651  -45.078  -39.860  48.022 0.0000000000
70118  -45.603  -41.391  46.695 0.0000000000
67618  -45.460  -43.290  46.245 0.0000000000
70127  -45.677  -41.659  45.741 0.0000000000
70149  -46.799  -40.911  43.470 0.0000000000
68970  -46.035  -42.199  43.083 0.0000000000
68980  -46.566  -42.346  42.374 0.0000000000
66328  -47.984  -44.642  41.581 0.0000000000
67676  -47.330  -42.840  41.548 0.0000000000
71446  -47.465  -40.276  40.828 0.0000000000
70179  -47.487  -41.363  40.777 0.0000000000
70186  -46.484  -41.584  40.341 0.0000000000
69010  -45.685  -42.722  39.750 0.0000000000
71452  -45.892  -40.702  40.236 0.0000000000
79688  -49.951  -34.359  38.269 0.0000000000
78443  -45.891  -35.612  36.562 0.0000000000
77124  -46.164  -36.525  37.855 0.0000000000
75665  -44.485  -37.567  37.415 0.0000000000
72775  -43.500  -40.102  38.322 0.0000000000
72784  -42.659  -40.032  37.151 0.0000000000
70217  -41.984  -41.667  36.802 0.0000000000
74244  -42.738  -38.457  35.718 0.0000000000
78508  -43.405  -35.284  33.051 0.0000000000
75740  -41.674  -37.809  33.709 0.0000000000
74299  -41.384  -38.004  32.061 0.0000000000
87189  -52.065  -28.544  31.711 0.0000000000
85943  -49.614  -29.863  31.100 0.0000000000
84710  -50.883  -30.936  31.052 0.0000000000
51555  -21.082  -55.772  43.569 0.0000000000
51530  -19.916  -56.094  44.551 0.0000000000
51577  -20.275  -55.928  42.669 0.0000000000
51601  -19.602  -56.108  40.723 0.0000000000
51602  -20.686  -55.505  40.304 0.0000000000
51596  -25.755  -55.491  41.438 0.0000000000
51581  -24.493  -55.540  42.530 0.0000000000
51606  -25.015  -55.163  40.728 0.0000000000
52878  -22.952  -54.752  36.911 0.0000000000
47979  -23.543  -59.183  32.590 0.0000000000
58873  -32.723  -50.756  43.386 0.0000000000
57645  -32.341  -51.706  42.973 0.0000000000
58889  -32.091  -50.878  41.574 0.0000000000
60290  -31.265  -49.676  35.125 0.0000000000
58961  -31.618  -50.637  37.391 0.0000000000
57786  -31.249  -51.416  35.399 0.0000000000
56584  -30.991  -51.909  36.044 0.0000000000
56623  -30.827  -52.533  33.487 0.0000000000
52918  -31.703  -55.393  33.978 0.0000000000
66289  -43.874  -44.930  44.250 0.0000000000
62692  -44.099  -47.766  44.442 0.0000000000
66271  -44.003  -44.920  45.366 0.0000000000
66250  -44.251  -44.941  46.165 0.0000000000
66251  -44.685  -44.548  46.744 0.0000000000
72679  -38.916  -39.258  45.707 0.0000000000
71404  -39.196  -39.991  43.971 0.0000000000
72714  -40.265  -39.325  43.922 0.0000000000
71415  -41.582  -40.063  42.700 0.0000000000
67655  -43.136  -43.006  42.079 0.0000000000
65141  -42.838  -45.649  41.748 0.0000000000
66325  -43.489  -44.571  42.613 0.0000000000
66307  -43.718  -44.980  43.269 0.0000000000
65216  -42.573  -45.520  34.854 0.0000000000
51474  -31.474  -56.553  47.263 0.0000000000
51518  -31.029  -56.464  45.566 0.0000000000
51519  -32.081  -55.991  45.136 0.0000000000
52773  -32.324  -54.941  43.778 0.0000000000
54017  -31.884  -54.429  42.334 0.0000000000
56475  -47.374  -52.538  43.731 0.0000000000
57675  -47.760  -52.959  42.154 0.0000000000
55222  -48.647  -53.474  42.808 0.0000000000
55224  -49.281  -53.676  42.209 0.0000000000
56508  -50.164  -53.526  41.504 0.0000000000
56527  -50.741  -53.872  40.185 0.0000000000
58913  -49.387  -51.007  41.027 0.0000000000
60186  -49.497  -49.456  41.300 0.0000000000
62759  -49.406  -47.929  40.944 0.0000000000
62650  -36.714  -47.650  47.649 0.0000000000
62660  -36.289  -47.988  46.469 0.0000000000
62675  -36.844  -46.814  46.310 0.0000000000
63884  -36.492  -46.416  44.165 0.0000000000
65126  -36.614  -45.407  42.857 0.0000000000
67738  -39.869  -43.226  38.332 0.0000000000
69034  -38.662  -42.762  38.123 0.0000000000
65185  -40.178  -45.335  37.393 0.0000000000
62846  -39.184  -47.024  36.920 0.0000000000
60269  -38.466  -49.177  36.638 0.0000000000
58962  -38.381  -50.664  37.209 0.0000000000
57743  -38.527  -51.588  38.673 0.0000000000
60197  -42.738  -49.492  40.586 0.0000000000
60229  -43.433  -49.316  38.414 0.0000000000
72735  -48.456  -38.831  42.844 0.0000000000
70171  -47.755  -40.925  41.958 0.0000000000
72743  -48.830  -38.956  42.125 0.0000000000
74168  -48.930  -38.383  41.249 0.0000000000
75597  -48.305  -37.711  40.464 0.0000000000
82216  -51.161  -31.907  37.282 0.0000000000
79705  -49.772  -33.994  37.576 0.0000000000
81015  -49.218  -32.751  36.267 0.0000000000
79734  -47.635  -33.915  35.810 0.0000000000
78458  -45.586  -35.314  35.784 0.0000000000
77155  -43.792  -36.491  35.499 0.0000000000
79748  -45.676  -33.807  34.422 0.0000000000
81051  -45.347  -33.319  33.416 0.0000000000
82329  -45.685  -32.893  31.908 0.0000000000
83563  -53.091  -31.523  32.464 0.0000000000
82335  -51.681  -32.851  31.967 0.0000000000
79789  -51.629  -34.796  32.441 0.0000000000
50250  -21.026  -56.708  48.743 0.0000000000
51472  -20.746  -56.374  47.148 0.0000000000
50289  -22.213  -56.250  46.803 0.0000000000
51510  -22.588  -55.879  45.337 0.0000000000
51556  -22.108  -55.643  43.521 0.0000000000
54069  -26.310  -54.821  38.443 0.0000000000
52836  -24.911  -55.101  38.679 0.0000000000
54102  -24.943  -54.607  36.721 0.0000000000
54147  -24.347  -54.490  34.601 0.0000000000
52945  -23.965  -55.769  32.559 0.0000000000
50441  -24.617  -57.472  32.303 0.0000000000
51716  -25.993  -56.578  32.626 0.0000000000
61514  -33.020  -48.002  39.057 0.0000000000
60192  -32.077  -49.914  40.063 0.0000000000
61546  -32.316  -48.428  37.273 0.0000000000
61606  -31.939  -48.117  34.661 0.0000000000
61630  -31.433  -49.145  31.929 0.0000000000
60199  -44.930  -49.720  40.471 0.0000000000
58926  -45.873  -50.308  39.065 0.0000000000
58895  -45.646  -50.357  41.484 0.0000000000
58879  -45.322  -50.836  42.986 0.0000000000
57646  -45.876  -51.708  43.913 0.0000000000
60124  -44.537  -49.346  45.125 0.0000000000
58849  -45.490  -50.735  45.158 0.0000000000
57621  -45.952  -51.424  44.625 0.0000000000
58851  -46.840  -50.800  44.795 0.0000000000
60126  -47.092  -50.336  44.451 0.0000000000
62708  -46.652  -47.618  43.869 0.0000000000
67597  -38.454  -43.180  47.573 0.0000000000
66269  -37.757  -43.866  45.499 0.0000000000
67616  -37.968  -42.826  45.577 0.0000000000
68954  -37.938  -42.352  43.899 0.0000000000
68976  -38.456  -42.232  41.944 0.0000000000
70144  -38.912  -40.785  43.226 0.0000000000
70175  -39.696  -41.280  40.999 0.0000000000
68989  -39.410  -41.764  40.353 0.0000000000
67740  -40.900  -44.118  38.600 0.0000000000
63982  -40.920  -46.400  38.824 0.0000000000
61515  -39.960  -48.321  39.720 0.0000000000
58891  -39.541  -50.426  41.128 0.0000000000
61481  -40.080  -49.299  41.289 0.0000000000
60180  -40.556  -49.755  42.046 0.0000000000
60160  -40.979  -49.882  42.430 0.0000000000
62740  -42.522  -47.129  41.950 0.0000000000
61461  -41.804  -48.740  42.713 0.0000000000
60162  -42.069  -50.131  41.937 0.0000000000
60163  -42.739  -50.003  42.131 0.0000000000
60198  -43.829  -49.475  40.566 0.0000000000
87143  -50.647  -28.496  33.993 0.0000000000
88428  -51.799  -27.188  34.109 0.0000000000
88447  -52.583  -27.507  32.828 0.0000000000
87177  -53.454  -28.430  32.487 0.0000000000
84682  -53.927  -29.899  32.551 0.0000000000
84697  -54.396  -30.519  32.755 0.0000000000
50274  -26.547  -56.513  47.789 0.0000000000
51490  -25.230  -55.915  46.190 0.0000000000
51514  -26.715  -55.718  45.315 0.0000000000
51537  -27.102  -55.701  44.362 0.0000000000
51597  -26.811  -55.494  41.194 0.0000000000
51563  -29.705  -55.740  43.334 0.0000000000
52787  -28.590  -55.489  41.943 0.0000000000
52825  -27.466  -55.066  39.817 0.0000000000
54070  -27.092  -54.625  38.614 0.0000000000
55293  -27.768  -53.389  37.337 0.0000000000
56581  -28.704  -52.844  35.241 0.0000000000
58945  -46.537  -50.741  38.590 0.0000000000
57763  -47.697  -51.205  37.361 0.0000000000
57725  -48.682  -52.861  39.742 0.0000000000
61533  -47.049  -48.506  38.209 0.0000000000
63985  -45.087  -46.856  38.580 0.0000000000
55170  -34.988  -53.184  47.543 0.0000000000
55194  -34.205  -53.344  45.706 0.0000000000
57586  -34.631  -51.446  46.463 0.0000000000
58845  -33.978  -50.902  45.406 0.0000000000
60159  -33.565  -49.288  43.406 0.0000000000
61424  -35.560  -48.082  44.858 0.0000000000
61440  -34.736  -48.175  43.248 0.0000000000
61479  -34.017  -47.755  41.301 0.0000000000
62770  -33.852  -47.524  39.304 0.0000000000
64025  -34.393  -46.517  36.667 0.0000000000
64059  -34.753  -46.014  34.094 0.0000000000
65118  -37.480  -44.195  44.133 0.0000000000
65140  -36.974  -44.649  42.217 0.0000000000
66383  -36.627  -44.599  40.083 0.0000000000
67736  -37.626  -43.319  38.612 0.0000000000
66404  -37.024  -44.046  38.360 0.0000000000
65172  -36.020  -45.606  38.642 0.0000000000
65198  -36.257  -44.963  36.480 0.0000000000
64060  -35.829  -46.051  33.946 0.0000000000
58909  -40.227  -50.927  40.754 0.0000000000
74091  -41.904  -38.135  46.524 0.0000000000
74072  -42.784  -38.754  47.522 0.0000000000
50230  -21.813  -56.707  49.648 0.0000000000
50234  -25.880  -56.707  49.470 0.0000000000
50256  -27.231  -56.495  48.589 0.0000000000
50257  -28.261  -56.472  48.536 0.0000000000
51453  -31.795  -56.551  48.984 0.0000000000
51464  -33.296  -55.877  48.837 0.0000000000
52724  -34.785  -54.642  48.077 0.0000000000
53955  -35.377  -53.751  48.544 0.0000000000
55151  -35.583  -52.755  48.704 0.0000000000
57570  -36.336  -50.771  48.772 0.0000000000
58810  -36.649  -49.978  48.961 0.0000000000
60033  -37.161  -48.941  49.812 0.0000000000
60069  -36.972  -48.646  48.727 0.0000000000
62638  -37.277  -47.289  48.695 0.0000000000
65057  -37.654  -45.954  48.931 0.0000000000
65066  -37.938  -44.770  48.490 0.0000000000
67577  -38.381  -43.391  49.228 0.0000000000
68888  -38.511  -42.725  49.097 0.0000000000
70085  -38.442  -41.330  48.712 0.0000000000
75509  -39.833  -37.741  46.681 0.0000000000
72662  -43.331  -39.765  47.351 0.0000000000
70103  -44.492  -42.021  47.483 0.0000000000
67598  -44.768  -43.266  47.703 0.0000000000
72650  -44.367  -39.647  48.493 0.0000000000
70088  -44.962  -41.816  48.083 0.0000000000
66252  -45.063  -44.258  47.101 0.0000000000
65111  -45.472  -45.049  45.979 0.0000000000
63887  -45.755  -46.020  44.910 0.0000000000
65130  -46.234  -45.501  43.262 0.0000000000
70147  -45.621  -41.883  44.305 0.0000000000
67641  -45.766  -43.840  43.008 0.0000000000
63905  -47.523  -46.487  42.702 0.0000000000
63906  -48.564  -46.393  42.152 0.0000000000
63922  -48.678  -46.196  41.401 0.0000000000
63942  -48.581  -46.427  40.835 0.0000000000
68995  -47.761  -42.117  40.998 0.0000000000
66369  -47.723  -44.065  40.632 0.0000000000
65154  -47.791  -45.091  40.550 0.0000000000
63940  -46.615  -45.730  40.213 0.0000000000
65163  -45.386  -45.618  39.459 0.0000000000
66409  -44.419  -44.663  38.701 0.0000000000
77083  -49.058  -36.252  39.868 0.0000000000
75620  -47.835  -37.251  39.922 0.0000000000
78414  -48.462  -35.486  38.459 0.0000000000
77104  -47.302  -36.566  38.857 0.0000000000
74196  -45.866  -38.670  39.988 0.0000000000
72766  -44.799  -39.887  39.710 0.0000000000
69025  -43.519  -42.666  38.537 0.0000000000
66408  -43.558  -44.573  38.092 0.0000000000
66427  -42.441  -44.541  36.903 0.0000000000
67779  -41.502  -43.417  35.981 0.0000000000
67793  -40.671  -42.996  34.528 0.0000000000
72821  -41.847  -38.826  34.972 0.0000000000
71498  -40.597  -40.509  34.291 0.0000000000
67806  -40.769  -43.131  33.629 0.0000000000
85911  -49.295  -29.570  32.727 0.0000000000
83578  -47.696  -31.524  31.176 0.0000000000
81095  -46.948  -33.702  30.780 0.0000000000
81097  -49.005  -33.865  31.304 0.0000000000
79811  -47.494  -34.982  31.247 0.0000000000
77228  -45.240  -36.352  31.453 0.0000000000
51485  -20.246  -56.154  46.307 0.0000000000
51535  -24.926  -55.704  44.355 0.0000000000
51580  -23.452  -55.525  42.573 0.0000000000
51593  -22.700  -55.238  41.735 0.0000000000
52835  -24.049  -54.729  38.890 0.0000000000
52834  -22.781  -54.767  38.566 0.0000000000
52809  -21.672  -55.195  39.907 0.0000000000
52851  -20.644  -55.977  37.291 0.0000000000
55202  -32.883  -53.388  44.103 0.0000000000
55211  -32.531  -53.420  43.007 0.0000000000
55250  -32.405  -52.975  40.555 0.0000000000
58922  -31.563  -50.927  39.472 0.0000000000
56520  -31.974  -52.364  39.489 0.0000000000
55264  -31.436  -53.171  39.294 0.0000000000
56552  -31.097  -52.521  37.677 0.0000000000
56567  -29.932  -52.472  36.474 0.0000000000
56601  -29.277  -52.943  34.674 0.0000000000
59075  -32.955  -50.635  30.885 0.0000000000
57871  -31.638  -51.388  30.684 0.0000000000
56655  -30.687  -52.460  31.962 0.0000000000
55363  -31.112  -53.433  33.754 0.0000000000
54154  -31.131  -54.423  34.004 0.0000000000
54152  -29.322  -54.570  33.915 0.0000000000
72699  -43.364  -39.950  45.469 0.0000000000
71398  -43.669  -40.903  45.579 0.0000000000
72700  -43.568  -40.372  46.134 0.0000000000
74109  -42.282  -38.666  45.612 0.0000000000
74128  -42.536  -39.132  44.965 0.0000000000
74129  -42.934  -39.496  45.165 0.0000000000
71397  -43.372  -40.443  44.809 0.0000000000
62823  -45.509  -47.919  37.312 0.0000000000
61572  -45.839  -48.156  36.545 0.0000000000
62822  -44.884  -47.556  37.011 0.0000000000
62847  -44.814  -47.338  36.371 0.0000000000
64008  -44.311  -46.981  37.082 0.0000000000
52733  -34.318  -54.553  47.133 0.0000000000
53976  -34.066  -54.420  46.261 0.0000000000
58967  -45.654  -50.363  37.081 0.0000000000
58944  -45.638  -50.344  38.042 0.0000000000
60145  -48.038  -50.356  43.205 0.0000000000
60166  -47.956  -49.043  42.929 0.0000000000
65086  -37.691  -44.983  46.628 0.0000000000
66230  -37.917  -44.395  47.217 0.0000000000
60225  -39.413  -49.030  39.414 0.0000000000
60230  -44.653  -49.743  38.149 0.0000000000
58943  -45.133  -50.059  37.383 0.0000000000
58966  -45.163  -50.072  36.812 0.0000000000
85867  -50.022  -30.127  35.301 0.0000000000
84649  -49.820  -30.534  35.276 0.0000000000
85879  -49.737  -30.018  34.902 0.0000000000
84663  -48.560  -30.771  34.117 0.0000000000
50272  -24.498  -56.560  47.801 0.0000000000
50291  -23.861  -56.442  46.929 0.0000000000
50292  -24.858  -56.257  47.007 0.0000000000
55350  -28.122  -53.381  34.569 0.0000000000
55349  -27.192  -53.651  34.545 0.0000000000
54169  -27.812  -54.806  33.334 0.0000000000
64058  -33.923  -46.523  33.632 0.0000000000
64083  -34.002  -46.842  32.882 0.0000000000
64094  -34.211  -47.154  32.637 0.0000000000
60142  -43.183  -49.313  43.890 0.0000000000
58847  -43.524  -50.274  44.213 0.0000000000
63842  -44.937  -46.489  46.252 0.0000000000
62663  -44.901  -47.024  46.097 0.0000000000
63857  -45.267  -46.236  46.177 0.0000000000
70115  -38.267  -40.725  47.143 0.0000000000
70116  -38.351  -41.190  46.498 0.0000000000
71383  -38.616  -40.204  45.975 0.0000000000
68979  -42.193  -42.323  40.954 0.0000000000
67694  -42.344  -43.505  40.537 0.0000000000
66366  -42.141  -44.469  40.114 0.0000000000
63938  -42.132  -46.467  41.003 0.0000000000
65152  -42.509  -45.459  41.185 0.0000000000
62707  -43.464  -47.783  43.485 0.0000000000
58846  -42.939  -50.131  43.812 0.0000000000
50278  -29.723  -56.587  47.682 0.0000000000
50297  -29.441  -56.539  46.674 0.0000000000
54016  -31.265  -54.550  41.957 0.0000000000
54032  -30.722  -54.502  41.321 0.0000000000
54060  -30.382  -53.806  39.727 0.0000000000
54061  -31.022  -53.590  39.729 0.0000000000
57674  -47.256  -51.940  41.883 0.0000000000
57700  -47.365  -51.618  40.489 0.0000000000
55285  -50.464  -54.422  39.786 0.0000000000
61500  -49.008  -48.239  40.442 0.0000000000
61519  -49.865  -48.968  39.929 0.0000000000
62757  -48.134  -47.230  40.441 0.0000000000
60067  -36.320  -49.524  48.026 0.0000000000
60087  -36.054  -49.429  47.231 0.0000000000
63919  -35.815  -45.901  41.757 0.0000000000
62737  -35.589  -46.602  41.347 0.0000000000
63956  -35.386  -46.402  39.851 0.0000000000
63957  -35.682  -45.963  39.399 0.0000000000
68988  -38.564  -42.200  40.861 0.0000000000
67672  -38.070  -42.948  41.363 0.0000000000
62865  -38.279  -47.476  35.552 0.0000000000
62882  -37.982  -47.243  34.836 0.0000000000
62864  -37.813  -47.830  35.118 0.0000000000
60210  -41.225  -49.828  39.861 0.0000000000
72734  -47.821  -38.971  43.423 0.0000000000
72719  -47.266  -39.107  43.994 0.0000000000
71418  -47.323  -40.062  43.479 0.0000000000
68971  -46.683  -41.751  42.652 0.0000000000
70160  -47.209  -41.073  42.826 0.0000000000
68981  -47.170  -41.831  42.068 0.0000000000
70170  -47.481  -41.156  42.324 0.0000000000
72757  -46.991  -39.673  40.525 0.0000000000
71445  -46.782  -40.756  40.449 0.0000000000
71444  -46.336  -40.459  40.375 0.0000000000
72756  -46.267  -39.877  40.393 0.0000000000
82184  -51.271  -32.182  38.363 0.0000000000
80956  -51.213  -33.156  38.725 0.0000000000
79690  -50.876  -33.656  38.880 0.0000000000
80955  -50.792  -33.409  38.444 0.0000000000
77139  -44.495  -36.793  36.599 0.0000000000
77123  -44.943  -36.846  37.353 0.0000000000
77122  -44.401  -37.140  37.027 0.0000000000
74217  -43.857  -38.636  37.457 0.0000000000
74232  -43.537  -38.431  36.741 0.0000000000
72795  -42.623  -39.322  36.411 0.0000000000
74245  -43.259  -38.217  36.072 0.0000000000
77206  -43.247  -35.898  32.440 0.0000000000
77205  -42.506  -36.578  32.794 0.0000000000
77225  -42.496  -36.900  32.184 0.0000000000
75774  -42.517  -37.263  31.658 0.0000000000
85927  -52.250  -29.516  31.558 0.0000000000
84711  -51.411  -30.629  31.232 0.0000000000
50249  -19.966  -56.613  48.750 0.0000000000
51578  -21.285  -55.592  42.600 0.0000000000
51591  -20.411  -55.717  41.614 0.0000000000
49159  -22.268  -58.284  33.363 0.0000000000
60158  -32.830  -49.658  42.778 0.0000000000
58872  -32.295  -50.795  42.495 0.0000000000
60177  -32.165  -49.874  41.159 0.0000000000
60312  -30.876  -49.734  34.131 0.0000000000
58982  -31.503  -50.526  35.962 0.0000000000
59002  -31.185  -50.624  34.804 0.0000000000
57796  -31.033  -51.545  34.253 0.0000000000
57815  -30.659  -51.543  33.208 0.0000000000
65109  -44.167  -46.054  44.731 0.0000000000
70117  -43.852  -41.918  46.161 0.0000000000
67617  -43.948  -43.985  46.004 0.0000000000
67606  -44.316  -44.016  46.637 0.0000000000
74088  -38.948  -38.641  46.304 0.0000000000
72698  -39.419  -39.178  44.847 0.0000000000
74107  -40.382  -38.619  45.048 0.0000000000
72733  -42.554  -39.881  43.717 0.0000000000
72732  -41.930  -39.605  43.366 0.0000000000
71416  -42.381  -40.395  42.876 0.0000000000
68967  -42.910  -42.313  42.148 0.0000000000
68956  -43.090  -42.065  42.694 0.0000000000
67656  -43.372  -43.543  42.349 0.0000000000
68957  -43.417  -42.430  43.042 0.0000000000
68946  -43.767  -42.762  44.360 0.0000000000
67639  -43.708  -43.865  43.540 0.0000000000
65119  -43.764  -45.849  43.518 0.0000000000
61595  -47.016  -48.238  35.571 0.0000000000
64029  -43.748  -46.574  35.710 0.0000000000
65217  -43.202  -46.018  35.269 0.0000000000
51475  -32.324  -56.266  47.450 0.0000000000
51495  -31.213  -56.579  46.568 0.0000000000
51496  -32.165  -56.256  46.325 0.0000000000
52774  -32.863  -54.747  44.379 0.0000000000
52761  -32.511  -55.344  44.673 0.0000000000
52792  -31.834  -54.743  43.136 0.0000000000
54004  -32.249  -54.458  43.105 0.0000000000
59007  -46.576  -50.421  35.731 0.0000000000
57623  -47.528  -51.976  44.215 0.0000000000
56476  -47.964  -53.206  43.024 0.0000000000
56459  -47.824  -52.712  43.845 0.0000000000
58897  -48.727  -51.419  42.497 0.0000000000
57650  -49.007  -52.750  42.670 0.0000000000
56478  -49.154  -53.195  42.477 0.0000000000
56491  -49.530  -53.097  42.083 0.0000000000
57702  -49.527  -52.528  41.091 0.0000000000
61464  -49.078  -48.485  42.244 0.0000000000
61465  -49.479  -48.511  41.691 0.0000000000
61484  -49.562  -48.418  41.180 0.0000000000
62741  -49.500  -47.772  41.318 0.0000000000
62651  -36.924  -47.037  48.106 0.0000000000
62661  -36.715  -47.382  46.840 0.0000000000
63839  -37.152  -46.603  46.824 0.0000000000
65098  -37.351  -45.548  45.455 0.0000000000
63869  -37.058  -45.966  44.874 0.0000000000
63900  -36.333  -45.964  42.960 0.0000000000
63901  -36.689  -45.462  43.187 0.0000000000
66406  -40.570  -44.589  38.194 0.0000000000
66425  -39.795  -44.319  37.393 0.0000000000
61549  -39.163  -48.333  37.940 0.0000000000
64028  -39.548  -46.516  37.020 0.0000000000
62819  -39.015  -47.534  37.104 0.0000000000
61548  -38.805  -48.337  37.278 0.0000000000
60246  -38.661  -49.764  37.766 0.0000000000
74143  -48.790  -37.963  42.804 0.0000000000
74156  -49.011  -38.338  42.427 0.0000000000
75579  -49.423  -36.928  41.566 0.0000000000
75578  -49.413  -37.422  41.494 0.0000000000
74183  -49.153  -37.775  40.914 0.0000000000
74182  -48.734  -38.233  40.927 0.0000000000
75598  -48.938  -37.504  40.613 0.0000000000
84640  -51.065  -30.647  36.455 0.0000000000
85848  -51.436  -29.480  37.299 0.0000000000
84641  -51.547  -30.554  36.902 0.0000000000
82215  -50.766  -31.993  36.817 0.0000000000
80995  -50.369  -32.735  37.124 0.0000000000
82235  -50.249  -32.037  36.356 0.0000000000
81034  -48.260  -32.962  35.347 0.0000000000
79733  -46.911  -34.309  35.511 0.0000000000
79749  -46.733  -33.962  34.838 0.0000000000
78474  -45.323  -34.530  34.976 0.0000000000
81032  -46.413  -33.130  34.273 0.0000000000
83545  -47.623  -31.235  33.262 0.0000000000
82282  -46.190  -32.565  33.465 0.0000000000
83544  -46.786  -31.722  32.788 0.0000000000
82304  -45.554  -32.801  32.761 0.0000000000
82305  -46.152  -32.301  32.314 0.0000000000
82308  -53.676  -32.591  32.888 0.0000000000
82307  -52.559  -32.830  32.532 0.0000000000
50251  -22.042  -56.644  48.683 0.0000000000
50269  -21.289  -56.614  47.866 0.0000000000
50270  -22.221  -56.445  47.562 0.0000000000
51488  -23.255  -56.124  46.139 0.0000000000
51487  -22.332  -56.090  46.198 0.0000000000
51533  -22.868  -55.693  44.424 0.0000000000
54086  -26.006  -54.645  37.698 0.0000000000
54148  -25.381  -54.334  34.334 0.0000000000
54166  -24.533  -54.676  33.647 0.0000000000
52929  -24.607  -55.199  32.930 0.0000000000
51715  -25.139  -56.599  32.413 0.0000000000
52947  -25.595  -55.755  32.612 0.0000000000
51700  -27.628  -56.567  33.450 0.0000000000
50427  -27.070  -57.460  33.506 0.0000000000
61530  -32.935  -47.927  38.245 0.0000000000
61547  -32.685  -48.126  37.857 0.0000000000
62816  -32.842  -47.765  36.868 0.0000000000
62895  -32.496  -47.606  33.092 0.0000000000
61622  -31.862  -48.110  33.563 0.0000000000
61605  -31.391  -48.871  34.336 0.0000000000
60165  -44.369  -50.255  42.572 0.0000000000
58880  -46.087  -51.445  42.853 0.0000000000
58862  -45.153  -51.075  44.300 0.0000000000
63871  -44.389  -46.841  45.020 0.0000000000
61425  -44.323  -48.580  44.715 0.0000000000
62693  -44.522  -47.651  45.216 0.0000000000
60106  -45.442  -49.189  45.636 0.0000000000
58836  -45.037  -49.887  45.549 0.0000000000
57601  -46.046  -51.078  45.014 0.0000000000
57602  -46.492  -51.320  44.810 0.0000000000
58850  -46.236  -50.566  45.188 0.0000000000
60125  -46.621  -49.679  44.782 0.0000000000
61427  -46.617  -48.514  44.397 0.0000000000
67605  -38.374  -43.022  46.687 0.0000000000
68945  -38.051  -41.908  44.744 0.0000000000
68965  -38.348  -42.335  42.956 0.0000000000
68966  -38.726  -41.557  42.574 0.0000000000
71413  -39.790  -40.088  42.850 0.0000000000
70177  -40.771  -41.632  40.313 0.0000000000
70167  -40.200  -40.954  41.149 0.0000000000
70176  -40.261  -41.397  40.584 0.0000000000
68990  -40.304  -41.958  39.906 0.0000000000
67716  -40.572  -43.054  38.810 0.0000000000
69008  -40.936  -42.805  39.215 0.0000000000
63959  -41.541  -46.394  39.946 0.0000000000
65174  -41.409  -45.564  39.204 0.0000000000
63958  -41.184  -46.620  39.399 0.0000000000
62774  -40.814  -47.314  39.579 0.0000000000
61516  -40.559  -47.905  40.074 0.0000000000
61498  -39.975  -48.960  40.815 0.0000000000
61499  -40.547  -48.272  40.622 0.0000000000
61482  -40.732  -48.731  41.726 0.0000000000
58874  -40.800  -50.212  42.099 0.0000000000
61460  -41.019  -49.350  42.421 0.0000000000
65142  -43.211  -44.988  42.075 0.0000000000
65128  -42.891  -46.140  41.994 0.0000000000
63902  -42.900  -46.650  42.207 0.0000000000
61441  -42.245  -49.195  43.231 0.0000000000
58858  -41.833  -50.040  42.861 0.0000000000
60161  -41.472  -49.657  42.687 0.0000000000
58876  -42.129  -50.165  42.534 0.0000000000
60183  -42.354  -49.855  41.400 0.0000000000
60164  -43.651  -50.026  42.359 0.0000000000
88416  -52.913  -26.549  33.997 0.0000000000
88430  -53.321  -27.084  33.253 0.0000000000
88448  -53.274  -27.855  32.622 0.0000000000
87160  -54.155  -28.241  32.632 0.0000000000
85898  -54.310  -29.047  32.406 0.0000000000
84683  -54.393  -29.757  32.527 0.0000000000
84684  -54.569  -29.602  32.341 0.0000000000
50294  -26.928  -56.220  47.004 0.0000000000
51492  -27.345  -56.037  46.204 0.0000000000
51538  -28.242  -55.857  44.427 0.0000000000
51515  -27.811  -55.907  45.384 0.0000000000
51561  -27.448  -55.694  43.348 0.0000000000
51584  -27.818  -55.578  42.207 0.0000000000
51540  -30.373  -56.205  44.396 0.0000000000
52817  -29.109  -54.996  41.082 0.0000000000
52788  -29.225  -55.434  42.109 0.0000000000
52816  -28.513  -55.054  40.758 0.0000000000
52802  -28.081  -55.373  41.335 0.0000000000
52826  -28.067  -54.921  40.194 0.0000000000
54057  -27.423  -54.830  39.305 0.0000000000
54058  -28.166  -54.605  39.543 0.0000000000
55277  -28.835  -53.303  38.325 0.0000000000
54071  -28.284  -53.873  38.368 0.0000000000
55294  -28.479  -52.885  37.524 0.0000000000
55311  -28.189  -52.904  36.087 0.0000000000
56566  -29.033  -52.629  36.320 0.0000000000
58911  -45.848  -50.258  40.180 0.0000000000
57745  -47.166  -51.151  38.100 0.0000000000
56489  -48.578  -53.514  41.877 0.0000000000
56506  -48.589  -53.227  40.689 0.0000000000
56559  -50.158  -53.109  37.879 0.0000000000
57727  -50.128  -52.476  40.189 0.0000000000
60216  -50.260  -50.235  38.720 0.0000000000
60232  -49.064  -49.134  38.253 0.0000000000
62799  -47.352  -48.254  39.072 0.0000000000
61534  -47.958  -48.698  38.513 0.0000000000
62798  -46.441  -47.941  38.729 0.0000000000
62776  -45.823  -47.244  39.173 0.0000000000
56371  -35.289  -52.181  47.408 0.0000000000
56394  -34.904  -52.108  46.790 0.0000000000
60102  -34.743  -49.728  45.990 0.0000000000
58835  -34.365  -50.620  45.960 0.0000000000
60120  -34.226  -49.809  45.054 0.0000000000
60139  -33.824  -49.496  44.157 0.0000000000
61422  -34.327  -49.173  44.386 0.0000000000
62674  -36.398  -47.287  45.914 0.0000000000
61406  -35.757  -48.340  45.670 0.0000000000
62736  -35.169  -47.180  41.422 0.0000000000
61459  -34.611  -47.757  42.130 0.0000000000
61458  -33.727  -48.574  42.562 0.0000000000
61497  -33.998  -47.619  40.527 0.0000000000
62751  -34.081  -47.532  40.020 0.0000000000
63979  -34.924  -46.392  38.189 0.0000000000
64003  -34.670  -46.461  37.603 0.0000000000
64042  -34.851  -46.051  36.156 0.0000000000
64041  -34.495  -46.174  35.426 0.0000000000
65210  -35.020  -45.694  35.144 0.0000000000
67615  -37.707  -43.361  45.089 0.0000000000
66343  -37.393  -44.078  41.607 0.0000000000
66323  -37.260  -44.342  42.582 0.0000000000
66364  -36.851  -44.503  40.942 0.0000000000
66342  -36.777  -44.703  41.605 0.0000000000
66424  -39.025  -43.794  37.292 0.0000000000
67758  -38.434  -43.311  37.658 0.0000000000
66440  -38.552  -44.301  36.650 0.0000000000
66457  -37.603  -44.501  36.002 0.0000000000
66423  -37.117  -44.139  37.528 0.0000000000
66438  -36.712  -44.532  37.081 0.0000000000
66422  -36.628  -44.730  38.010 0.0000000000
65184  -36.206  -45.236  37.528 0.0000000000
64061  -36.860  -46.488  33.867 0.0000000000
65233  -36.262  -45.543  34.578 0.0000000000
64086  -36.163  -46.584  33.575 0.0000000000
61607  -36.621  -48.209  33.686 0.0000000000
57673  -39.906  -50.953  41.110 0.0000000000
50207  -21.572  -56.697  50.593 0.0000000000
50235  -26.899  -56.553  49.443 0.0000000000
50240  -31.049  -56.707  48.787 0.0000000000
53956  -35.535  -53.230  49.216 0.0000000000
55150  -35.342  -53.084  48.115 0.0000000000
58800  -36.638  -50.094  49.165 0.0000000000
60018  -37.105  -48.869  50.418 0.0000000000
60052  -37.103  -48.943  49.183 0.0000000000
61353  -37.379  -48.175  49.572 0.0000000000
61366  -37.268  -48.122  48.929 0.0000000000
62626  -37.456  -47.450  49.296 0.0000000000
63800  -37.541  -45.892  50.081 0.0000000000
63809  -37.627  -45.864  49.466 0.0000000000
65058  -37.868  -45.111  49.217 0.0000000000
66212  -38.177  -44.186  49.257 0.0000000000
67561  -38.357  -43.443  50.014 0.0000000000
68869  -38.536  -42.643  50.024 0.0000000000
70075  -38.469  -41.562  49.551 0.0000000000
71349  -38.380  -40.635  49.453 0.0000000000
75511  -41.150  -37.791  46.502 0.0000000000
74053  -42.785  -38.616  48.479 0.0000000000
72649  -43.819  -39.914  48.428 0.0000000000
72663  -43.596  -40.211  47.983 0.0000000000
71358  -44.092  -40.902  47.993 0.0000000000
68919  -44.545  -42.700  47.409 0.0000000000
70087  -44.647  -41.944  47.816 0.0000000000
70104  -45.300  -41.653  47.670 0.0000000000
71360  -45.092  -40.793  48.283 0.0000000000
68920  -45.150  -42.619  47.739 0.0000000000
67608  -45.311  -43.450  47.212 0.0000000000
66272  -45.360  -44.320  46.533 0.0000000000
66290  -45.493  -44.332  45.672 0.0000000000
66308  -45.557  -44.465  44.633 0.0000000000
65121  -45.750  -45.439  44.243 0.0000000000
72718  -46.667  -39.242  44.534 0.0000000000
70138  -46.012  -41.072  45.110 0.0000000000
70148  -46.117  -41.315  44.005 0.0000000000
67658  -46.165  -43.208  42.381 0.0000000000
67657  -45.671  -43.098  43.131 0.0000000000
65131  -47.013  -45.489  42.521 0.0000000000
65132  -47.926  -45.447  42.098 0.0000000000
66348  -47.630  -43.828  41.433 0.0000000000
65143  -48.339  -45.277  41.487 0.0000000000
65155  -48.432  -44.921  40.893 0.0000000000
71440  -48.239  -39.891  41.767 0.0000000000
68982  -47.586  -41.928  41.425 0.0000000000
70180  -47.675  -40.871  41.287 0.0000000000
68993  -47.052  -42.445  40.467 0.0000000000
67696  -47.553  -43.186  40.717 0.0000000000
66368  -46.971  -44.205  40.388 0.0000000000
65153  -46.788  -45.120  40.397 0.0000000000
67719  -45.550  -43.594  39.600 0.0000000000
66387  -45.246  -44.558  39.409 0.0000000000
66410  -44.899  -45.169  39.141 0.0000000000
66386  -44.713  -44.189  39.086 0.0000000000
78398  -49.636  -35.376  39.349 0.0000000000
77084  -49.687  -35.587  39.948 0.0000000000
75621  -48.579  -37.028  40.174 0.0000000000
77082  -48.164  -36.679  39.546 0.0000000000
79704  -49.012  -34.357  37.377 0.0000000000
78432  -49.347  -34.508  37.949 0.0000000000
78430  -47.653  -35.376  37.617 0.0000000000
75666  -45.274  -37.466  38.154 0.0000000000
77103  -46.520  -36.826  38.616 0.0000000000
75667  -46.054  -37.135  38.572 0.0000000000
75643  -46.602  -37.221  39.190 0.0000000000
74206  -45.385  -38.310  39.295 0.0000000000
74205  -44.879  -38.782  39.267 0.0000000000
70207  -42.952  -41.149  37.966 0.0000000000
71460  -43.457  -40.988  38.442 0.0000000000
70197  -43.186  -41.810  38.334 0.0000000000
67741  -43.802  -43.692  38.407 0.0000000000
69037  -42.999  -43.148  38.070 0.0000000000
66428  -42.929  -44.568  37.597 0.0000000000
69036  -42.511  -42.565  37.495 0.0000000000
71474  -41.562  -41.074  36.070 0.0000000000
69045  -41.502  -42.279  36.042 0.0000000000
67794  -41.133  -43.576  35.139 0.0000000000
69054  -41.016  -42.653  35.316 0.0000000000
77171  -43.129  -36.467  34.650 0.0000000000
75702  -42.676  -38.027  35.164 0.0000000000
77170  -42.625  -36.965  34.483 0.0000000000
74271  -40.911  -38.784  33.567 0.0000000000
72835  -41.010  -39.071  34.003 0.0000000000
71510  -40.132  -40.650  33.739 0.0000000000
69061  -40.402  -42.356  33.894 0.0000000000
87157  -50.664  -28.414  32.837 0.0000000000
85895  -49.981  -29.132  33.350 0.0000000000
85912  -50.016  -29.093  32.297 0.0000000000
84729  -49.312  -30.563  30.755 0.0000000000
84709  -49.141  -30.108  31.230 0.0000000000
83598  -48.152  -32.132  30.716 0.0000000000
82331  -47.039  -32.169  30.854 0.0000000000
81126  -47.349  -33.111  30.653 0.0000000000
79814  -50.597  -34.400  32.097 0.0000000000
81098  -50.065  -33.834  31.583 0.0000000000
79813  -49.862  -34.901  31.857 0.0000000000
78531  -46.912  -35.753  31.551 0.0000000000
78530  -45.769  -35.599  31.537 0.0000000000
51471  -19.788  -56.306  47.030 0.0000000000
51554  -20.130  -56.029  43.635 0.0000000000
51589  -18.869  -56.566  42.316 0.0000000000
51611  -19.774  -56.211  39.833 0.0000000000
50340  -19.342  -56.945  40.077 0.0000000000
50341  -19.650  -56.955  39.268 0.0000000000
51513  -25.624  -55.719  45.290 0.0000000000
51512  -24.576  -55.877  45.270 0.0000000000
51594  -23.763  -55.306  41.715 0.0000000000
51604  -23.088  -54.867  40.976 0.0000000000
52880  -24.789  -54.727  37.508 0.0000000000
52855  -24.441  -54.787  38.018 0.0000000000
52879  -24.037  -54.742  37.090 0.0000000000
52877  -21.917  -54.948  36.650 0.0000000000
52853  -22.334  -54.902  37.614 0.0000000000
52833  -21.709  -55.147  38.342 0.0000000000
52820  -22.133  -55.019  39.252 0.0000000000
52819  -21.098  -55.328  39.133 0.0000000000
52832  -20.773  -55.585  38.149 0.0000000000
49180  -25.047  -58.390  32.576 0.0000000000
47981  -25.191  -59.066  32.698 0.0000000000
56414  -34.006  -52.488  45.456 0.0000000000
55203  -33.561  -53.193  45.002 0.0000000000
56436  -33.067  -52.486  44.387 0.0000000000
57644  -32.043  -51.702  42.043 0.0000000000
56474  -32.330  -52.608  42.340 0.0000000000
56488  -32.452  -52.829  41.422 0.0000000000
55221  -32.442  -53.376  41.982 0.0000000000
56503  -32.452  -52.832  40.834 0.0000000000
60223  -31.850  -49.692  37.902 0.0000000000
60206  -31.781  -49.800  39.009 0.0000000000
57773  -31.659  -51.287  37.169 0.0000000000
57759  -31.735  -51.545  37.902 0.0000000000
56554  -31.849  -51.888  38.368 0.0000000000
55265  -31.813  -52.607  39.194 0.0000000000
56553  -31.685  -52.169  37.895 0.0000000000
55296  -31.062  -52.799  38.325 0.0000000000
56583  -30.440  -52.382  35.678 0.0000000000
56602  -30.050  -52.744  34.708 0.0000000000
56582  -29.589  -52.608  35.483 0.0000000000
57855  -33.673  -51.745  30.925 0.0000000000
59091  -32.484  -51.134  30.641 0.0000000000
56671  -33.094  -52.550  30.662 0.0000000000
54197  -32.011  -54.277  31.462 0.0000000000
55401  -31.773  -53.406  30.911 0.0000000000
54196  -31.516  -53.871  31.712 0.0000000000
55375  -31.363  -53.340  32.909 0.0000000000
54172  -31.613  -54.457  33.266 0.0000000000
52917  -30.816  -55.409  34.223 0.0000000000
54153  -30.285  -54.493  34.115 0.0000000000
52916  -29.789  -55.563  34.056 0.0000000000
74090  -40.826  -38.062  45.927 0.0000000000
74126  -41.021  -38.796  44.577 0.0000000000
74127  -41.839  -38.754  44.717 0.0000000000
72716  -42.246  -39.264  44.157 0.0000000000
71405  -43.010  -40.760  43.878 0.0000000000
70146  -43.266  -41.729  43.355 0.0000000000
71406  -43.575  -41.071  44.650 0.0000000000
61551  -46.875  -48.478  37.294 0.0000000000
61573  -46.582  -48.340  36.480 0.0000000000
61594  -46.087  -48.116  35.859 0.0000000000
62867  -45.421  -47.471  35.606 0.0000000000
64030  -44.292  -46.972  36.167 0.0000000000
65202  -43.153  -46.083  36.153 0.0000000000
52740  -32.891  -55.669  46.344 0.0000000000
52751  -33.348  -54.966  45.759 0.0000000000
53993  -33.323  -54.165  44.753 0.0000000000
58968  -46.567  -50.674  37.455 0.0000000000
58864  -47.847  -51.064  43.679 0.0000000000
57624  -48.153  -52.069  43.577 0.0000000000
58881  -48.428  -50.979  42.837 0.0000000000
58898  -48.955  -50.782  42.017 0.0000000000
58882  -48.713  -50.189  42.346 0.0000000000
63840  -37.476  -45.802  46.786 0.0000000000
63855  -37.484  -45.477  46.093 0.0000000000
64006  -40.309  -46.801  38.100 0.0000000000
62821  -40.067  -47.400  38.268 0.0000000000
61532  -39.406  -48.530  38.668 0.0000000000
58940  -38.653  -50.631  38.873 0.0000000000
58923  -38.828  -50.572  39.887 0.0000000000
56504  -38.832  -51.887  40.189 0.0000000000
84650  -50.378  -30.783  35.810 0.0000000000
82234  -49.658  -32.085  35.949 0.0000000000
83505  -49.761  -31.301  35.589 0.0000000000
82262  -49.018  -31.802  35.267 0.0000000000
82261  -48.124  -32.328  34.890 0.0000000000
82260  -47.090  -32.548  34.198 0.0000000000
83546  -48.182  -31.127  33.899 0.0000000000
84680  -48.440  -30.520  33.422 0.0000000000
50271  -23.451  -56.523  47.751 0.0000000000
54104  -26.924  -53.725  36.072 0.0000000000
55348  -26.700  -53.729  34.653 0.0000000000
54149  -26.438  -53.983  33.992 0.0000000000
54168  -26.720  -54.756  33.127 0.0000000000
52948  -26.403  -55.701  32.809 0.0000000000
51701  -28.454  -56.540  33.714 0.0000000000
62862  -33.563  -47.160  35.453 0.0000000000
62879  -33.313  -47.040  34.324 0.0000000000
62896  -33.210  -47.061  33.232 0.0000000000
62907  -32.940  -47.553  32.515 0.0000000000
58860  -43.307  -50.382  43.556 0.0000000000
61426  -44.722  -48.423  45.413 0.0000000000
62676  -44.823  -47.427  45.812 0.0000000000
61407  -45.151  -48.317  45.704 0.0000000000
60107  -46.031  -49.320  45.488 0.0000000000
61408  -45.670  -48.383  45.586 0.0000000000
62678  -45.905  -47.567  45.520 0.0000000000
70101  -38.343  -41.795  46.998 0.0000000000
68926  -38.346  -42.219  46.478 0.0000000000
70134  -38.675  -40.933  44.303 0.0000000000
71428  -41.303  -40.620  41.987 0.0000000000
71427  -40.493  -40.393  42.089 0.0000000000
70169  -41.770  -41.591  41.137 0.0000000000
68978  -41.638  -41.794  40.737 0.0000000000
67693  -41.830  -43.525  39.847 0.0000000000
65162  -41.817  -45.288  39.822 0.0000000000
62755  -40.952  -47.643  40.357 0.0000000000
62756  -41.480  -47.202  40.678 0.0000000000
62739  -41.893  -47.520  41.606 0.0000000000
63903  -43.387  -46.664  42.837 0.0000000000
62721  -42.673  -47.647  42.573 0.0000000000
62706  -42.851  -48.149  43.055 0.0000000000
61442  -42.752  -48.734  43.379 0.0000000000
58859  -42.487  -50.126  43.243 0.0000000000
50276  -28.508  -56.480  47.670 0.0000000000
50295  -27.915  -56.281  46.971 0.0000000000
50296  -28.716  -56.490  46.903 0.0000000000
51516  -28.969  -56.320  45.599 0.0000000000
51539  -29.328  -56.152  44.399 0.0000000000
52771  -30.946  -55.293  43.226 0.0000000000
52770  -30.373  -55.422  43.059 0.0000000000
52805  -30.247  -54.909  41.874 0.0000000000
54031  -29.862  -54.696  41.156 0.0000000000
54046  -29.128  -54.644  40.477 0.0000000000
54059  -29.368  -53.944  39.370 0.0000000000
55262  -30.038  -53.561  39.197 0.0000000000
55278  -29.724  -53.074  38.472 0.0000000000
58912  -46.611  -50.911  41.034 0.0000000000
57724  -48.172  -52.346  39.880 0.0000000000
55269  -49.641  -54.241  40.970 0.0000000000
56525  -49.268  -53.540  39.979 0.0000000000
56526  -49.872  -54.216  39.870 0.0000000000
60200  -49.776  -49.714  40.397 0.0000000000
58929  -50.196  -51.096  39.274 0.0000000000
61536  -49.558  -49.079  39.319 0.0000000000
61535  -48.904  -48.835  38.803 0.0000000000
57579  -35.670  -50.974  47.841 0.0000000000
57587  -35.194  -51.308  47.016 0.0000000000
58828  -35.551  -50.353  47.303 0.0000000000
60086  -35.510  -49.670  46.679 0.0000000000
60103  -35.405  -49.251  45.952 0.0000000000
62705  -35.796  -46.904  43.443 0.0000000000
62771  -34.526  -47.165  39.536 0.0000000000
62772  -35.024  -46.769  39.713 0.0000000000
63980  -35.375  -46.253  38.787 0.0000000000
64004  -35.223  -46.077  37.751 0.0000000000
67638  -37.900  -42.994  43.361 0.0000000000
66344  -37.793  -43.438  41.889 0.0000000000
67671  -37.756  -43.507  41.405 0.0000000000
67713  -37.597  -43.365  39.789 0.0000000000
65214  -38.594  -45.352  35.806 0.0000000000
65213  -37.804  -45.027  35.333 0.0000000000
65212  -36.764  -44.843  35.420 0.0000000000
64062  -37.782  -46.548  34.475 0.0000000000
58910  -40.659  -50.438  41.233 0.0000000000
55129  -35.849  -52.434  49.799 0.0000000000
56320  -35.770  -52.337  50.482 0.0000000000
61342  -37.429  -47.331  50.680 0.0000000000
62612  -37.464  -47.472  49.804 0.0000000000
62601  -37.468  -46.773  50.719 0.0000000000
70061  -38.569  -42.355  50.465 0.0000000000
74035  -42.450  -37.820  49.203 0.0000000000
74036  -42.996  -38.375  49.178 0.0000000000
72638  -43.734  -39.060  48.824 0.0000000000
71372  -45.452  -40.682  47.548 0.0000000000
68938  -45.523  -42.271  46.266 0.0000000000
68947  -45.572  -42.515  45.477 0.0000000000
71408  -47.020  -39.693  44.180 0.0000000000
71417  -46.717  -40.647  43.877 0.0000000000
70159  -46.550  -41.428  43.175 0.0000000000
66347  -46.869  -43.669  41.762 0.0000000000
66327  -47.330  -44.627  41.904 0.0000000000
67675  -46.802  -42.771  41.929 0.0000000000
67677  -47.700  -43.005  41.148 0.0000000000
70178  -47.129  -41.705  40.530 0.0000000000
69011  -46.354  -42.560  40.222 0.0000000000
67720  -46.267  -43.448  40.107 0.0000000000
70185  -45.747  -41.808  39.942 0.0000000000
70184  -45.119  -42.087  39.495 0.0000000000
79679  -50.863  -33.608  39.295 0.0000000000
78416  -50.176  -34.696  38.916 0.0000000000
78415  -49.333  -34.991  38.585 0.0000000000
78444  -46.631  -35.260  36.691 0.0000000000
78429  -46.706  -35.764  37.503 0.0000000000
77141  -46.088  -35.793  37.108 0.0000000000
74218  -44.447  -38.369  38.075 0.0000000000
72776  -44.063  -39.387  38.580 0.0000000000
72786  -43.929  -38.931  37.867 0.0000000000
72785  -43.397  -39.363  37.422 0.0000000000
71467  -42.468  -40.861  37.405 0.0000000000
71475  -42.040  -40.396  36.511 0.0000000000
71487  -41.964  -39.736  35.875 0.0000000000
77189  -42.991  -36.013  33.490 0.0000000000
77188  -42.469  -36.732  33.915 0.0000000000
75741  -42.073  -37.219  33.368 0.0000000000
75756  -41.714  -37.616  32.824 0.0000000000
74283  -40.646  -38.685  32.843 0.0000000000
87175  -51.622  -27.951  32.308 0.0000000000
85926  -51.056  -29.629  31.164 0.0000000000
85945  -50.792  -30.302  30.898 0.0000000000
83600  -49.745  -31.455  30.633 0.0000000000
78533  -49.433  -35.973  31.946 0.0000000000
50267  -19.186  -56.556  47.725 0.0000000000
51531  -20.868  -55.896  44.519 0.0000000000
51590  -19.379  -56.258  41.807 0.0000000000
51560  -26.319  -55.696  43.364 0.0000000000
51559  -25.249  -55.642  43.407 0.0000000000
51582  -25.527  -55.605  42.444 0.0000000000
51595  -24.772  -55.360  41.624 0.0000000000
54125  -23.040  -54.701  35.541 0.0000000000
52902  -23.481  -54.771  36.264 0.0000000000
52900  -21.795  -55.105  35.542 0.0000000000
52876  -21.107  -55.780  36.466 0.0000000000
49145  -21.767  -58.171  34.348 0.0000000000
47961  -22.535  -59.291  33.447 0.0000000000
46789  -23.663  -59.830  32.791 0.0000000000
58857  -33.164  -50.820  44.194 0.0000000000
57620  -32.807  -51.670  43.881 0.0000000000
57670  -32.046  -51.746  41.211 0.0000000000
60266  -31.517  -49.506  36.004 0.0000000000
58960  -31.499  -50.348  36.685 0.0000000000
58983  -31.619  -50.886  36.746 0.0000000000
57772  -31.485  -51.437  36.532 0.0000000000
56569  -31.429  -52.098  37.000 0.0000000000
51702  -32.641  -56.197  33.245 0.0000000000
52935  -31.920  -55.216  33.360 0.0000000000
63870  -44.034  -47.047  44.249 0.0000000000
65110  -44.334  -46.376  45.145 0.0000000000
65101  -44.360  -46.263  45.494 0.0000000000
65100  -44.249  -45.597  45.734 0.0000000000
65088  -44.534  -45.851  46.154 0.0000000000
72678  -38.612  -39.321  46.507 0.0000000000
72730  -40.416  -39.691  43.143 0.0000000000
72731  -41.039  -39.573  43.258 0.0000000000
67673  -42.910  -43.451  41.495 0.0000000000
66345  -42.955  -44.633  41.587 0.0000000000
67674  -43.249  -43.992  41.809 0.0000000000
66346  -43.310  -44.350  42.058 0.0000000000
63886  -43.762  -46.780  43.616 0.0000000000
62883  -45.513  -47.149  35.036 0.0000000000
50299  -30.745  -56.646  47.202 0.0000000000
50308  -30.149  -56.558  46.198 0.0000000000
51541  -31.389  -55.832  44.330 0.0000000000
51542  -32.010  -55.666  44.573 0.0000000000
52772  -31.584  -55.262  43.565 0.0000000000
52791  -31.253  -54.831  42.725 0.0000000000
54033  -31.595  -54.146  41.306 0.0000000000
55236  -48.749  -53.564  42.544 0.0000000000
56460  -48.326  -52.843  43.403 0.0000000000
55223  -49.018  -53.610  42.607 0.0000000000
55237  -49.193  -53.881  42.110 0.0000000000
55251  -49.512  -54.138  41.595 0.0000000000
55252  -50.059  -54.228  41.241 0.0000000000
55253  -50.394  -54.257  40.525 0.0000000000
56509  -50.205  -53.695  40.803 0.0000000000
57726  -49.630  -51.705  40.550 0.0000000000
62758  -49.004  -47.657  40.667 0.0000000000
61377  -36.611  -48.315  47.872 0.0000000000
61392  -36.460  -48.330  47.198 0.0000000000
63868  -36.599  -46.608  45.272 0.0000000000
69023  -39.374  -42.699  38.544 0.0000000000
69022  -38.845  -42.566  38.713 0.0000000000
69035  -39.123  -42.777  38.011 0.0000000000
66441  -39.355  -44.763  36.732 0.0000000000
64005  -40.027  -46.251  37.449 0.0000000000
64027  -39.158  -46.220  36.361 0.0000000000
62845  -38.750  -47.333  36.452 0.0000000000
61571  -38.463  -48.268  36.258 0.0000000000
58963  -38.567  -50.830  37.833 0.0000000000
60211  -42.047  -49.368  39.722 0.0000000000
60228  -42.344  -49.300  38.655 0.0000000000
60248  -42.560  -49.311  37.540 0.0000000000
74142  -48.229  -38.114  43.345 0.0000000000
71419  -47.955  -39.461  43.080 0.0000000000
71431  -48.032  -39.934  42.563 0.0000000000
74157  -49.416  -38.113  41.976 0.0000000000
72744  -49.107  -38.485  41.691 0.0000000000
72750  -48.627  -38.845  41.469 0.0000000000
72759  -48.112  -38.828  41.118 0.0000000000
72758  -47.565  -39.237  40.849 0.0000000000
74180  -46.978  -38.565  40.474 0.0000000000
82197  -50.917  -32.397  37.487 0.0000000000
80974  -50.472  -33.300  37.864 0.0000000000
80994  -49.467  -33.371  36.965 0.0000000000
79719  -48.702  -34.013  36.693 0.0000000000
81014  -48.439  -33.406  36.022 0.0000000000
79718  -47.905  -34.331  36.484 0.0000000000
79717  -47.151  -34.548  36.229 0.0000000000
77156  -44.531  -36.327  35.936 0.0000000000
78457  -44.646  -35.748  35.525 0.0000000000
78473  -44.610  -35.101  34.829 0.0000000000
78492  -44.343  -34.752  33.946 0.0000000000
82259  -46.541  -32.716  34.003 0.0000000000
79767  -45.154  -33.932  33.851 0.0000000000
79766  -44.602  -34.155  33.397 0.0000000000
79765  -43.864  -34.707  33.259 0.0000000000
79785  -44.251  -34.498  32.344 0.0000000000
79808  -44.430  -34.925  31.687 0.0000000000
83582  -52.509  -31.552  32.000 0.0000000000
83581  -51.937  -31.631  31.656 0.0000000000
82336  -52.379  -32.107  32.171 0.0000000000
81100  -51.483  -33.664  32.266 0.0000000000
79788  -50.769  -35.105  32.415 0.0000000000
50268  -20.329  -56.504  47.883 0.0000000000
51473  -21.414  -56.424  47.277 0.0000000000
51486  -21.424  -56.193  46.529 0.0000000000
51509  -21.618  -55.970  45.420 0.0000000000
51532  -21.859  -55.814  44.464 0.0000000000
51579  -22.381  -55.490  42.588 0.0000000000
52823  -26.066  -55.342  39.518 0.0000000000
51615  -25.421  -55.287  39.445 0.0000000000
52857  -25.891  -54.961  38.420 0.0000000000
54085  -25.239  -54.697  37.536 0.0000000000
54127  -25.180  -54.367  35.474 0.0000000000
54126  -24.062  -54.684  35.659 0.0000000000
54165  -23.719  -54.600  33.902 0.0000000000
51714  -24.263  -56.576  32.286 0.0000000000
50442  -25.505  -57.444  32.562 0.0000000000
50443  -26.314  -57.477  32.945 0.0000000000
61495  -32.474  -48.987  40.662 0.0000000000
61513  -32.446  -48.855  39.592 0.0000000000
61529  -32.397  -48.663  38.424 0.0000000000
61570  -31.888  -48.601  36.409 0.0000000000
62842  -32.642  -47.845  36.182 0.0000000000
61590  -32.018  -48.261  35.613 0.0000000000
61569  -31.630  -48.817  35.964 0.0000000000
61589  -31.523  -48.821  35.312 0.0000000000
61621  -31.289  -49.051  33.117 0.0000000000
60350  -31.023  -49.849  32.458 0.0000000000
60214  -45.175  -49.848  39.303 0.0000000000
57647  -46.675  -52.098  43.137 0.0000000000
57622  -46.740  -52.128  44.299 0.0000000000
57603  -47.050  -51.557  44.661 0.0000000000
58838  -46.239  -49.939  45.443 0.0000000000
60143  -46.905  -49.123  44.108 0.0000000000
61444  -47.088  -48.502  43.699 0.0000000000
66231  -38.237  -43.867  47.759 0.0000000000
66248  -37.802  -44.206  46.389 0.0000000000
66249  -38.164  -43.719  46.976 0.0000000000
66270  -38.021  -43.545  46.236 0.0000000000
67626  -37.733  -42.999  44.482 0.0000000000
67627  -37.761  -42.541  44.885 0.0000000000
71396  -38.813  -40.083  44.988 0.0000000000
71426  -39.884  -40.537  41.939 0.0000000000
70156  -39.280  -40.862  42.253 0.0000000000
68977  -39.088  -41.543  41.512 0.0000000000
69006  -39.631  -42.440  39.223 0.0000000000
67715  -40.137  -42.758  38.888 0.0000000000
67739  -40.574  -43.743  38.484 0.0000000000
66407  -41.190  -44.612  38.777 0.0000000000
65173  -40.956  -45.375  38.566 0.0000000000
62796  -40.437  -47.304  38.727 0.0000000000
60208  -39.408  -49.554  40.131 0.0000000000
58908  -39.299  -50.254  40.697 0.0000000000
60193  -39.615  -49.692  41.027 0.0000000000
60179  -40.067  -49.727  41.506 0.0000000000
58893  -41.027  -50.362  41.764 0.0000000000
60182  -41.535  -50.168  41.444 0.0000000000
63939  -42.494  -46.039  41.379 0.0000000000
63921  -42.521  -46.583  41.609 0.0000000000
62720  -41.937  -48.050  42.263 0.0000000000
58875  -41.383  -50.169  42.401 0.0000000000
58894  -41.624  -50.250  42.048 0.0000000000
60184  -43.313  -49.694  41.501 0.0000000000
87144  -51.275  -27.856  34.592 0.0000000000
87158  -51.272  -27.770  33.480 0.0000000000
88429  -52.501  -26.959  33.667 0.0000000000
87176  -52.806  -28.443  32.132 0.0000000000
85913  -53.008  -29.325  32.039 0.0000000000
89686  -54.119  -26.509  33.301 0.0000000000
88431  -53.967  -27.359  33.060 0.0000000000
85896  -53.916  -29.121  32.605 0.0000000000
84695  -53.073  -30.153  32.191 0.0000000000
84696  -53.752  -30.455  32.641 0.0000000000
83564  -54.056  -31.444  32.950 0.0000000000
83547  -54.463  -32.126  33.069 0.0000000000
83565  -54.846  -31.325  32.863 0.0000000000
81053  -54.202  -32.900  32.917 0.0000000000
50293  -25.896  -56.273  47.008 0.0000000000
51491  -26.299  -55.880  46.209 0.0000000000
51583  -26.601  -55.602  42.337 0.0000000000
51517  -29.940  -56.487  45.328 0.0000000000
51586  -29.442  -55.552  42.630 0.0000000000
51585  -28.905  -55.652  42.600 0.0000000000
52801  -27.441  -55.393  40.980 0.0000000000
52813  -26.442  -55.396  40.049 0.0000000000
52824  -26.737  -55.259  39.634 0.0000000000
54087  -27.203  -53.943  37.359 0.0000000000
54088  -27.894  -53.509  37.692 0.0000000000
55310  -27.624  -53.311  36.660 0.0000000000
55330  -28.118  -53.082  35.308 0.0000000000
61634  -34.999  -48.464  32.384 0.0000000000
58969  -47.135  -50.854  37.238 0.0000000000
57777  -47.768  -50.986  36.642 0.0000000000
57747  -48.714  -52.558  39.095 0.0000000000
57764  -48.859  -52.066  37.818 0.0000000000
61553  -48.558  -48.984  37.976 0.0000000000
61552  -47.741  -48.733  37.580 0.0000000000
62824  -46.217  -48.245  37.857 0.0000000000
62797  -45.584  -47.670  38.292 0.0000000000
55169  -34.557  -53.550  47.024 0.0000000000
55183  -34.473  -53.480  46.377 0.0000000000
55184  -34.668  -52.858  46.939 0.0000000000
56393  -34.454  -52.528  46.216 0.0000000000
57592  -34.207  -51.636  45.780 0.0000000000
58844  -33.592  -50.805  44.881 0.0000000000
60119  -33.562  -50.142  44.449 0.0000000000
60138  -33.257  -49.999  43.750 0.0000000000
61457  -32.980  -48.969  42.208 0.0000000000
61391  -36.128  -48.655  46.582 0.0000000000
61423  -34.969  -48.574  44.627 0.0000000000
62704  -35.366  -47.746  43.855 0.0000000000
61439  -34.211  -48.869  43.725 0.0000000000
61478  -33.047  -48.632  41.467 0.0000000000
61496  -33.372  -48.110  40.243 0.0000000000
62792  -33.562  -47.450  38.385 0.0000000000
62793  -34.483  -46.878  38.574 0.0000000000
62818  -33.947  -46.907  37.614 0.0000000000
62844  -33.719  -47.022  36.886 0.0000000000
62863  -33.899  -46.855  36.186 0.0000000000
65108  -37.543  -44.453  44.788 0.0000000000
65117  -37.279  -44.798  43.989 0.0000000000
66305  -37.360  -44.281  43.375 0.0000000000
65127  -36.957  -44.974  43.034 0.0000000000
65139  -36.535  -45.253  42.210 0.0000000000
65150  -36.267  -45.174  40.989 0.0000000000
67714  -38.155  -42.816  39.245 0.0000000000
67778  -37.890  -43.787  37.163 0.0000000000
67757  -37.568  -43.697  37.739 0.0000000000
66384  -37.044  -43.967  39.375 0.0000000000
66403  -36.573  -44.733  39.022 0.0000000000
65161  -36.059  -45.342  39.763 0.0000000000
65183  -35.724  -45.800  38.032 0.0000000000
65197  -35.618  -45.557  37.054 0.0000000000
65211  -35.485  -45.521  35.717 0.0000000000
65232  -35.350  -45.691  34.689 0.0000000000
64085  -35.552  -46.621  33.383 0.0000000000
62898  -35.429  -47.473  32.865 0.0000000000
60227  -41.397  -49.681  38.891 0.0000000000
74092  -42.892  -38.954  46.534 0.0000000000
74071  -42.139  -37.948  47.826 0.0000000000
50231  -22.852  -56.781  49.598 0.0000000000
50232  -23.879  -56.759  49.552 0.0000000000
50254  -25.184  -56.697  48.640 0.0000000000
50233  -24.890  -56.671  49.510 0.0000000000
50236  -27.945  -56.483  49.415 0.0000000000
50258  -29.230  -56.586  48.370 0.0000000000
50259  -29.999  -56.669  48.465 0.0000000000
50279  -30.303  -56.614  47.826 0.0000000000
50280  -30.884  -56.650  47.889 0.0000000000
51462  -31.539  -56.555  48.168 0.0000000000
51476  -33.270  -55.687  47.729 0.0000000000
52732  -34.115  -55.130  47.549 0.0000000000
52725  -35.167  -54.249  48.331 0.0000000000
53967  -34.774  -53.996  47.484 0.0000000000
53968  -35.216  -53.695  47.921 0.0000000000
56350  -35.293  -52.686  47.804 0.0000000000
56351  -35.568  -52.177  48.147 0.0000000000
55152  -35.846  -52.482  49.282 0.0000000000
56352  -36.126  -51.740  48.833 0.0000000000
57569  -35.885  -51.104  48.276 0.0000000000
58809  -36.303  -50.214  48.414 0.0000000000
60050  -36.570  -49.561  48.545 0.0000000000
58801  -36.782  -49.677  49.403 0.0000000000
60051  -36.825  -49.250  48.837 0.0000000000
60068  -36.674  -48.868  48.316 0.0000000000
61378  -36.891  -47.979  48.352 0.0000000000
63808  -37.554  -46.624  49.072 0.0000000000
63817  -37.424  -46.473  48.483 0.0000000000
65065  -37.683  -45.639  48.405 0.0000000000
66191  -38.053  -44.377  50.637 0.0000000000
66201  -38.065  -44.247  49.995 0.0000000000
66221  -38.240  -44.023  48.507 0.0000000000
67589  -38.437  -43.318  48.400 0.0000000000
68905  -38.549  -42.621  48.263 0.0000000000
68887  -38.525  -42.234  49.671 0.0000000000
68904  -38.539  -42.092  48.919 0.0000000000
68916  -38.527  -41.951  48.188 0.0000000000
71369  -38.358  -40.214  47.621 0.0000000000
72636  -38.360  -39.546  49.272 0.0000000000
72647  -38.330  -39.375  48.261 0.0000000000
72661  -38.368  -39.311  47.340 0.0000000000
72680  -43.412  -39.879  46.441 0.0000000000
71370  -43.579  -40.317  46.956 0.0000000000
70102  -44.290  -41.882  47.060 0.0000000000
72648  -43.274  -39.403  48.139 0.0000000000
71371  -43.857  -40.762  47.411 0.0000000000
68928  -44.448  -42.994  47.025 0.0000000000
66232  -44.838  -43.857  47.354 0.0000000000
74037  -43.685  -38.522  48.997 0.0000000000
68907  -44.898  -42.692  48.025 0.0000000000
67599  -45.006  -43.332  47.704 0.0000000000
65102  -45.237  -45.239  46.379 0.0000000000
63872  -45.554  -45.934  45.722 0.0000000000
63873  -45.960  -46.753  45.215 0.0000000000
65120  -45.542  -45.238  45.220 0.0000000000
63888  -46.113  -46.563  44.015 0.0000000000
63889  -46.786  -46.913  43.311 0.0000000000
70128  -45.838  -40.986  45.928 0.0000000000
70137  -45.696  -41.802  44.876 0.0000000000
68958  -45.529  -42.568  44.476 0.0000000000
68959  -45.598  -42.066  43.854 0.0000000000
68969  -45.556  -42.685  43.658 0.0000000000
67640  -45.479  -43.557  43.920 0.0000000000
63904  -46.615  -46.244  43.040 0.0000000000
62709  -47.309  -47.563  43.199 0.0000000000
62723  -48.135  -47.442  42.678 0.0000000000
62724  -48.948  -47.494  42.307 0.0000000000
63907  -49.134  -46.890  41.843 0.0000000000
63923  -49.263  -46.984  41.323 0.0000000000
63943  -49.269  -47.315  40.964 0.0000000000
68994  -47.526  -42.329  40.753 0.0000000000
67697  -47.783  -43.132  40.948 0.0000000000
66370  -48.037  -43.849  40.880 0.0000000000
63941  -47.392  -46.141  40.390 0.0000000000
63962  -47.291  -47.073  40.073 0.0000000000
63961  -46.320  -46.395  39.810 0.0000000000
66388  -46.127  -44.349  40.018 0.0000000000
65164  -46.057  -45.283  39.930 0.0000000000
63960  -45.388  -46.436  39.256 0.0000000000
65177  -44.679  -45.852  38.825 0.0000000000
75622  -49.083  -36.934  40.415 0.0000000000
75596  -47.611  -37.860  40.382 0.0000000000
79706  -50.238  -33.911  38.056 0.0000000000
77125  -47.069  -35.948  38.129 0.0000000000
78413  -47.754  -35.872  38.458 0.0000000000
77105  -48.325  -36.111  39.037 0.0000000000
75644  -47.309  -37.093  39.463 0.0000000000
74197  -46.512  -38.126  40.096 0.0000000000
72767  -45.583  -39.666  40.084 0.0000000000
71451  -44.923  -41.166  39.640 0.0000000000
71461  -44.049  -40.562  39.060 0.0000000000
70198  -44.108  -41.918  39.097 0.0000000000
69026  -44.274  -43.113  38.929 0.0000000000
67742  -44.442  -43.858  38.840 0.0000000000
65176  -43.806  -45.519  38.039 0.0000000000
65175  -43.259  -45.078  37.773 0.0000000000
65188  -43.038  -45.499  37.044 0.0000000000
65187  -42.416  -45.057  36.516 0.0000000000
69046  -42.006  -42.893  36.744 0.0000000000
67780  -42.075  -43.809  36.619 0.0000000000
66443  -41.844  -44.567  36.039 0.0000000000
66460  -41.956  -45.118  35.288 0.0000000000
66459  -41.486  -44.450  34.968 0.0000000000
75703  -43.252  -37.516  35.493 0.0000000000
72808  -42.076  -39.113  35.444 0.0000000000
72807  -41.733  -39.640  35.381 0.0000000000
75722  -41.751  -38.068  34.228 0.0000000000
72820  -41.366  -39.396  34.687 0.0000000000
71499  -41.058  -40.448  34.782 0.0000000000
69053  -40.623  -42.120  34.712 0.0000000000
85910  -48.722  -29.996  33.032 0.0000000000
84694  -48.362  -30.370  32.484 0.0000000000
85924  -49.313  -29.694  31.728 0.0000000000
84708  -48.497  -30.522  31.483 0.0000000000
83562  -47.445  -31.137  32.219 0.0000000000
83577  -46.900  -31.914  31.235 0.0000000000
81094  -45.743  -33.604  31.274 0.0000000000
79809  -45.006  -34.512  31.507 0.0000000000
83580  -50.876  -31.619  31.265 0.0000000000
82364  -50.216  -31.963  30.801 0.0000000000
82332  -49.019  -33.320  31.088 0.0000000000
79812  -48.671  -35.035  31.522 0.0000000000
81096  -48.091  -34.169  30.912 0.0000000000
79810  -46.279  -34.719  31.279 0.0000000000
77227  -44.004  -36.146  31.653 0.0000000000
51470  -18.980  -56.399  46.840 0.0000000000
51507  -19.638  -56.193  45.414 0.0000000000
49057  -18.788  -58.014  41.232 0.0000000000
50338  -18.949  -56.978  40.906 0.0000000000
51534  -23.892  -55.688  44.388 0.0000000000
51558  -24.200  -55.607  43.453 0.0000000000
51557  -23.157  -55.613  43.484 0.0000000000
51624  -24.869  -55.153  39.221 0.0000000000
51623  -24.515  -54.918  39.584 0.0000000000
52822  -23.962  -54.743  39.789 0.0000000000
52854  -23.445  -54.724  37.838 0.0000000000
52821  -23.146  -54.679  39.483 0.0000000000
52810  -22.551  -54.827  40.122 0.0000000000
51603  -21.980  -55.020  40.798 0.0000000000
51612  -20.130  -56.001  38.947 0.0000000000
51622  -20.354  -56.403  37.925 0.0000000000
51640  -20.483  -56.569  37.424 0.0000000000
50366  -20.467  -57.305  37.444 0.0000000000
49179  -24.047  -58.402  32.284 0.0000000000
53985  -34.300  -54.048  45.941 0.0000000000
53994  -33.847  -53.875  45.446 0.0000000000
56457  -32.581  -52.580  43.477 0.0000000000
54018  -32.464  -54.049  42.573 0.0000000000
54034  -32.221  -53.888  41.666 0.0000000000
54049  -31.668  -53.672  40.582 0.0000000000
58906  -31.917  -51.031  40.552 0.0000000000
57696  -31.989  -51.967  40.578 0.0000000000
58939  -31.488  -50.938  38.523 0.0000000000
57718  -31.702  -51.555  39.192 0.0000000000
57719  -31.862  -51.793  39.755 0.0000000000
55249  -32.087  -53.141  40.111 0.0000000000
55248  -31.480  -53.497  40.040 0.0000000000
55279  -30.903  -52.956  38.539 0.0000000000
56537  -30.595  -52.704  38.094 0.0000000000
56551  -30.139  -52.503  37.515 0.0000000000
56568  -30.777  -52.326  36.722 0.0000000000
56550  -29.375  -52.529  37.141 0.0000000000
56600  -28.757  -53.144  34.669 0.0000000000
55351  -28.947  -53.609  34.319 0.0000000000
61633  -34.246  -48.335  31.960 0.0000000000
61648  -33.620  -48.748  31.594 0.0000000000
60373  -33.515  -49.612  31.309 0.0000000000
61647  -32.849  -48.781  31.453 0.0000000000
61646  -32.023  -49.050  31.391 0.0000000000
60370  -31.272  -50.028  31.508 0.0000000000
59058  -30.678  -50.610  32.084 0.0000000000
56670  -32.310  -52.492  30.533 0.0000000000
56656  -31.056  -52.373  31.320 0.0000000000
57835  -30.554  -51.710  32.369 0.0000000000
56622  -30.652  -52.164  33.105 0.0000000000
55353  -30.566  -53.447  34.116 0.0000000000
55352  -29.768  -53.601  34.288 0.0000000000
54171  -29.110  -55.110  33.728 0.0000000000
52933  -28.988  -55.720  33.821 0.0000000000
46778  -24.103  -60.435  32.963 0.0000000000
46788  -23.284  -59.653  32.899 0.0000000000
47962  -22.941  -59.290  32.919 0.0000000000
49144  -21.495  -58.059  35.033 0.0000000000
49160  -22.603  -58.831  33.000 0.0000000000
49161  -25.635  -58.781  32.871 0.0000000000
50261  -30.959  -56.675  48.338 0.0000000000
50309  -30.644  -56.604  46.525 0.0000000000
50382  -20.610  -57.031  36.912 0.0000000000
51484  -19.283  -56.297  46.195 0.0000000000
51494  -28.869  -56.458  46.361 0.0000000000
51565  -31.168  -55.539  43.695 0.0000000000
51598  -27.530  -55.457  41.438 0.0000000000
51608  -26.530  -55.443  40.475 0.0000000000
51613  -24.470  -54.920  40.195 0.0000000000
51614  -25.036  -55.158  39.893 0.0000000000
51625  -25.184  -55.273  39.024 0.0000000000
51658  -20.589  -56.615  37.077 0.0000000000
51699  -26.769  -56.561  33.101 0.0000000000
52716  -35.142  -54.370  48.699 0.0000000000
52742  -34.142  -54.514  46.603 0.0000000000
52760  -31.986  -55.429  44.176 0.0000000000
52762  -33.182  -54.909  45.121 0.0000000000
52790  -30.605  -55.111  42.563 0.0000000000
52803  -28.866  -55.276  41.460 0.0000000000
52804  -29.545  -55.107  41.594 0.0000000000
52811  -23.477  -54.741  40.271 0.0000000000
52812  -24.017  -54.814  40.293 0.0000000000
52814  -27.033  -55.388  40.369 0.0000000000
52815  -27.769  -55.206  40.569 0.0000000000
52837  -25.576  -55.214  38.862 0.0000000000
52838  -26.383  -55.095  38.942 0.0000000000
52839  -27.019  -55.008  39.246 0.0000000000
52856  -25.266  -54.897  38.117 0.0000000000
52930  -25.216  -55.337  32.798 0.0000000000
52936  -32.269  -55.409  32.897 0.0000000000
52946  -24.798  -55.842  32.520 0.0000000000
53944  -35.597  -52.861  49.863 0.0000000000
53954  -35.173  -54.129  48.038 0.0000000000
54030  -29.422  -54.858  41.093 0.0000000000
54129  -26.905  -53.628  35.412 0.0000000000
54170  -28.672  -54.976  33.566 0.0000000000
54173  -31.887  -54.997  33.011 0.0000000000
54184  -25.569  -55.213  32.798 0.0000000000
54185  -25.983  -55.159  32.770 0.0000000000
54186  -31.496  -54.068  32.252 0.0000000000
55234  -32.025  -53.624  40.947 0.0000000000
55235  -32.400  -53.261  41.045 0.0000000000
55238  -49.689  -53.973  41.881 0.0000000000
55280  -31.524  -52.562  38.568 0.0000000000
55281  -31.811  -52.362  38.792 0.0000000000
55297  -31.310  -52.474  38.032 0.0000000000
55328  -26.905  -53.589  35.020 0.0000000000
55374  -31.023  -53.018  32.554 0.0000000000
55385  -30.844  -52.854  32.250 0.0000000000
55386  -31.148  -53.275  31.789 0.0000000000
55387  -31.606  -53.720  31.450 0.0000000000
55400  -31.324  -52.864  31.108 0.0000000000
56437  -33.553  -52.316  44.945 0.0000000000
56458  -47.381  -52.461  44.105 0.0000000000
56473  -32.183  -52.313  41.576 0.0000000000
56477  -48.732  -53.177  42.927 0.0000000000
56490  -49.107  -54.007  41.741 0.0000000000
56502  -32.201  -52.544  40.324 0.0000000000
56524  -48.649  -53.014  40.060 0.0000000000
56538  -30.962  -52.726  38.115 0.0000000000
56539  -31.834  -52.190  38.498 0.0000000000
56540  -31.999  -52.154  38.902 0.0000000000
56642  -30.736  -52.484  32.710 0.0000000000
56643  -31.055  -52.870  32.957 0.0000000000
56669  -31.547  -52.269  30.716 0.0000000000
57552  -36.645  -50.198  49.592 0.0000000000
57561  -36.637  -50.148  49.344 0.0000000000
57578  -35.484  -51.196  47.526 0.0000000000
57600  -33.758  -51.653  45.200 0.0000000000
57676  -48.864  -51.662  42.344 0.0000000000
57703  -49.788  -53.154  40.844 0.0000000000
57741  -31.750  -51.618  38.949 0.0000000000
57742  -31.869  -51.790  38.805 0.0000000000
57762  -47.137  -50.950  37.539 0.0000000000
57814  -30.558  -51.999  32.874 0.0000000000
57836  -30.598  -51.098  32.560 0.0000000000
57853  -30.737  -51.702  31.603 0.0000000000
57854  -31.181  -51.577  31.048 0.0000000000
57872  -32.121  -51.597  30.525 0.0000000000
57873  -32.799  -51.681  30.642 0.0000000000
58811  -36.843  -49.467  49.115 0.0000000000
58819  -35.639  -50.706  47.647 0.0000000000
58829  -35.825  -49.994  47.486 0.0000000000
58878  -43.957  -50.440  43.060 0.0000000000
58921  -31.499  -51.275  39.065 0.0000000000
58938  -31.651  -51.488  38.783 0.0000000000
59024  -30.888  -50.658  33.791 0.0000000000
59057  -30.582  -51.134  32.211 0.0000000000
59072  -30.621  -51.188  31.892 0.0000000000
59073  -30.956  -50.892  31.406 0.0000000000
59074  -32.373  -50.153  30.862 0.0000000000
59076  -34.005  -50.621  31.203 0.0000000000
59089  -31.410  -50.870  30.916 0.0000000000
59090  -32.035  -50.684  30.663 0.0000000000
60003  -36.902  -48.996  50.828 0.0000000000
60085  -35.139  -49.698  46.369 0.0000000000
60157  -32.128  -50.039  42.059 0.0000000000
60178  -32.534  -49.325  41.859 0.0000000000
60243  -31.458  -49.996  36.394 0.0000000000
60245  -38.446  -50.332  37.401 0.0000000000
60267  -31.599  -49.098  36.334 0.0000000000
60268  -38.199  -50.152  36.849 0.0000000000
60331  -30.873  -49.932  33.283 0.0000000000
60332  -35.430  -49.105  32.461 0.0000000000
60351  -34.138  -49.179  31.643 0.0000000000
60371  -31.898  -49.823  31.000 0.0000000000
60372  -32.603  -49.631  31.110 0.0000000000
60386  -31.315  -50.521  31.192 0.0000000000
60387  -31.576  -50.345  30.988 0.0000000000
61340  -37.423  -48.004  49.896 0.0000000000
61352  -37.432  -47.964  49.710 0.0000000000
61405  -35.295  -48.828  45.415 0.0000000000
61480  -34.621  -47.513  41.516 0.0000000000
61592  -38.102  -48.425  35.600 0.0000000000
61593  -45.612  -47.955  36.092 0.0000000000
61609  -47.112  -47.960  34.971 0.0000000000
61632  -33.250  -48.007  31.846 0.0000000000
61645  -31.649  -49.465  31.421 0.0000000000
62600  -37.453  -46.867  50.962 0.0000000000
62611  -37.448  -47.743  49.778 0.0000000000
62613  -37.482  -46.862  50.279 0.0000000000
62625  -37.441  -47.774  49.548 0.0000000000
62662  -44.735  -47.117  45.979 0.0000000000
62690  -35.479  -47.965  44.492 0.0000000000
62752  -34.612  -47.265  40.515 0.0000000000
62753  -35.294  -46.758  40.448 0.0000000000
62773  -40.286  -47.723  39.170 0.0000000000
62817  -33.164  -47.607  37.459 0.0000000000
62866  -44.810  -47.150  35.877 0.0000000000
62868  -46.390  -47.730  35.241 0.0000000000
62878  -32.497  -47.452  33.995 0.0000000000
62909  -34.677  -47.496  32.553 0.0000000000
62910  -35.187  -47.955  32.590 0.0000000000
63828  -36.974  -46.985  47.418 0.0000000000
63853  -36.758  -46.698  45.887 0.0000000000
63885  -36.881  -45.545  43.852 0.0000000000
63936  -35.400  -46.468  40.262 0.0000000000
63981  -35.715  -45.962  38.929 0.0000000000
63983  -41.309  -46.264  39.322 0.0000000000
64009  -44.900  -47.299  37.748 0.0000000000
64046  -45.239  -47.088  35.120 0.0000000000
64063  -38.337  -46.732  34.939 0.0000000000
64066  -45.440  -46.704  34.653 0.0000000000
64084  -34.714  -46.781  33.041 0.0000000000
64095  -34.398  -47.009  32.746 0.0000000000
65087  -44.322  -45.471  46.068 0.0000000000
65189  -43.758  -46.255  37.406 0.0000000000
65200  -39.695  -45.504  36.865 0.0000000000
65231  -34.853  -45.772  34.817 0.0000000000
66233  -45.012  -43.679  47.520 0.0000000000
66288  -37.641  -43.763  44.652 0.0000000000
66309  -45.789  -44.597  43.558 0.0000000000
66405  -40.235  -43.953  38.073 0.0000000000
66426  -40.364  -44.954  37.678 0.0000000000
66439  -37.466  -44.171  36.815 0.0000000000
66442  -41.420  -44.038  35.568 0.0000000000
67590  -44.605  -43.278  47.964 0.0000000000
67591  -44.795  -43.115  47.930 0.0000000000
67607  -44.558  -43.494  47.178 0.0000000000
67691  -37.714  -43.478  40.806 0.0000000000
67717  -41.245  -43.533  39.014 0.0000000000
67718  -44.841  -43.694  39.246 0.0000000000
67737  -38.288  -42.841  38.412 0.0000000000
67759  -39.272  -43.429  37.667 0.0000000000
67760  -42.561  -43.638  37.373 0.0000000000
67761  -43.194  -43.915  37.892 0.0000000000
67777  -37.516  -43.947  37.301 0.0000000000
68868  -38.523  -42.290  50.011 0.0000000000
68906  -44.745  -42.884  47.884 0.0000000000
68918  -44.424  -42.516  47.097 0.0000000000
68944  -37.786  -42.442  44.502 0.0000000000
68968  -43.236  -42.805  42.391 0.0000000000
69007  -40.474  -42.528  39.326 0.0000000000
69024  -42.910  -42.310  38.112 0.0000000000
70048  -38.599  -42.173  50.816 0.0000000000
70049  -38.573  -42.561  50.538 0.0000000000
70086  -44.284  -41.508  47.587 0.0000000000
70135  -43.172  -41.394  43.524 0.0000000000
70157  -41.520  -40.987  41.629 0.0000000000
70161  -47.626  -40.716  42.481 0.0000000000
70166  -39.646  -40.938  41.537 0.0000000000
70196  -42.893  -41.943  38.107 0.0000000000
70216  -41.525  -41.614  36.048 0.0000000000
70227  -40.708  -41.679  34.764 0.0000000000
70228  -41.026  -41.454  35.260 0.0000000000
70236  -40.508  -41.420  34.316 0.0000000000
70237  -40.794  -40.967  34.661 0.0000000000
71384  -43.592  -40.342  46.700 0.0000000000
71385  -43.778  -40.835  46.579 0.0000000000
71399  -46.013  -40.402  45.472 0.0000000000
71429  -41.880  -40.523  42.317 0.0000000000
71437  -40.012  -40.703  41.503 0.0000000000
71438  -40.439  -40.713  41.562 0.0000000000
71439  -40.851  -40.723  41.684 0.0000000000
71453  -46.406  -41.026  40.348 0.0000000000
71468  -43.064  -40.407  37.782 0.0000000000
72639  -44.020  -39.010  48.916 0.0000000000
72751  -49.026  -38.443  41.452 0.0000000000
72796  -43.172  -38.948  36.719 0.0000000000
72819  -40.832  -39.978  34.398 0.0000000000
72833  -39.912  -40.218  33.458 0.0000000000
72834  -40.427  -39.620  33.714 0.0000000000
72846  -40.000  -39.374  32.578 0.0000000000
74038  -44.150  -38.691  48.754 0.0000000000
74169  -49.255  -38.044  41.314 0.0000000000
74181  -47.933  -38.428  40.679 0.0000000000
74195  -45.282  -39.251  39.749 0.0000000000
74231  -43.044  -38.643  36.355 0.0000000000
74233  -44.034  -38.102  37.251 0.0000000000
74257  -41.813  -38.470  34.583 0.0000000000
74258  -42.263  -38.426  35.053 0.0000000000
74272  -41.379  -38.525  34.007 0.0000000000
74284  -41.274  -38.211  33.167 0.0000000000
75497  -41.300  -37.570  47.128 0.0000000000
75510  -40.532  -37.735  46.541 0.0000000000
75599  -49.383  -37.219  40.845 0.0000000000
75618  -46.333  -37.848  39.682 0.0000000000
75619  -46.989  -37.606  39.987 0.0000000000
75642  -45.755  -37.758  39.125 0.0000000000
75684  -43.516  -37.948  36.201 0.0000000000
75685  -43.937  -37.545  36.596 0.0000000000
75723  -42.315  -37.625  34.492 0.0000000000
75724  -42.801  -37.134  34.800 0.0000000000
75757  -42.204  -37.210  32.490 0.0000000000
75773  -41.994  -37.572  32.166 0.0000000000
77081  -47.676  -36.871  39.449 0.0000000000
77140  -45.342  -36.146  36.631 0.0000000000
77157  -45.030  -35.893  35.961 0.0000000000
77207  -43.709  -35.667  32.058 0.0000000000
77226  -42.953  -36.545  31.901 0.0000000000
78431  -48.668  -34.879  37.874 0.0000000000
78445  -47.499  -34.814  36.857 0.0000000000
78456  -44.206  -36.076  35.531 0.0000000000
78459  -46.454  -34.747  35.922 0.0000000000
78472  -43.921  -35.793  35.096 0.0000000000
78509  -43.682  -35.234  32.401 0.0000000000
78529  -44.736  -35.497  31.578 0.0000000000
79678  -50.582  -34.155  39.217 0.0000000000
79689  -50.590  -33.833  38.581 0.0000000000
79720  -49.229  -33.946  37.163 0.0000000000
79732  -46.088  -34.398  35.284 0.0000000000
79735  -48.158  -33.921  36.255 0.0000000000
79747  -44.942  -34.374  34.235 0.0000000000
79750  -47.283  -34.001  35.205 0.0000000000
79784  -43.701  -34.862  32.743 0.0000000000
79786  -44.738  -34.138  32.050 0.0000000000
80973  -49.941  -33.601  37.441 0.0000000000
80993  -48.848  -33.602  36.573 0.0000000000
81013  -47.864  -33.555  35.637 0.0000000000
81031  -45.787  -33.283  34.025 0.0000000000
81050  -44.702  -33.828  32.733 0.0000000000
81052  -45.878  -33.008  33.846 0.0000000000
81054  -54.439  -32.768  32.795 0.0000000000
81071  -44.708  -34.026  32.339 0.0000000000
81072  -45.118  -33.591  32.214 0.0000000000
81073  -51.254  -34.270  32.362 0.0000000000
81074  -52.013  -33.736  32.485 0.0000000000
81099  -50.949  -33.679  31.914 0.0000000000
81127  -47.849  -33.358  30.698 0.0000000000
81128  -48.402  -33.586  30.903 0.0000000000
82214  -49.980  -32.514  36.562 0.0000000000
82281  -45.630  -32.832  33.232 0.0000000000
82283  -47.043  -31.922  33.585 0.0000000000
82284  -54.266  -32.580  33.017 0.0000000000
82285  -54.624  -32.515  32.948 0.0000000000
82306  -52.119  -33.181  32.383 0.0000000000
82330  -46.385  -32.548  31.239 0.0000000000
82333  -49.405  -33.157  31.218 0.0000000000
82334  -50.367  -32.765  31.407 0.0000000000
82360  -46.984  -32.794  30.664 0.0000000000
82361  -47.672  -32.558  30.701 0.0000000000
82363  -49.519  -32.342  30.746 0.0000000000
83459  -51.116  -31.854  38.482 0.0000000000
83529  -49.143  -31.050  35.159 0.0000000000
83561  -46.783  -31.739  31.791 0.0000000000
83579  -48.317  -31.077  30.951 0.0000000000
83599  -48.710  -31.587  30.634 0.0000000000
83601  -50.317  -31.462  30.810 0.0000000000
84664  -49.059  -30.546  34.582 0.0000000000
84681  -48.774  -30.413  33.997 0.0000000000
84693  -47.982  -30.685  32.097 0.0000000000
84707  -47.850  -30.909  31.712 0.0000000000
84728  -48.631  -30.856  30.835 0.0000000000
84730  -50.386  -30.848  30.792 0.0000000000
84731  -50.861  -30.663  30.982 0.0000000000
85893  -48.762  -30.142  33.435 0.0000000000
85897  -54.138  -29.050  32.548 0.0000000000
85914  -53.593  -29.250  32.447 0.0000000000
85915  -54.567  -29.095  31.970 0.0000000000
85923  -48.765  -29.944  32.241 0.0000000000
85925  -50.250  -29.389  31.452 0.0000000000
85944  -50.223  -29.979  30.803 0.0000000000
87159  -53.814  -28.267  32.691 0.0000000000
87161  -54.433  -28.304  32.363 0.0000000000
87187  -50.873  -29.116  31.507 0.0000000000
87188  -51.441  -28.853  31.620 0.0000000000
88446  -51.951  -27.401  33.261 0.0000000000
89672  -53.831  -26.011  33.709 0.0000000000
