#!ascii label  , from subject sub-01 vox2ras=TkReg
1066
48998  -15.588  -58.148  51.377 0.0000000000
75465  -35.884  -37.856  49.884 0.0000000000
80813  -41.758  -33.893  47.117 0.0000000000
82091  -49.047  -33.197  42.251 0.0000000000
68902  -35.051  -43.172  48.463 0.0000000000
80853  -45.888  -33.672  44.752 0.0000000000
88426  -48.496  -27.952  33.840 0.0000000000
93638  -52.832  -24.281  33.603 0.0000000000
78224  -38.136  -35.727  51.208 0.0000000000
78253  -42.331  -35.355  49.876 0.0000000000
80767  -36.532  -34.330  48.140 0.0000000000
52639  -16.669  -55.908  54.267 0.0000000000
52632  -22.201  -55.629  53.094 0.0000000000
51406  -27.183  -56.055  52.720 0.0000000000
53859  -32.041  -55.188  50.853 0.0000000000
56309  -35.044  -51.339  51.580 0.0000000000
62578  -36.882  -46.479  52.247 0.0000000000
71293  -37.332  -40.529  52.859 0.0000000000
74074  -45.096  -38.870  46.833 0.0000000000
93668  -54.444  -24.931  31.688 0.0000000000
78193  -36.780  -36.266  52.631 0.0000000000
81977  -37.157  -33.513  51.477 0.0000000000
78249  -35.642  -35.738  49.510 0.0000000000
52692  -16.885  -55.772  51.513 0.0000000000
52628  -19.285  -55.974  53.651 0.0000000000
61328  -33.565  -49.225  50.428 0.0000000000
59990  -36.166  -48.820  51.961 0.0000000000
63787  -34.763  -46.915  50.448 0.0000000000
71348  -35.956  -40.580  49.201 0.0000000000
68833  -35.613  -42.414  51.886 0.0000000000
72605  -35.957  -39.330  52.349 0.0000000000
74000  -38.032  -38.721  51.966 0.0000000000
82023  -42.319  -33.003  49.162 0.0000000000
75484  -44.209  -37.884  48.423 0.0000000000
80775  -44.835  -34.099  47.658 0.0000000000
80872  -47.697  -33.560  43.048 0.0000000000
77000  -46.966  -36.372  44.004 0.0000000000
75554  -48.895  -37.319  42.496 0.0000000000
75600  -49.524  -36.901  41.078 0.0000000000
88391  -51.286  -27.750  36.659 0.0000000000
85846  -50.097  -29.541  37.245 0.0000000000
65064  -34.802  -45.833  48.071 0.0000000000
80923  -46.535  -34.075  40.887 0.0000000000
89684  -50.466  -26.012  33.663 0.0000000000
88403  -51.941  -26.585  35.259 0.0000000000
87178  -54.679  -28.460  31.974 0.0000000000
75481  -40.156  -36.907  47.901 0.0000000000
78226  -40.352  -34.810  49.869 0.0000000000
83291  -40.011  -32.364  50.500 0.0000000000
50136  -16.623  -57.388  53.421 0.0000000000
50209  -23.667  -56.685  50.478 0.0000000000
52659  -24.561  -55.810  52.963 0.0000000000
50212  -26.550  -56.600  50.287 0.0000000000
50215  -29.561  -56.661  50.064 0.0000000000
50217  -31.243  -56.649  49.639 0.0000000000
52714  -33.966  -55.468  49.387 0.0000000000
55083  -33.741  -53.043  50.497 0.0000000000
57551  -36.561  -50.805  50.009 0.0000000000
66180  -35.500  -44.581  51.620 0.0000000000
66145  -36.948  -43.813  52.684 0.0000000000
68853  -38.548  -42.811  50.586 0.0000000000
71349  -38.380  -40.635  49.453 0.0000000000
74034  -38.283  -38.346  48.921 0.0000000000
78283  -45.705  -34.843  45.815 0.0000000000
82195  -49.124  -32.335  37.220 0.0000000000
82133  -50.519  -33.177  40.201 0.0000000000
48974  -15.514  -58.152  53.151 0.0000000000
75451  -35.956  -37.624  51.016 0.0000000000
78223  -36.111  -35.775  51.697 0.0000000000
76918  -35.798  -36.658  50.276 0.0000000000
62622  -33.336  -48.808  49.552 0.0000000000
62609  -33.889  -48.394  50.210 0.0000000000
62624  -34.277  -47.658  49.066 0.0000000000
72635  -35.921  -39.686  49.660 0.0000000000
71323  -35.889  -40.565  51.303 0.0000000000
74010  -35.816  -38.512  51.730 0.0000000000
75430  -35.794  -37.442  52.404 0.0000000000
82025  -44.045  -32.938  48.463 0.0000000000
80793  -42.941  -33.569  47.181 0.0000000000
80873  -48.282  -33.475  42.681 0.0000000000
78311  -47.875  -34.784  43.111 0.0000000000
78352  -48.735  -35.418  41.973 0.0000000000
75565  -49.284  -36.845  41.826 0.0000000000
78353  -49.271  -35.449  41.387 0.0000000000
85869  -51.267  -28.963  35.976 0.0000000000
85859  -51.540  -29.690  36.739 0.0000000000
85868  -50.572  -29.867  35.679 0.0000000000
89708  -50.448  -26.411  31.601 0.0000000000
92378  -51.663  -24.674  33.579 0.0000000000
90949  -51.732  -25.503  35.343 0.0000000000
92349  -52.696  -24.666  34.455 0.0000000000
89670  -52.853  -26.285  34.377 0.0000000000
92351  -53.773  -24.234  34.218 0.0000000000
90993  -54.877  -26.004  32.108 0.0000000000
76933  -39.336  -36.107  48.881 0.0000000000
76934  -40.323  -36.117  48.959 0.0000000000
79485  -38.786  -34.866  50.305 0.0000000000
80736  -37.142  -33.509  50.401 0.0000000000
83277  -38.221  -32.981  50.528 0.0000000000
82018  -38.013  -32.983  50.044 0.0000000000
82036  -39.047  -32.934  49.257 0.0000000000
80768  -37.406  -33.744  48.767 0.0000000000
50137  -17.477  -57.083  53.233 0.0000000000
50101  -18.280  -56.443  53.648 0.0000000000
52630  -20.866  -55.614  53.344 0.0000000000
53872  -25.959  -55.488  51.840 0.0000000000
52648  -26.177  -56.051  53.121 0.0000000000
48960  -25.965  -56.871  52.031 0.0000000000
48990  -27.226  -56.857  51.676 0.0000000000
50213  -27.717  -56.522  50.249 0.0000000000
50170  -28.262  -56.963  51.816 0.0000000000
51422  -32.191  -56.140  51.233 0.0000000000
51443  -32.446  -56.346  50.053 0.0000000000
52696  -33.324  -55.563  50.704 0.0000000000
57539  -34.058  -51.174  50.782 0.0000000000
56326  -33.238  -52.460  50.096 0.0000000000
56317  -34.501  -52.257  51.072 0.0000000000
53903  -35.222  -53.150  50.494 0.0000000000
56320  -35.770  -52.337  50.482 0.0000000000
56336  -36.269  -51.742  49.562 0.0000000000
57542  -36.421  -51.011  51.062 0.0000000000
61311  -36.646  -47.651  51.977 0.0000000000
59992  -37.010  -48.584  51.064 0.0000000000
61331  -37.423  -47.192  50.895 0.0000000000
63778  -37.593  -45.774  51.027 0.0000000000
66200  -34.998  -45.297  49.979 0.0000000000
67560  -35.190  -44.287  50.363 0.0000000000
70007  -36.523  -41.043  52.934 0.0000000000
67492  -36.470  -42.764  52.744 0.0000000000
68818  -37.355  -42.316  52.723 0.0000000000
68835  -38.122  -43.087  51.706 0.0000000000
70033  -38.419  -41.811  51.476 0.0000000000
71308  -38.148  -40.789  51.856 0.0000000000
76893  -37.934  -36.648  51.795 0.0000000000
75441  -38.085  -37.651  50.566 0.0000000000
76919  -38.192  -36.684  50.049 0.0000000000
76948  -38.495  -37.036  48.765 0.0000000000
52690  -15.323  -56.400  52.484 0.0000000000
52653  -15.127  -56.139  54.242 0.0000000000
51366  -15.425  -56.797  54.548 0.0000000000
74035  -42.450  -37.820  49.203 0.0000000000
72638  -43.734  -39.060  48.824 0.0000000000
74073  -44.745  -38.591  47.471 0.0000000000
80852  -45.102  -33.924  45.129 0.0000000000
80817  -45.290  -33.661  46.324 0.0000000000
80839  -46.194  -33.763  45.527 0.0000000000
74131  -47.467  -38.223  43.739 0.0000000000
74130  -46.822  -38.352  44.256 0.0000000000
83474  -51.165  -31.418  37.633 0.0000000000
83489  -49.644  -30.976  36.820 0.0000000000
83459  -51.116  -31.854  38.482 0.0000000000
82183  -50.307  -32.300  38.913 0.0000000000
80942  -51.026  -33.172  39.502 0.0000000000
78399  -50.162  -34.899  39.596 0.0000000000
92402  -53.473  -25.144  31.063 0.0000000000
93657  -53.630  -24.850  32.739 0.0000000000
94783  -53.890  -24.097  30.010 0.0000000000
94792  -54.693  -23.895  29.471 0.0000000000
78196  -37.673  -35.735  52.571 0.0000000000
79458  -38.098  -34.677  51.685 0.0000000000
80693  -36.791  -34.716  52.264 0.0000000000
79483  -36.379  -34.564  50.657 0.0000000000
79494  -35.821  -34.799  48.740 0.0000000000
52675  -16.872  -55.859  52.540 0.0000000000
52627  -18.054  -56.059  53.791 0.0000000000
53848  -20.527  -55.154  52.603 0.0000000000
59986  -33.885  -49.723  50.900 0.0000000000
58756  -35.102  -50.046  51.796 0.0000000000
61319  -34.431  -48.883  51.400 0.0000000000
62588  -34.786  -47.815  51.450 0.0000000000
62562  -35.575  -46.480  52.176 0.0000000000
68886  -35.483  -42.424  49.157 0.0000000000
68867  -35.618  -42.612  50.270 0.0000000000
70047  -35.840  -41.743  51.002 0.0000000000
71307  -35.895  -40.360  52.201 0.0000000000
71279  -36.414  -40.102  53.423 0.0000000000
72590  -37.516  -39.752  52.713 0.0000000000
73972  -36.710  -38.548  53.260 0.0000000000
76874  -37.366  -37.170  52.534 0.0000000000
52703  -16.068  -55.955  50.872 0.0000000000
79496  -42.270  -34.502  49.969 0.0000000000
76952  -43.498  -36.777  48.744 0.0000000000
79498  -43.455  -34.321  48.765 0.0000000000
79519  -43.946  -35.247  47.757 0.0000000000
78273  -44.598  -35.900  46.814 0.0000000000
80870  -46.463  -33.668  44.100 0.0000000000
79555  -46.703  -34.398  45.132 0.0000000000
78310  -47.526  -35.344  43.503 0.0000000000
77013  -47.804  -36.490  43.200 0.0000000000
88400  -49.654  -27.840  35.811 0.0000000000
87119  -49.106  -29.081  36.081 0.0000000000
87112  -50.573  -28.562  37.331 0.0000000000
84629  -51.439  -30.497  37.194 0.0000000000
74068  -36.129  -38.587  48.109 0.0000000000
71356  -36.020  -40.495  48.133 0.0000000000
80835  -42.293  -34.237  46.352 0.0000000000
79607  -44.882  -34.685  43.491 0.0000000000
79633  -46.541  -33.986  42.911 0.0000000000
80906  -46.997  -33.670  42.128 0.0000000000
80907  -47.611  -33.262  41.430 0.0000000000
88427  -49.240  -27.164  33.529 0.0000000000
89654  -50.208  -26.806  35.257 0.0000000000
89646  -51.471  -27.033  36.273 0.0000000000
88414  -51.675  -27.155  35.072 0.0000000000
92381  -53.961  -25.346  33.198 0.0000000000
88432  -54.350  -27.425  32.737 0.0000000000
75482  -41.369  -37.143  48.256 0.0000000000
76935  -41.253  -36.511  49.259 0.0000000000
76908  -41.410  -35.432  50.056 0.0000000000
79459  -38.922  -34.282  50.995 0.0000000000
79473  -40.270  -33.940  50.551 0.0000000000
79486  -41.241  -33.912  50.410 0.0000000000
82022  -41.244  -32.951  49.598 0.0000000000
80771  -40.497  -33.158  48.536 0.0000000000
76947  -35.719  -36.746  48.095 0.0000000000
76946  -35.412  -36.015  47.566 0.0000000000
80786  -36.235  -34.413  47.110 0.0000000000
50158  -16.068  -57.596  52.841 0.0000000000
50181  -17.083  -57.257  51.732 0.0000000000
50233  -24.890  -56.671  49.510 0.0000000000
53887  -20.517  -54.762  51.072 0.0000000000
53850  -22.340  -55.198  52.493 0.0000000000
52658  -23.654  -55.937  53.167 0.0000000000
50189  -25.490  -56.602  51.259 0.0000000000
50238  -29.776  -56.700  49.216 0.0000000000
50260  -30.553  -56.674  48.430 0.0000000000
53923  -32.184  -54.435  49.820 0.0000000000
55103  -32.903  -53.544  49.853 0.0000000000
53900  -33.173  -53.953  50.255 0.0000000000
53882  -33.962  -54.730  50.770 0.0000000000
53925  -34.757  -54.488  49.778 0.0000000000
58772  -36.760  -49.939  50.928 0.0000000000
65046  -34.833  -46.247  50.043 0.0000000000
65034  -34.953  -45.941  50.729 0.0000000000
64994  -35.880  -45.133  52.352 0.0000000000
67507  -35.614  -43.470  52.093 0.0000000000
66163  -35.879  -44.211  52.359 0.0000000000
64997  -37.167  -44.776  52.442 0.0000000000
66166  -37.839  -44.333  51.475 0.0000000000
66201  -38.065  -44.247  49.995 0.0000000000
71357  -38.395  -40.394  48.497 0.0000000000
72619  -38.244  -39.830  51.519 0.0000000000
72636  -38.360  -39.546  49.272 0.0000000000
72661  -38.368  -39.311  47.340 0.0000000000
74069  -38.689  -38.386  47.031 0.0000000000
48946  -15.564  -57.726  54.075 0.0000000000
82056  -44.611  -33.466  46.920 0.0000000000
79531  -44.952  -34.970  46.678 0.0000000000
75512  -45.124  -37.911  46.262 0.0000000000
76988  -46.171  -36.553  44.803 0.0000000000
75524  -45.899  -37.694  45.161 0.0000000000
72683  -45.821  -40.023  45.786 0.0000000000
80939  -46.593  -33.862  39.541 0.0000000000
82129  -48.328  -32.737  40.855 0.0000000000
85856  -48.477  -29.848  36.183 0.0000000000
83487  -47.794  -31.522  36.195 0.0000000000
80954  -48.413  -33.166  38.112 0.0000000000
82151  -49.841  -32.377  40.296 0.0000000000
82131  -49.743  -32.787  41.118 0.0000000000
79653  -49.896  -34.541  40.589 0.0000000000
48986  -15.074  -58.877  51.773 0.0000000000
62635  -32.820  -48.604  48.472 0.0000000000
62623  -33.713  -48.266  49.310 0.0000000000
62636  -33.554  -47.990  48.332 0.0000000000
74033  -35.930  -38.919  50.031 0.0000000000
74019  -35.989  -38.679  50.810 0.0000000000
80791  -41.142  -33.562  47.856 0.0000000000
80792  -42.264  -33.355  47.843 0.0000000000
80874  -48.692  -33.483  42.365 0.0000000000
79634  -48.517  -34.679  42.207 0.0000000000
79611  -48.648  -34.005  42.156 0.0000000000
79635  -48.939  -34.453  41.644 0.0000000000
87130  -50.797  -28.696  35.128 0.0000000000
92392  -52.460  -25.045  32.314 0.0000000000
92361  -52.280  -24.351  33.757 0.0000000000
92360  -52.063  -24.468  34.357 0.0000000000
93637  -52.468  -24.334  34.063 0.0000000000
92350  -53.352  -24.460  34.221 0.0000000000
93639  -53.307  -24.477  33.646 0.0000000000
78250  -38.426  -36.140  49.709 0.0000000000
78251  -38.930  -35.778  49.432 0.0000000000
79484  -38.420  -35.106  50.776 0.0000000000
80751  -36.624  -34.135  49.209 0.0000000000
82017  -37.487  -33.306  50.312 0.0000000000
82034  -37.657  -33.391  49.712 0.0000000000
52625  -16.548  -56.251  54.630 0.0000000000
52626  -17.339  -56.199  54.283 0.0000000000
52631  -21.572  -55.601  53.172 0.0000000000
50104  -21.405  -56.223  53.279 0.0000000000
52661  -26.764  -55.857  52.658 0.0000000000
52678  -26.271  -55.554  52.167 0.0000000000
51419  -26.748  -56.097  52.865 0.0000000000
50145  -26.624  -56.410  52.620 0.0000000000
48962  -27.385  -56.786  52.184 0.0000000000
48991  -27.811  -56.959  51.839 0.0000000000
48947  -27.815  -56.604  52.349 0.0000000000
53858  -31.535  -55.476  50.923 0.0000000000
51411  -31.436  -56.069  51.409 0.0000000000
51412  -31.833  -55.788  51.295 0.0000000000
52682  -32.747  -55.862  51.113 0.0000000000
52668  -32.086  -55.370  50.998 0.0000000000
57529  -34.197  -50.870  50.945 0.0000000000
57540  -34.255  -51.528  50.907 0.0000000000
56308  -34.679  -51.550  51.378 0.0000000000
56318  -35.140  -52.003  51.419 0.0000000000
56319  -35.798  -51.938  50.981 0.0000000000
57541  -35.823  -51.350  51.385 0.0000000000
62577  -36.226  -47.033  52.331 0.0000000000
61323  -36.995  -47.731  51.528 0.0000000000
62579  -37.204  -46.663  51.849 0.0000000000
63788  -37.500  -46.422  50.838 0.0000000000
63763  -37.475  -45.909  51.677 0.0000000000
67576  -34.981  -44.446  49.545 0.0000000000
68885  -35.189  -43.498  49.625 0.0000000000
70008  -37.096  -41.296  52.974 0.0000000000
68802  -36.942  -42.001  52.970 0.0000000000
70021  -37.577  -41.508  52.593 0.0000000000
70022  -38.052  -41.658  52.104 0.0000000000
71294  -37.749  -40.649  52.443 0.0000000000
76906  -38.127  -36.660  50.946 0.0000000000
76932  -38.462  -36.608  49.202 0.0000000000
52654  -15.889  -55.824  53.956 0.0000000000
52673  -15.235  -56.227  53.500 0.0000000000
52624  -15.980  -56.480  54.473 0.0000000000
76936  -42.174  -36.357  49.631 0.0000000000
75468  -42.623  -37.421  49.283 0.0000000000
72664  -45.324  -39.827  47.200 0.0000000000
71386  -45.602  -40.493  46.717 0.0000000000
70119  -45.723  -40.850  46.366 0.0000000000
80838  -45.303  -33.670  45.690 0.0000000000
87142  -48.421  -28.506  34.608 0.0000000000
83473  -50.838  -31.416  37.651 0.0000000000
83444  -51.040  -31.966  39.052 0.0000000000
79431  -37.492  -35.738  52.676 0.0000000000
79445  -37.595  -35.330  52.596 0.0000000000
79443  -36.731  -35.504  52.461 0.0000000000
78237  -35.931  -35.509  50.661 0.0000000000
79495  -35.983  -34.707  49.569 0.0000000000
78248  -35.572  -35.144  48.739 0.0000000000
53866  -20.042  -55.022  51.885 0.0000000000
61351  -32.748  -48.977  49.036 0.0000000000
60017  -33.212  -49.585  49.728 0.0000000000
60001  -33.554  -49.715  50.450 0.0000000000
61317  -33.798  -49.348  50.765 0.0000000000
59987  -34.239  -49.618  51.232 0.0000000000
61329  -33.873  -49.099  50.803 0.0000000000
62599  -34.481  -47.745  50.744 0.0000000000
62575  -35.371  -47.036  51.938 0.0000000000
63774  -34.920  -46.726  51.144 0.0000000000
70059  -35.801  -41.579  49.775 0.0000000000
72618  -35.892  -39.521  51.526 0.0000000000
71292  -36.331  -40.080  52.843 0.0000000000
71278  -36.293  -39.672  53.499 0.0000000000
72576  -36.593  -39.509  53.097 0.0000000000
72574  -36.242  -38.908  53.504 0.0000000000
76882  -36.403  -36.841  52.567 0.0000000000
75415  -36.684  -37.807  52.776 0.0000000000
76871  -36.796  -36.904  52.727 0.0000000000
76883  -37.676  -36.223  52.452 0.0000000000
52691  -16.029  -55.944  51.982 0.0000000000
80754  -42.456  -33.653  49.531 0.0000000000
79497  -42.830  -34.604  49.360 0.0000000000
80755  -43.318  -33.705  49.082 0.0000000000
80757  -44.084  -33.813  48.008 0.0000000000
79499  -43.820  -34.184  48.249 0.0000000000
79509  -44.222  -34.403  47.750 0.0000000000
78272  -44.087  -36.167  47.594 0.0000000000
79520  -44.461  -34.941  47.224 0.0000000000
80871  -47.018  -33.655  43.744 0.0000000000
80855  -47.348  -33.860  43.959 0.0000000000
79582  -47.703  -34.346  43.548 0.0000000000
77014  -48.512  -36.496  42.586 0.0000000000
78331  -47.963  -35.953  42.915 0.0000000000
75553  -48.375  -37.307  43.011 0.0000000000
74142  -48.229  -38.114  43.345 0.0000000000
74144  -49.196  -37.818  42.375 0.0000000000
88390  -50.597  -27.953  36.727 0.0000000000
88389  -49.967  -28.041  36.435 0.0000000000
83491  -51.348  -31.304  37.094 0.0000000000
72646  -36.039  -39.595  48.650 0.0000000000
79632  -45.826  -34.501  42.781 0.0000000000
80922  -46.040  -34.523  40.491 0.0000000000
80892  -47.737  -33.245  42.348 0.0000000000
89700  -50.356  -26.129  32.618 0.0000000000
89683  -49.781  -26.550  33.152 0.0000000000
88445  -49.273  -26.983  32.674 0.0000000000
89668  -49.922  -26.621  34.187 0.0000000000
89669  -50.681  -26.045  34.720 0.0000000000
89656  -51.714  -26.350  35.605 0.0000000000
88402  -51.612  -27.289  35.997 0.0000000000
88415  -52.340  -26.606  34.521 0.0000000000
89671  -53.422  -26.155  34.011 0.0000000000
93658  -53.922  -25.086  32.885 0.0000000000
92394  -54.482  -25.442  32.403 0.0000000000
89701  -54.885  -26.740  31.797 0.0000000000
89687  -54.640  -26.682  32.577 0.0000000000
75497  -41.300  -37.570  47.128 0.0000000000
76951  -40.624  -36.566  48.555 0.0000000000
78240  -40.339  -35.268  49.552 0.0000000000
76920  -40.741  -35.831  49.517 0.0000000000
76921  -41.460  -35.895  49.812 0.0000000000
78227  -40.931  -35.118  50.027 0.0000000000
80695  -37.688  -34.601  52.023 0.0000000000
80709  -38.387  -33.901  51.474 0.0000000000
83279  -39.615  -32.624  50.357 0.0000000000
81980  -39.629  -33.415  50.589 0.0000000000
83280  -40.171  -32.419  50.645 0.0000000000
79474  -40.779  -34.001  50.505 0.0000000000
80725  -40.811  -33.356  50.398 0.0000000000
80737  -41.504  -33.460  50.102 0.0000000000
82021  -40.106  -32.428  49.995 0.0000000000
80770  -39.516  -33.243  48.552 0.0000000000
82037  -39.891  -32.566  49.134 0.0000000000
50159  -16.879  -57.291  52.626 0.0000000000
50138  -18.453  -57.168  52.885 0.0000000000
52641  -18.698  -55.919  53.410 0.0000000000
50208  -22.637  -56.708  50.542 0.0000000000
50232  -23.879  -56.759  49.552 0.0000000000
50210  -24.673  -56.604  50.422 0.0000000000
53888  -21.460  -54.632  51.117 0.0000000000
53867  -21.020  -54.948  51.865 0.0000000000
52646  -23.682  -55.688  53.016 0.0000000000
51403  -23.907  -56.241  53.033 0.0000000000
51404  -24.993  -56.180  52.920 0.0000000000
48988  -26.062  -56.693  51.479 0.0000000000
50211  -25.616  -56.605  50.344 0.0000000000
50234  -25.880  -56.707  49.470 0.0000000000
50255  -26.199  -56.700  48.614 0.0000000000
50214  -28.691  -56.569  50.305 0.0000000000
51452  -28.425  -56.518  49.747 0.0000000000
50237  -28.879  -56.558  49.445 0.0000000000
50258  -29.230  -56.586  48.370 0.0000000000
50195  -30.989  -56.753  50.437 0.0000000000
50173  -30.811  -56.724  51.035 0.0000000000
50239  -30.464  -56.753  49.078 0.0000000000
51453  -31.795  -56.551  48.984 0.0000000000
51455  -33.222  -55.973  49.715 0.0000000000
51464  -33.296  -55.877  48.837 0.0000000000
52723  -34.134  -55.370  48.440 0.0000000000
56327  -33.658  -52.586  50.457 0.0000000000
55104  -33.303  -53.304  50.262 0.0000000000
53924  -32.886  -54.076  50.124 0.0000000000
53881  -33.661  -54.702  50.755 0.0000000000
53901  -33.833  -53.944  50.697 0.0000000000
53927  -35.199  -53.482  50.148 0.0000000000
55106  -35.056  -53.748  50.064 0.0000000000
55127  -35.245  -53.707  49.731 0.0000000000
53942  -35.156  -54.064  49.444 0.0000000000
56352  -36.126  -51.740  48.833 0.0000000000
57560  -36.518  -50.696  49.278 0.0000000000
59989  -35.365  -49.198  52.026 0.0000000000
58757  -35.750  -49.876  51.770 0.0000000000
58758  -36.318  -49.636  51.542 0.0000000000
63807  -34.624  -47.047  48.848 0.0000000000
65056  -34.808  -46.176  49.116 0.0000000000
66190  -35.352  -44.976  50.905 0.0000000000
65022  -35.346  -45.611  51.385 0.0000000000
65008  -35.605  -45.051  52.071 0.0000000000
68851  -35.636  -42.846  51.251 0.0000000000
68816  -35.648  -42.966  52.201 0.0000000000
67493  -36.738  -42.837  52.837 0.0000000000
66143  -36.204  -43.549  52.583 0.0000000000
66144  -36.555  -43.649  52.662 0.0000000000
64996  -36.770  -44.600  52.585 0.0000000000
66164  -37.313  -44.024  52.412 0.0000000000
65010  -37.485  -44.975  52.063 0.0000000000
66165  -37.660  -44.228  51.980 0.0000000000
67545  -38.420  -42.958  51.261 0.0000000000
67546  -38.385  -43.439  50.826 0.0000000000
67561  -38.357  -43.443  50.014 0.0000000000
71336  -38.428  -41.036  50.177 0.0000000000
73987  -37.539  -38.720  52.525 0.0000000000
72606  -37.874  -39.745  52.254 0.0000000000
74020  -38.154  -38.629  49.996 0.0000000000
72647  -38.330  -39.375  48.261 0.0000000000
74051  -38.426  -38.434  47.921 0.0000000000
75480  -39.167  -37.009  47.935 0.0000000000
75495  -39.421  -37.521  47.248 0.0000000000
75496  -40.447  -37.356  47.272 0.0000000000
50114  -16.068  -57.417  54.008 0.0000000000
50098  -15.601  -57.320  54.340 0.0000000000
50135  -15.915  -57.612  53.473 0.0000000000
75470  -43.863  -38.077  48.882 0.0000000000
74038  -44.150  -38.691  48.754 0.0000000000
80836  -43.338  -34.043  46.223 0.0000000000
80815  -43.856  -33.466  46.768 0.0000000000
80818  -45.609  -33.911  46.411 0.0000000000
79532  -45.439  -34.474  46.411 0.0000000000
78282  -45.293  -35.612  45.986 0.0000000000
78296  -46.797  -35.200  44.435 0.0000000000
76989  -46.501  -35.804  44.601 0.0000000000
74112  -46.281  -38.494  44.902 0.0000000000
74111  -45.818  -38.597  45.526 0.0000000000
72702  -46.088  -39.493  45.380 0.0000000000
80924  -47.504  -33.408  40.327 0.0000000000
82149  -48.312  -33.083  39.876 0.0000000000
85857  -49.488  -29.633  36.841 0.0000000000
85866  -48.407  -29.276  35.680 0.0000000000
83471  -49.334  -31.914  37.122 0.0000000000
83488  -48.919  -31.605  36.650 0.0000000000
82213  -48.711  -32.278  36.717 0.0000000000
80972  -48.610  -32.875  37.465 0.0000000000
82181  -49.139  -32.749  38.004 0.0000000000
82152  -50.418  -32.623  40.092 0.0000000000
82170  -49.818  -32.384  39.451 0.0000000000
82132  -50.398  -33.043  40.505 0.0000000000
80909  -49.925  -33.613  40.887 0.0000000000
80925  -50.273  -33.818  40.342 0.0000000000
76892  -35.946  -36.678  52.167 0.0000000000
76905  -35.862  -36.599  51.339 0.0000000000
76931  -35.684  -36.754  49.167 0.0000000000
62608  -33.580  -48.883  50.337 0.0000000000
62610  -34.394  -47.750  49.958 0.0000000000
71335  -35.910  -40.639  50.271 0.0000000000
72628  -35.942  -39.669  50.610 0.0000000000
73999  -35.968  -38.388  52.491 0.0000000000
75440  -35.769  -37.536  51.950 0.0000000000
82039  -41.940  -32.969  48.803 0.0000000000
82024  -43.278  -33.051  48.711 0.0000000000
82040  -42.772  -32.981  48.478 0.0000000000
82041  -43.369  -33.021  47.988 0.0000000000
82042  -43.934  -33.194  47.797 0.0000000000
80856  -47.871  -33.840  43.247 0.0000000000
79610  -48.239  -34.198  42.781 0.0000000000
78332  -48.224  -35.371  42.639 0.0000000000
77029  -48.657  -35.958  42.303 0.0000000000
77015  -48.947  -36.900  42.249 0.0000000000
77030  -49.008  -36.354  42.006 0.0000000000
77044  -49.331  -36.171  41.493 0.0000000000
78370  -49.447  -35.901  41.227 0.0000000000
87122  -51.509  -28.448  36.595 0.0000000000
87113  -51.569  -28.158  36.881 0.0000000000
85858  -51.072  -30.066  36.343 0.0000000000
90990  -51.151  -25.120  32.449 0.0000000000
90989  -50.867  -25.401  33.043 0.0000000000
90962  -51.665  -24.955  34.814 0.0000000000
92348  -52.200  -24.729  34.921 0.0000000000
90950  -52.299  -25.319  35.043 0.0000000000
89657  -52.599  -25.982  34.784 0.0000000000
90951  -52.882  -25.179  34.482 0.0000000000
90963  -53.361  -25.154  34.156 0.0000000000
90964  -53.617  -25.525  33.831 0.0000000000
93675  -54.975  -24.871  30.386 0.0000000000
92403  -54.947  -25.364  31.392 0.0000000000
91001  -55.117  -25.951  31.193 0.0000000000
89709  -54.958  -26.657  30.957 0.0000000000
87191  -54.629  -28.600  31.597 0.0000000000
76950  -39.753  -36.503  48.441 0.0000000000
78252  -39.878  -35.583  49.226 0.0000000000
78225  -39.418  -34.518  50.355 0.0000000000
82003  -36.904  -33.527  51.096 0.0000000000
81991  -37.496  -33.199  51.154 0.0000000000
82005  -37.739  -33.026  50.576 0.0000000000
83288  -38.335  -32.812  50.240 0.0000000000
83302  -38.796  -32.501  50.014 0.0000000000
82020  -39.302  -32.455  49.738 0.0000000000
82035  -38.242  -33.256  49.426 0.0000000000
80769  -38.533  -33.488  48.602 0.0000000000
80788  -38.006  -33.966  47.750 0.0000000000
50099  -16.681  -57.062  54.392 0.0000000000
50115  -17.129  -57.216  53.973 0.0000000000
50116  -17.952  -56.805  53.602 0.0000000000
50187  -23.496  -56.581  51.403 0.0000000000
50144  -25.589  -56.548  52.567 0.0000000000
50122  -25.918  -56.355  52.964 0.0000000000
48976  -26.619  -56.902  51.853 0.0000000000
50191  -27.051  -56.650  51.064 0.0000000000
50192  -28.129  -56.679  51.293 0.0000000000
50196  -31.758  -56.513  50.341 0.0000000000
51442  -31.966  -56.490  49.588 0.0000000000
51432  -32.543  -56.252  50.876 0.0000000000
51444  -33.091  -56.010  50.419 0.0000000000
52706  -33.694  -55.518  50.149 0.0000000000
57549  -33.550  -51.321  50.202 0.0000000000
57559  -33.023  -51.664  49.256 0.0000000000
56316  -34.128  -52.157  50.741 0.0000000000
55084  -34.076  -53.071  50.649 0.0000000000
55107  -35.667  -52.619  50.213 0.0000000000
56328  -36.228  -51.580  50.706 0.0000000000
57550  -36.432  -51.238  50.524 0.0000000000
59980  -36.353  -48.168  52.066 0.0000000000
59991  -36.638  -48.762  51.473 0.0000000000
61322  -36.728  -48.148  51.679 0.0000000000
61330  -37.299  -47.854  50.926 0.0000000000
63789  -37.539  -45.999  50.675 0.0000000000
65035  -37.797  -45.181  50.557 0.0000000000
66211  -34.836  -45.105  48.915 0.0000000000
67544  -35.429  -44.108  51.196 0.0000000000
68800  -36.436  -42.020  52.793 0.0000000000
68817  -35.978  -42.349  52.445 0.0000000000
68801  -36.589  -41.829  52.833 0.0000000000
67509  -37.150  -43.068  52.802 0.0000000000
67510  -37.536  -43.316  52.380 0.0000000000
68819  -37.878  -42.666  52.175 0.0000000000
68834  -38.269  -42.568  51.636 0.0000000000
68852  -38.519  -42.631  51.129 0.0000000000
70048  -38.599  -42.173  50.816 0.0000000000
71324  -38.575  -41.063  51.009 0.0000000000
75425  -37.809  -37.658  52.120 0.0000000000
75431  -38.034  -37.676  51.503 0.0000000000
75452  -38.148  -37.543  49.623 0.0000000000
75479  -38.511  -37.490  48.356 0.0000000000
76949  -38.887  -36.711  48.544 0.0000000000
51418  -14.666  -56.873  52.971 0.0000000000
51401  -14.580  -56.694  53.870 0.0000000000
51367  -16.238  -56.738  54.452 0.0000000000
76964  -44.199  -37.202  47.875 0.0000000000
74054  -44.606  -38.856  48.152 0.0000000000
74055  -44.929  -39.248  47.552 0.0000000000
80837  -44.383  -33.846  45.813 0.0000000000
80816  -44.713  -33.546  46.422 0.0000000000
79554  -46.043  -34.361  45.795 0.0000000000
75538  -46.965  -37.464  44.012 0.0000000000
84627  -50.250  -30.424  37.196 0.0000000000
84639  -49.594  -30.380  36.895 0.0000000000
83472  -49.981  -31.835  37.455 0.0000000000
82182  -49.936  -32.427  38.431 0.0000000000
83458  -50.665  -31.997  38.554 0.0000000000
82172  -51.094  -32.437  39.262 0.0000000000
79665  -50.429  -34.158  39.859 0.0000000000
93665  -52.993  -25.182  32.311 0.0000000000
93656  -53.340  -24.711  32.774 0.0000000000
93666  -53.656  -24.946  31.781 0.0000000000
93667  -53.995  -24.686  31.584 0.0000000000
94778  -54.465  -24.660  30.917 0.0000000000
94784  -54.255  -24.440  30.225 0.0000000000
94785  -54.683  -24.552  30.092 0.0000000000
93682  -55.007  -24.787  29.868 0.0000000000
78208  -37.858  -35.574  51.948 0.0000000000
79471  -38.271  -34.934  51.279 0.0000000000
79446  -37.889  -35.007  52.349 0.0000000000
80694  -37.267  -34.584  52.239 0.0000000000
80707  -36.974  -34.002  51.628 0.0000000000
79457  -36.442  -35.145  52.063 0.0000000000
80706  -36.677  -34.376  51.759 0.0000000000
80720  -36.775  -33.974  51.230 0.0000000000
80735  -36.781  -33.889  50.379 0.0000000000
80750  -36.095  -34.588  48.563 0.0000000000
52655  -16.826  -55.890  53.506 0.0000000000
52640  -17.599  -55.989  53.789 0.0000000000
52656  -17.887  -55.870  52.980 0.0000000000
53835  -19.312  -55.630  53.068 0.0000000000
53836  -20.085  -55.373  53.123 0.0000000000
53837  -20.948  -55.344  53.137 0.0000000000
53838  -21.794  -55.248  52.810 0.0000000000
53878  -31.226  -55.307  50.527 0.0000000000
58770  -33.733  -50.401  50.603 0.0000000000
58754  -34.137  -50.394  51.031 0.0000000000
57532  -35.397  -50.901  51.647 0.0000000000
58755  -34.518  -50.219  51.404 0.0000000000
59988  -34.693  -49.424  51.681 0.0000000000
62598  -34.097  -48.652  50.808 0.0000000000
62587  -34.302  -48.673  51.128 0.0000000000
61320  -34.959  -48.540  51.928 0.0000000000
62589  -35.419  -47.609  52.099 0.0000000000
62576  -35.698  -46.963  52.253 0.0000000000
62563  -35.933  -46.316  52.402 0.0000000000
70032  -35.752  -41.433  52.021 0.0000000000
70020  -36.225  -41.211  52.707 0.0000000000
70006  -36.407  -40.862  53.210 0.0000000000
71280  -36.876  -40.380  53.130 0.0000000000
72589  -37.107  -39.687  52.923 0.0000000000
73986  -37.290  -39.230  52.752 0.0000000000
73974  -37.272  -38.204  52.605 0.0000000000
73971  -36.373  -38.357  53.372 0.0000000000
75416  -37.131  -37.925  52.986 0.0000000000
75418  -37.424  -37.668  52.478 0.0000000000
76884  -37.613  -36.676  52.366 0.0000000000
52702  -15.254  -56.239  51.410 0.0000000000
52674  -16.030  -56.055  53.023 0.0000000000
76937  -42.942  -36.650  49.180 0.0000000000
78254  -42.769  -35.668  49.303 0.0000000000
78263  -43.284  -35.856  48.773 0.0000000000
78264  -43.720  -35.985  48.245 0.0000000000
79508  -43.614  -34.968  48.288 0.0000000000
76953  -43.887  -36.937  48.267 0.0000000000
76965  -44.360  -37.025  47.201 0.0000000000
75499  -44.712  -37.904  46.979 0.0000000000
80854  -46.709  -33.688  44.549 0.0000000000
80840  -47.026  -33.879  44.857 0.0000000000
79581  -47.197  -34.411  44.290 0.0000000000
75552  -47.642  -37.336  43.513 0.0000000000
88412  -48.982  -28.036  34.970 0.0000000000
87128  -48.901  -28.552  35.444 0.0000000000
87129  -49.389  -28.511  35.952 0.0000000000
87120  -49.763  -28.529  36.551 0.0000000000
87111  -49.952  -28.961  37.257 0.0000000000
87104  -51.484  -28.553  37.880 0.0000000000
85839  -50.958  -29.022  37.643 0.0000000000
85847  -50.765  -29.319  37.463 0.0000000000
84628  -51.076  -30.420  37.442 0.0000000000
82198  -51.280  -31.955  37.674 0.0000000000
74050  -35.943  -38.721  49.170 0.0000000000
75478  -35.887  -37.695  48.665 0.0000000000
68903  -35.508  -42.275  48.052 0.0000000000
70074  -35.830  -41.463  48.662 0.0000000000
80834  -41.245  -34.349  46.352 0.0000000000
79551  -41.748  -34.602  45.597 0.0000000000
79552  -42.757  -34.507  45.573 0.0000000000
79579  -44.377  -34.440  44.767 0.0000000000
79580  -45.286  -34.150  44.409 0.0000000000
79608  -45.944  -33.965  43.734 0.0000000000
79609  -46.634  -33.730  43.538 0.0000000000
80891  -47.129  -33.591  42.991 0.0000000000
79652  -46.388  -34.326  42.005 0.0000000000
82089  -48.373  -33.009  42.450 0.0000000000
82107  -48.365  -32.708  41.777 0.0000000000
88413  -49.418  -27.400  34.611 0.0000000000
88401  -50.526  -27.018  36.136 0.0000000000
89655  -51.142  -26.211  35.618 0.0000000000
89645  -51.184  -26.928  36.392 0.0000000000
87131  -51.392  -28.043  35.635 0.0000000000
93640  -53.448  -24.682  33.622 0.0000000000
92364  -53.543  -24.967  33.569 0.0000000000
90979  -53.994  -25.774  33.484 0.0000000000
90980  -54.519  -25.937  32.960 0.0000000000
74052  -42.214  -37.997  48.930 0.0000000000
75467  -41.981  -37.318  49.288 0.0000000000
76922  -41.896  -35.639  50.104 0.0000000000
79472  -38.727  -34.658  50.775 0.0000000000
78209  -39.565  -34.257  50.583 0.0000000000
81978  -38.631  -33.429  50.944 0.0000000000
79460  -39.795  -34.095  50.607 0.0000000000
78211  -40.767  -34.737  50.209 0.0000000000
76894  -41.220  -35.120  50.183 0.0000000000
78228  -41.543  -34.885  50.296 0.0000000000
78241  -42.014  -35.056  50.246 0.0000000000
80738  -42.049  -33.933  50.009 0.0000000000
80753  -41.857  -33.278  49.576 0.0000000000
82038  -40.859  -32.810  49.110 0.0000000000
80812  -40.685  -34.100  47.138 0.0000000000
78262  -35.492  -35.920  48.510 0.0000000000
79506  -35.705  -34.836  48.141 0.0000000000
80766  -35.955  -34.600  47.648 0.0000000000
80787  -37.022  -34.273  47.548 0.0000000000
80833  -40.215  -34.460  46.325 0.0000000000
48987  -15.568  -58.166  52.310 0.0000000000
50180  -16.199  -57.574  51.977 0.0000000000
51369  -17.804  -56.455  53.887 0.0000000000
50102  -18.855  -56.356  53.602 0.0000000000
53849  -21.464  -55.140  52.539 0.0000000000
52645  -22.962  -55.746  53.125 0.0000000000
50166  -24.424  -56.639  52.100 0.0000000000
50167  -25.331  -56.918  51.913 0.0000000000
50188  -24.529  -56.600  51.317 0.0000000000
50236  -27.945  -56.483  49.415 0.0000000000
50171  -28.953  -56.956  51.777 0.0000000000
50193  -29.263  -56.637  50.934 0.0000000000
51454  -32.561  -56.327  49.277 0.0000000000
51463  -32.488  -56.292  48.407 0.0000000000
53922  -31.265  -54.910  49.805 0.0000000000
53899  -32.248  -54.668  50.360 0.0000000000
56335  -32.933  -52.914  49.413 0.0000000000
53879  -32.222  -54.921  50.624 0.0000000000
53880  -32.922  -54.888  50.806 0.0000000000
52684  -33.688  -55.054  50.789 0.0000000000
52697  -34.048  -55.124  50.546 0.0000000000
53902  -34.457  -53.892  50.550 0.0000000000
52698  -34.443  -54.552  50.329 0.0000000000
52707  -34.418  -55.079  49.940 0.0000000000
52715  -34.782  -54.920  49.106 0.0000000000
57533  -36.104  -50.544  51.510 0.0000000000
58787  -36.706  -50.124  50.409 0.0000000000
60002  -36.754  -49.178  51.096 0.0000000000
58773  -36.838  -49.535  50.533 0.0000000000
58788  -36.793  -49.728  50.018 0.0000000000
62637  -34.252  -47.462  48.213 0.0000000000
63798  -34.733  -47.011  49.618 0.0000000000
63759  -35.366  -46.356  51.767 0.0000000000
63746  -35.694  -45.803  52.257 0.0000000000
62564  -36.445  -46.102  52.442 0.0000000000
68866  -35.464  -43.505  50.718 0.0000000000
68850  -35.523  -43.511  51.432 0.0000000000
67527  -35.524  -43.804  51.769 0.0000000000
67508  -35.853  -43.360  52.397 0.0000000000
66162  -35.643  -44.062  52.084 0.0000000000
65009  -35.873  -44.733  52.346 0.0000000000
63748  -36.578  -45.357  52.504 0.0000000000
63762  -37.277  -45.731  52.178 0.0000000000
65011  -37.685  -45.128  51.439 0.0000000000
66181  -37.953  -44.618  51.047 0.0000000000
67529  -38.116  -43.744  51.377 0.0000000000
66191  -38.053  -44.377  50.637 0.0000000000
72629  -38.390  -39.921  50.403 0.0000000000
74011  -38.190  -38.734  51.064 0.0000000000
74070  -39.236  -38.082  46.597 0.0000000000
75494  -38.729  -37.713  47.647 0.0000000000
48959  -15.502  -57.918  53.806 0.0000000000
75469  -43.378  -37.662  49.144 0.0000000000
80814  -42.802  -33.693  46.976 0.0000000000
80794  -43.723  -33.485  46.868 0.0000000000
80774  -44.390  -33.490  47.472 0.0000000000
82066  -44.808  -33.542  46.751 0.0000000000
80797  -45.166  -34.000  46.986 0.0000000000
80776  -44.967  -34.028  47.243 0.0000000000
76976  -44.826  -36.890  46.423 0.0000000000
78295  -46.125  -35.283  45.225 0.0000000000
78294  -45.670  -36.042  45.309 0.0000000000
75523  -45.485  -37.993  45.704 0.0000000000
74093  -45.489  -38.705  46.099 0.0000000000
72682  -45.593  -39.650  46.249 0.0000000000
82108  -49.020  -32.696  41.929 0.0000000000
87127  -48.078  -29.063  35.074 0.0000000000
85865  -47.618  -29.930  35.527 0.0000000000
84638  -49.041  -30.509  36.554 0.0000000000
84637  -48.046  -30.602  36.152 0.0000000000
84648  -47.466  -30.508  35.773 0.0000000000
80971  -47.870  -33.191  37.221 0.0000000000
80941  -48.154  -33.297  38.779 0.0000000000
82169  -48.936  -32.907  39.064 0.0000000000
82168  -48.245  -33.230  39.270 0.0000000000
82150  -49.095  -32.533  40.195 0.0000000000
82130  -49.097  -32.478  41.119 0.0000000000
80908  -49.525  -33.297  41.522 0.0000000000
79636  -49.507  -34.474  41.123 0.0000000000
78354  -49.562  -35.013  40.969 0.0000000000
78371  -49.556  -35.540  40.864 0.0000000000
78384  -49.898  -35.173  40.228 0.0000000000
77062  -49.282  -36.668  40.453 0.0000000000
48948  -28.141  -56.523  52.419 0.0000000000
48961  -26.520  -56.863  52.096 0.0000000000
48963  -28.314  -56.783  52.263 0.0000000000
48975  -25.996  -56.788  51.800 0.0000000000
48977  -27.282  -57.012  51.992 0.0000000000
48978  -28.117  -57.030  52.047 0.0000000000
48989  -26.530  -56.763  51.561 0.0000000000
50113  -15.590  -57.559  54.228 0.0000000000
50117  -19.249  -56.832  53.416 0.0000000000
50120  -21.613  -56.382  53.139 0.0000000000
50123  -26.114  -56.327  52.904 0.0000000000
50143  -24.199  -56.403  52.680 0.0000000000
50146  -27.338  -56.287  52.599 0.0000000000
50168  -26.925  -56.196  52.736 0.0000000000
50169  -27.076  -56.040  52.818 0.0000000000
50174  -31.612  -56.553  50.910 0.0000000000
50190  -26.215  -56.610  51.040 0.0000000000
50218  -31.835  -56.497  49.925 0.0000000000
51368  -17.107  -56.607  54.578 0.0000000000
51373  -21.222  -56.056  53.325 0.0000000000
51388  -21.645  -56.154  53.249 0.0000000000
51391  -26.041  -56.244  53.106 0.0000000000
51405  -26.510  -56.109  52.906 0.0000000000
51420  -26.983  -55.841  52.935 0.0000000000
51421  -32.574  -56.097  51.223 0.0000000000
51423  -31.934  -56.093  51.335 0.0000000000
51431  -32.762  -56.146  51.069 0.0000000000
51433  -32.984  -56.019  50.727 0.0000000000
51440  -28.351  -56.520  50.043 0.0000000000
51441  -28.641  -56.543  49.903 0.0000000000
51451  -28.120  -56.498  49.881 0.0000000000
52638  -15.721  -56.204  54.467 0.0000000000
52642  -19.696  -55.735  53.400 0.0000000000
52643  -20.446  -55.538  53.317 0.0000000000
52644  -20.928  -55.407  53.291 0.0000000000
52647  -25.895  -56.077  53.212 0.0000000000
52667  -31.680  -55.638  51.196 0.0000000000
52681  -32.794  -56.007  51.269 0.0000000000
52683  -32.817  -55.487  50.958 0.0000000000
52685  -34.126  -54.688  50.686 0.0000000000
52694  -32.896  -56.015  51.237 0.0000000000
52695  -32.887  -56.009  50.955 0.0000000000
52708  -34.696  -54.459  49.931 0.0000000000
53828  -21.021  -55.198  53.435 0.0000000000
53829  -21.285  -55.404  53.132 0.0000000000
53830  -21.867  -55.418  53.015 0.0000000000
53839  -22.523  -55.391  52.914 0.0000000000
53840  -23.262  -55.509  52.901 0.0000000000
53898  -31.343  -55.113  50.190 0.0000000000
53904  -35.481  -52.867  50.354 0.0000000000
53926  -34.838  -54.052  50.035 0.0000000000
53928  -35.438  -53.062  50.209 0.0000000000
53941  -34.760  -54.659  49.569 0.0000000000
53943  -35.411  -53.392  49.724 0.0000000000
55087  -35.510  -52.670  50.569 0.0000000000
55105  -35.119  -53.834  49.838 0.0000000000
55128  -35.224  -53.624  49.942 0.0000000000
56307  -34.407  -51.702  51.086 0.0000000000
56315  -33.739  -51.935  50.493 0.0000000000
56329  -36.127  -51.911  50.278 0.0000000000
57530  -34.379  -51.025  51.159 0.0000000000
57531  -34.796  -50.859  51.551 0.0000000000
57543  -36.594  -50.638  50.584 0.0000000000
58759  -36.608  -49.548  51.253 0.0000000000
58771  -36.495  -50.156  51.268 0.0000000000
59981  -36.546  -48.342  51.823 0.0000000000
61310  -36.205  -47.955  52.204 0.0000000000
61312  -36.862  -47.146  51.989 0.0000000000
61318  -34.070  -49.150  51.006 0.0000000000
61321  -35.658  -48.301  52.179 0.0000000000
61339  -33.264  -49.167  49.720 0.0000000000
62565  -36.775  -45.863  52.450 0.0000000000
62590  -35.839  -47.571  52.284 0.0000000000
62591  -37.365  -46.859  51.337 0.0000000000
62597  -33.754  -48.971  50.655 0.0000000000
63747  -36.116  -45.542  52.449 0.0000000000
63749  -36.987  -45.484  52.478 0.0000000000
63760  -35.632  -47.208  52.225 0.0000000000
63761  -35.878  -47.117  52.324 0.0000000000
63775  -35.626  -47.456  52.224 0.0000000000
63776  -35.814  -47.329  52.304 0.0000000000
63777  -37.542  -46.050  51.102 0.0000000000
64995  -36.230  -44.581  52.494 0.0000000000
65012  -37.820  -44.817  51.214 0.0000000000
65023  -37.665  -45.529  51.099 0.0000000000
65024  -37.766  -45.275  50.990 0.0000000000
67491  -36.167  -42.887  52.632 0.0000000000
67511  -37.850  -43.588  51.894 0.0000000000
67528  -38.301  -43.168  51.383 0.0000000000
68820  -37.995  -43.273  51.818 0.0000000000
68832  -35.514  -43.171  51.857 0.0000000000
71387  -45.737  -40.435  46.082 0.0000000000
72575  -36.285  -39.169  53.549 0.0000000000
72588  -36.408  -39.098  52.927 0.0000000000
72701  -45.707  -39.138  45.812 0.0000000000
73973  -37.042  -38.698  52.813 0.0000000000
73985  -36.598  -38.346  52.972 0.0000000000
75417  -37.187  -37.709  52.631 0.0000000000
75424  -36.523  -37.651  52.755 0.0000000000
75466  -38.296  -37.395  48.969 0.0000000000
75483  -43.773  -37.494  48.723 0.0000000000
75498  -44.496  -37.922  47.735 0.0000000000
75564  -49.306  -37.247  42.031 0.0000000000
76872  -37.041  -36.966  52.734 0.0000000000
76873  -37.339  -36.809  52.605 0.0000000000
76895  -41.419  -35.099  50.257 0.0000000000
76907  -40.937  -35.407  49.837 0.0000000000
76909  -41.627  -35.253  50.209 0.0000000000
76987  -45.462  -36.949  45.640 0.0000000000
76999  -46.639  -36.973  44.337 0.0000000000
77031  -49.334  -36.583  41.637 0.0000000000
77045  -49.468  -36.358  41.215 0.0000000000
77063  -49.483  -36.225  40.585 0.0000000000
78181  -36.961  -36.492  52.735 0.0000000000
78182  -37.000  -36.274  52.692 0.0000000000
78183  -37.322  -36.243  52.646 0.0000000000
78194  -36.981  -35.820  52.658 0.0000000000
78195  -37.553  -35.984  52.564 0.0000000000
78207  -36.393  -36.023  52.283 0.0000000000
78210  -40.086  -34.391  50.294 0.0000000000
78212  -41.150  -34.860  50.301 0.0000000000
78238  -38.400  -35.650  50.204 0.0000000000
78239  -39.406  -35.037  49.689 0.0000000000
78261  -35.455  -35.315  47.884 0.0000000000
79430  -37.291  -35.804  52.658 0.0000000000
79444  -37.082  -35.234  52.586 0.0000000000
79461  -40.444  -34.287  50.404 0.0000000000
79462  -40.890  -34.496  50.378 0.0000000000
79470  -36.380  -34.859  51.387 0.0000000000
79475  -41.228  -34.443  50.383 0.0000000000
79487  -41.727  -34.325  50.269 0.0000000000
79507  -43.164  -35.070  48.868 0.0000000000
79510  -44.744  -34.214  47.351 0.0000000000
79521  -44.992  -34.316  47.000 0.0000000000
79666  -50.720  -33.552  39.630 0.0000000000
80696  -37.884  -34.600  51.854 0.0000000000
80708  -37.536  -33.836  51.566 0.0000000000
80710  -39.302  -33.848  50.869 0.0000000000
80711  -39.920  -33.698  50.587 0.0000000000
80721  -36.865  -33.896  51.471 0.0000000000
80722  -37.770  -33.386  51.293 0.0000000000
80723  -37.971  -33.536  51.380 0.0000000000
80724  -40.384  -33.497  50.491 0.0000000000
80739  -43.520  -33.184  48.871 0.0000000000
80740  -43.671  -32.973  48.544 0.0000000000
80752  -37.171  -33.658  49.824 0.0000000000
80756  -43.651  -33.935  48.627 0.0000000000
80795  -44.560  -33.479  47.145 0.0000000000
80796  -45.238  -33.685  46.994 0.0000000000
80893  -49.085  -33.532  41.928 0.0000000000
80894  -49.401  -33.824  41.416 0.0000000000
80910  -50.368  -33.392  40.385 0.0000000000
80926  -50.545  -33.420  40.066 0.0000000000
81976  -36.967  -33.649  51.429 0.0000000000
81979  -39.049  -33.496  50.772 0.0000000000
81989  -36.904  -33.596  51.310 0.0000000000
81990  -36.936  -33.407  51.347 0.0000000000
81992  -38.270  -33.223  51.010 0.0000000000
81993  -40.077  -33.137  50.504 0.0000000000
81994  -40.336  -32.808  50.417 0.0000000000
82004  -37.120  -33.269  50.831 0.0000000000
82006  -40.102  -32.463  50.444 0.0000000000
82007  -40.426  -32.571  50.358 0.0000000000
82008  -43.627  -32.971  48.533 0.0000000000
82009  -43.872  -32.997  48.659 0.0000000000
82019  -38.643  -32.750  49.796 0.0000000000
82026  -44.035  -33.203  48.144 0.0000000000
82043  -44.096  -33.485  47.990 0.0000000000
82052  -42.458  -33.104  48.323 0.0000000000
82053  -42.926  -33.181  47.955 0.0000000000
82054  -43.646  -33.277  47.608 0.0000000000
82055  -44.208  -33.368  47.304 0.0000000000
82064  -43.810  -33.178  46.967 0.0000000000
82065  -44.392  -33.406  46.912 0.0000000000
82090  -48.864  -33.069  42.376 0.0000000000
82109  -49.282  -33.028  41.970 0.0000000000
82153  -50.696  -33.016  39.954 0.0000000000
82171  -50.566  -32.293  39.346 0.0000000000
82194  -48.454  -32.727  36.840 0.0000000000
82196  -49.641  -32.447  37.724 0.0000000000
82212  -48.214  -32.250  36.430 0.0000000000
83268  -38.962  -33.134  50.512 0.0000000000
83269  -39.556  -33.027  50.476 0.0000000000
83270  -39.871  -33.005  50.501 0.0000000000
83278  -39.023  -32.847  50.379 0.0000000000
83281  -40.468  -32.176  50.827 0.0000000000
83289  -38.891  -32.624  50.208 0.0000000000
83290  -39.561  -32.429  50.262 0.0000000000
83292  -40.256  -32.195  50.877 0.0000000000
83293  -43.855  -32.898  48.433 0.0000000000
83294  -44.043  -32.752  48.507 0.0000000000
83301  -38.397  -32.751  49.996 0.0000000000
83303  -39.393  -32.376  50.103 0.0000000000
83304  -39.806  -32.392  50.333 0.0000000000
83305  -43.785  -32.725  47.774 0.0000000000
83306  -44.267  -32.713  48.563 0.0000000000
83307  -44.184  -32.985  48.366 0.0000000000
83316  -43.777  -33.095  48.035 0.0000000000
83317  -44.042  -33.147  48.076 0.0000000000
83318  -44.178  -32.765  48.385 0.0000000000
83443  -50.803  -32.021  39.022 0.0000000000
83457  -50.332  -32.192  38.102 0.0000000000
84636  -47.369  -30.914  35.965 0.0000000000
85840  -51.291  -29.036  37.703 0.0000000000
85841  -51.733  -29.023  37.694 0.0000000000
85849  -52.010  -29.140  37.374 0.0000000000
85855  -47.972  -30.087  36.036 0.0000000000
85860  -51.961  -28.991  36.943 0.0000000000
87103  -50.983  -28.609  37.792 0.0000000000
87105  -52.048  -28.568  37.769 0.0000000000
87114  -52.015  -28.577  37.261 0.0000000000
87121  -50.125  -28.473  36.948 0.0000000000
87123  -51.810  -28.581  36.965 0.0000000000
87141  -47.930  -28.946  34.284 0.0000000000
88368  -51.081  -28.384  37.926 0.0000000000
88369  -51.203  -28.138  38.023 0.0000000000
88370  -51.768  -28.036  38.016 0.0000000000
88379  -50.955  -28.224  37.636 0.0000000000
88380  -51.322  -28.007  37.463 0.0000000000
88381  -51.932  -28.220  37.487 0.0000000000
88399  -49.194  -28.146  35.403 0.0000000000
88449  -54.672  -27.547  32.225 0.0000000000
89658  -53.105  -25.626  34.401 0.0000000000
90948  -51.478  -25.797  35.437 0.0000000000
90961  -51.350  -25.618  35.078 0.0000000000
90977  -51.123  -25.244  34.127 0.0000000000
90978  -51.603  -24.774  34.275 0.0000000000
90997  -50.857  -25.678  32.083 0.0000000000
92362  -53.499  -24.521  34.035 0.0000000000
92363  -53.480  -24.782  33.914 0.0000000000
92377  -51.186  -25.019  33.440 0.0000000000
92379  -52.305  -24.407  33.049 0.0000000000
92380  -53.656  -25.274  33.605 0.0000000000
92390  -51.267  -24.948  32.994 0.0000000000
92393  -53.109  -25.349  31.863 0.0000000000
92401  -52.186  -25.173  32.017 0.0000000000
93626  -52.601  -24.406  34.296 0.0000000000
93627  -53.140  -24.320  34.120 0.0000000000
93628  -53.586  -24.349  34.175 0.0000000000
93629  -53.634  -24.420  34.010 0.0000000000
93641  -53.618  -24.988  33.316 0.0000000000
93655  -52.921  -24.690  32.725 0.0000000000
93674  -53.969  -24.584  30.784 0.0000000000
93676  -54.973  -24.400  29.730 0.0000000000
94779  -54.920  -24.832  31.008 0.0000000000
94786  -55.241  -24.464  30.104 0.0000000000
94793  -55.039  -24.003  29.296 0.0000000000
