#!ascii label  , from subject sub-01 vox2ras=TkReg
397
110300  -27.300  -9.708  -29.925 0.0000000000
104596  -24.666  -14.481  -28.701 0.0000000000
102329  -28.339  -16.153  -26.890 0.0000000000
97821  -27.336  -20.582  -29.205 0.0000000000
123177  -25.070  2.889  -25.084 0.0000000000
120097  -26.589  -0.440  -25.858 0.0000000000
116059  -23.847  -5.069  -29.391 0.0000000000
93240  -26.143  -24.465  -26.804 0.0000000000
101232  -25.790  -17.627  -28.660 0.0000000000
100099  -24.588  -18.916  -27.523 0.0000000000
121110  -25.212  0.912  -25.101 0.0000000000
120120  -23.228  -0.261  -27.811 0.0000000000
109166  -24.685  -9.995  -28.814 0.0000000000
112668  -23.219  -7.828  -27.978 0.0000000000
112714  -25.807  -7.109  -30.354 0.0000000000
116061  -26.381  -4.667  -28.612 0.0000000000
112669  -27.328  -7.899  -27.559 0.0000000000
109112  -27.244  -11.018  -26.294 0.0000000000
106854  -23.659  -12.501  -27.609 0.0000000000
106901  -26.322  -12.263  -30.165 0.0000000000
106856  -27.880  -13.198  -28.491 0.0000000000
103455  -28.030  -15.089  -30.182 0.0000000000
100117  -28.512  -18.402  -28.279 0.0000000000
96651  -29.326  -20.895  -26.763 0.0000000000
118079  -22.236  -2.527  -27.717 0.0000000000
118087  -24.565  -2.377  -28.468 0.0000000000
118070  -27.166  -2.879  -26.017 0.0000000000
97766  -23.589  -20.602  -26.047 0.0000000000
95527  -26.114  -22.358  -27.526 0.0000000000
101224  -23.631  -17.673  -26.982 0.0000000000
100097  -23.464  -18.560  -26.530 0.0000000000
121139  -22.923  0.867  -26.932 0.0000000000
120119  -22.565  -0.789  -27.616 0.0000000000
109179  -25.918  -9.970  -30.262 0.0000000000
110311  -25.016  -8.795  -29.691 0.0000000000
110314  -26.807  -8.829  -30.208 0.0000000000
112697  -26.884  -7.279  -29.496 0.0000000000
111470  -27.364  -8.750  -28.393 0.0000000000
111435  -27.441  -8.803  -26.606 0.0000000000
110275  -27.596  -9.780  -28.010 0.0000000000
105702  -24.213  -13.457  -28.172 0.0000000000
106882  -25.254  -12.137  -29.223 0.0000000000
105717  -25.432  -13.385  -29.426 0.0000000000
105729  -26.953  -13.404  -30.416 0.0000000000
103446  -26.322  -15.516  -29.556 0.0000000000
100129  -26.863  -18.720  -29.231 0.0000000000
101243  -27.103  -17.618  -29.402 0.0000000000
98970  -28.116  -19.753  -29.346 0.0000000000
98956  -28.899  -19.376  -28.166 0.0000000000
97805  -28.562  -20.486  -28.802 0.0000000000
123194  -22.757  2.645  -24.897 0.0000000000
123175  -23.594  2.752  -24.414 0.0000000000
124190  -24.620  3.808  -24.468 0.0000000000
125216  -25.474  4.547  -24.213 0.0000000000
123178  -26.125  2.765  -25.063 0.0000000000
121127  -26.460  0.161  -25.781 0.0000000000
113863  -23.600  -6.451  -28.822 0.0000000000
114975  -22.625  -5.517  -27.829 0.0000000000
117069  -22.924  -3.559  -28.891 0.0000000000
119135  -23.114  -1.843  -29.473 0.0000000000
117077  -24.194  -3.623  -29.742 0.0000000000
116045  -26.895  -4.639  -26.778 0.0000000000
117056  -26.488  -3.699  -27.166 0.0000000000
117045  -27.571  -3.553  -25.341 0.0000000000
104598  -28.057  -14.597  -28.292 0.0000000000
105678  -27.793  -13.293  -26.746 0.0000000000
94406  -24.254  -23.253  -26.246 0.0000000000
95510  -24.771  -22.503  -26.615 0.0000000000
96648  -24.725  -21.484  -26.729 0.0000000000
94408  -25.992  -23.400  -27.084 0.0000000000
103421  -23.821  -15.664  -27.630 0.0000000000
103439  -25.444  -15.677  -29.024 0.0000000000
102328  -24.431  -16.777  -28.109 0.0000000000
100115  -25.216  -18.628  -28.102 0.0000000000
98953  -25.691  -19.556  -28.134 0.0000000000
122164  -23.725  2.043  -25.586 0.0000000000
122146  -25.302  1.670  -24.746 0.0000000000
122176  -24.151  1.172  -26.515 0.0000000000
122177  -24.886  0.765  -26.366 0.0000000000
120111  -24.904  -0.524  -26.885 0.0000000000
109153  -23.648  -10.190  -27.961 0.0000000000
110286  -24.205  -9.291  -28.651 0.0000000000
112695  -24.635  -7.278  -29.637 0.0000000000
113872  -24.691  -6.363  -29.860 0.0000000000
116076  -25.642  -4.506  -29.817 0.0000000000
113887  -26.233  -5.941  -29.863 0.0000000000
113855  -26.837  -6.174  -27.760 0.0000000000
113837  -27.574  -6.722  -25.876 0.0000000000
112644  -27.886  -7.763  -25.380 0.0000000000
90514  -26.802  -26.041  -26.330 0.0000000000
91872  -27.324  -25.242  -26.688 0.0000000000
106868  -24.675  -11.406  -28.647 0.0000000000
106900  -25.792  -11.561  -29.955 0.0000000000
108052  -26.949  -11.307  -30.302 0.0000000000
108022  -27.653  -11.612  -29.232 0.0000000000
106884  -27.754  -12.586  -29.785 0.0000000000
105720  -28.021  -13.806  -29.475 0.0000000000
103449  -28.294  -15.555  -29.007 0.0000000000
102347  -26.797  -16.501  -29.563 0.0000000000
102349  -28.042  -16.618  -29.193 0.0000000000
101234  -28.409  -17.437  -28.143 0.0000000000
100101  -28.832  -18.472  -27.333 0.0000000000
98925  -30.306  -19.276  -26.682 0.0000000000
123179  -27.115  2.603  -24.604 0.0000000000
120133  -22.739  -0.941  -28.708 0.0000000000
120135  -23.975  -0.978  -28.519 0.0000000000
119103  -25.619  -1.290  -26.557 0.0000000000
118089  -25.774  -3.673  -28.252 0.0000000000
118069  -26.335  -2.285  -26.487 0.0000000000
118056  -26.748  -1.916  -25.919 0.0000000000
107999  -27.548  -11.819  -27.201 0.0000000000
107986  -27.614  -11.735  -25.636 0.0000000000
98922  -23.491  -19.567  -26.129 0.0000000000
98938  -24.202  -19.592  -26.906 0.0000000000
97782  -25.609  -20.478  -27.743 0.0000000000
96688  -26.863  -21.482  -28.580 0.0000000000
93262  -27.660  -23.807  -27.382 0.0000000000
94428  -28.145  -23.153  -27.381 0.0000000000
96690  -28.033  -21.474  -28.694 0.0000000000
120118  -22.401  -1.120  -26.796 0.0000000000
109180  -26.742  -10.057  -30.312 0.0000000000
110313  -26.187  -8.988  -30.499 0.0000000000
111490  -27.173  -8.520  -29.460 0.0000000000
110287  -27.425  -9.679  -29.025 0.0000000000
104595  -23.992  -14.561  -28.027 0.0000000000
105701  -23.794  -14.013  -27.747 0.0000000000
105716  -24.814  -13.373  -28.966 0.0000000000
104610  -25.081  -13.950  -29.177 0.0000000000
104611  -25.579  -14.516  -29.390 0.0000000000
98968  -26.629  -19.592  -28.899 0.0000000000
98969  -27.237  -19.586  -29.328 0.0000000000
97822  -28.010  -20.831  -29.237 0.0000000000
123176  -24.029  2.631  -24.763 0.0000000000
124189  -23.977  3.296  -24.374 0.0000000000
124191  -25.739  3.741  -24.651 0.0000000000
121128  -26.923  0.156  -25.566 0.0000000000
120098  -27.075  -0.295  -25.472 0.0000000000
114983  -23.710  -5.606  -29.178 0.0000000000
113862  -22.954  -6.448  -28.258 0.0000000000
114982  -23.177  -5.520  -28.594 0.0000000000
116052  -22.699  -4.548  -28.398 0.0000000000
116058  -23.425  -4.583  -29.160 0.0000000000
117076  -23.533  -3.657  -29.460 0.0000000000
116065  -23.651  -4.245  -29.462 0.0000000000
114966  -27.217  -5.643  -26.368 0.0000000000
116046  -27.409  -4.628  -25.863 0.0000000000
103424  -27.912  -15.274  -26.871 0.0000000000
104581  -27.878  -14.633  -27.198 0.0000000000
93239  -25.180  -24.416  -26.514 0.0000000000
93238  -24.464  -23.998  -26.282 0.0000000000
94407  -25.008  -23.359  -26.617 0.0000000000
95511  -25.413  -22.544  -27.040 0.0000000000
103422  -24.197  -16.232  -27.906 0.0000000000
102327  -24.015  -16.756  -27.398 0.0000000000
100098  -24.018  -18.524  -27.188 0.0000000000
100114  -24.585  -18.243  -27.721 0.0000000000
98939  -25.004  -19.605  -27.606 0.0000000000
122163  -22.929  2.223  -25.915 0.0000000000
122175  -23.301  1.450  -26.273 0.0000000000
121148  -23.707  0.417  -27.375 0.0000000000
122187  -24.080  0.733  -27.160 0.0000000000
121149  -24.189  0.326  -27.424 0.0000000000
121141  -25.332  0.164  -26.472 0.0000000000
120110  -24.597  -0.146  -27.322 0.0000000000
109154  -24.138  -10.073  -28.449 0.0000000000
111509  -25.688  -8.062  -30.475 0.0000000000
111489  -24.517  -8.210  -29.378 0.0000000000
112713  -25.248  -7.198  -30.080 0.0000000000
113885  -25.248  -6.266  -30.183 0.0000000000
113886  -25.806  -6.157  -30.134 0.0000000000
112683  -27.352  -7.658  -28.721 0.0000000000
113865  -27.074  -6.870  -28.957 0.0000000000
113856  -27.243  -6.857  -28.141 0.0000000000
113846  -27.134  -6.598  -27.093 0.0000000000
112655  -27.567  -7.717  -26.387 0.0000000000
110263  -27.403  -9.858  -26.929 0.0000000000
109113  -27.660  -10.957  -25.234 0.0000000000
90513  -25.945  -25.981  -26.248 0.0000000000
90498  -27.183  -26.809  -25.906 0.0000000000
106866  -23.571  -11.828  -27.542 0.0000000000
108019  -23.706  -11.076  -27.701 0.0000000000
106867  -24.188  -12.118  -28.210 0.0000000000
106883  -25.769  -12.822  -29.751 0.0000000000
108051  -26.228  -10.997  -30.218 0.0000000000
108035  -27.399  -11.526  -29.946 0.0000000000
106902  -27.261  -12.417  -30.272 0.0000000000
104618  -27.433  -14.338  -30.346 0.0000000000
105731  -28.039  -13.934  -29.983 0.0000000000
104620  -28.161  -14.650  -29.775 0.0000000000
104613  -28.132  -14.485  -29.114 0.0000000000
103456  -28.163  -15.252  -29.767 0.0000000000
102338  -25.995  -16.535  -29.121 0.0000000000
101244  -27.832  -17.600  -29.248 0.0000000000
101245  -28.193  -17.575  -28.816 0.0000000000
102350  -28.300  -16.735  -28.683 0.0000000000
100100  -28.500  -17.968  -27.715 0.0000000000
97785  -28.904  -19.751  -27.381 0.0000000000
98941  -28.987  -19.369  -27.624 0.0000000000
97769  -29.145  -19.779  -26.800 0.0000000000
98926  -31.191  -19.683  -26.477 0.0000000000
122147  -26.427  1.575  -24.713 0.0000000000
111451  -23.196  -8.524  -27.771 0.0000000000
117063  -22.054  -3.483  -27.038 0.0000000000
119115  -22.056  -1.636  -27.358 0.0000000000
119116  -22.382  -1.628  -28.292 0.0000000000
119137  -24.040  -1.943  -28.810 0.0000000000
119129  -23.857  -1.382  -28.781 0.0000000000
118080  -24.631  -1.766  -28.007 0.0000000000
119117  -24.679  -1.263  -27.737 0.0000000000
118081  -25.174  -2.152  -27.515 0.0000000000
116068  -26.085  -4.510  -29.337 0.0000000000
117079  -25.462  -4.000  -29.526 0.0000000000
117072  -25.960  -4.138  -28.508 0.0000000000
117057  -26.999  -3.596  -26.295 0.0000000000
118057  -27.302  -2.235  -25.533 0.0000000000
106869  -27.886  -12.575  -28.935 0.0000000000
108008  -27.622  -11.695  -28.252 0.0000000000
106855  -27.667  -12.674  -27.855 0.0000000000
106830  -27.758  -12.901  -26.298 0.0000000000
96647  -23.902  -21.454  -26.083 0.0000000000
97754  -22.939  -20.528  -25.614 0.0000000000
97767  -24.196  -20.595  -26.516 0.0000000000
96666  -25.545  -21.568  -27.412 0.0000000000
96665  -25.209  -20.982  -27.202 0.0000000000
96667  -26.372  -21.521  -27.939 0.0000000000
97783  -25.982  -21.052  -27.934 0.0000000000
93241  -27.009  -24.339  -27.248 0.0000000000
95530  -28.212  -22.208  -27.841 0.0000000000
98937  -23.764  -19.057  -26.709 0.0000000000
121138  -22.683  0.379  -26.341 0.0000000000
120109  -23.005  -0.044  -27.059 0.0000000000
109178  -25.466  -9.841  -29.864 0.0000000000
110299  -25.179  -9.382  -29.671 0.0000000000
110312  -25.486  -9.034  -30.178 0.0000000000
111510  -26.335  -7.953  -30.449 0.0000000000
112716  -26.716  -7.373  -29.860 0.0000000000
111511  -26.790  -7.812  -30.015 0.0000000000
111452  -27.413  -9.007  -27.500 0.0000000000
105688  -23.470  -13.416  -27.368 0.0000000000
105689  -23.924  -12.874  -27.812 0.0000000000
106881  -24.613  -12.780  -28.658 0.0000000000
105718  -26.139  -13.478  -29.910 0.0000000000
104612  -26.620  -14.469  -30.100 0.0000000000
103447  -27.363  -15.417  -30.071 0.0000000000
101233  -26.474  -18.004  -29.045 0.0000000000
101242  -26.418  -17.264  -29.221 0.0000000000
100130  -27.650  -18.648  -29.426 0.0000000000
100131  -28.265  -18.577  -29.085 0.0000000000
100118  -28.921  -19.021  -28.091 0.0000000000
98955  -28.726  -19.426  -28.585 0.0000000000
97784  -28.912  -20.040  -27.970 0.0000000000
96650  -28.818  -20.497  -27.280 0.0000000000
123174  -22.986  2.606  -24.691 0.0000000000
124192  -26.740  3.606  -24.446 0.0000000000
121111  -25.892  0.722  -24.986 0.0000000000
121112  -26.958  0.505  -25.022 0.0000000000
114974  -22.128  -5.519  -26.966 0.0000000000
116051  -22.321  -4.520  -27.389 0.0000000000
117064  -22.413  -3.527  -28.058 0.0000000000
118086  -22.601  -2.563  -28.633 0.0000000000
118093  -23.048  -2.618  -29.292 0.0000000000
118094  -23.582  -2.682  -29.422 0.0000000000
118095  -24.272  -2.743  -29.386 0.0000000000
116053  -26.455  -4.706  -27.641 0.0000000000
105690  -27.692  -13.074  -27.316 0.0000000000
105691  -27.860  -13.654  -27.698 0.0000000000
105679  -27.994  -13.918  -26.796 0.0000000000
95494  -23.497  -22.311  -25.682 0.0000000000
95509  -24.162  -22.341  -26.152 0.0000000000
96649  -25.101  -22.030  -26.956 0.0000000000
94425  -26.513  -22.812  -27.527 0.0000000000
103437  -24.254  -15.111  -28.218 0.0000000000
104597  -25.027  -15.112  -28.949 0.0000000000
103438  -24.599  -15.719  -28.426 0.0000000000
102337  -25.181  -16.651  -28.601 0.0000000000
101225  -24.255  -17.587  -27.594 0.0000000000
101231  -24.854  -17.599  -28.200 0.0000000000
100116  -26.183  -18.813  -28.574 0.0000000000
98954  -26.200  -19.720  -28.464 0.0000000000
122143  -22.670  2.214  -24.724 0.0000000000
123195  -23.165  2.612  -25.277 0.0000000000
123196  -23.593  2.459  -25.238 0.0000000000
122145  -24.464  2.033  -24.864 0.0000000000
122165  -24.672  1.271  -25.495 0.0000000000
122186  -23.627  1.020  -26.955 0.0000000000
121126  -25.504  0.600  -25.836 0.0000000000
121142  -25.852  0.094  -26.106 0.0000000000
120112  -25.973  -0.532  -26.217 0.0000000000
111468  -23.699  -8.447  -28.421 0.0000000000
110298  -24.695  -9.207  -29.237 0.0000000000
111469  -24.264  -8.634  -28.883 0.0000000000
111488  -24.002  -8.009  -28.868 0.0000000000
112694  -24.049  -7.309  -29.119 0.0000000000
113871  -24.139  -6.436  -29.386 0.0000000000
114990  -24.200  -5.570  -29.580 0.0000000000
116067  -24.749  -4.553  -29.978 0.0000000000
114998  -25.270  -5.363  -30.191 0.0000000000
114999  -25.879  -5.266  -29.987 0.0000000000
114984  -26.708  -5.469  -28.962 0.0000000000
113873  -26.657  -6.447  -29.379 0.0000000000
113864  -26.793  -6.236  -28.555 0.0000000000
114976  -26.550  -5.507  -28.131 0.0000000000
114965  -26.795  -5.635  -27.296 0.0000000000
114956  -27.611  -5.735  -25.286 0.0000000000
101210  -28.891  -16.689  -26.459 0.0000000000
91870  -25.572  -25.455  -26.424 0.0000000000
91871  -26.462  -25.270  -26.629 0.0000000000
108020  -24.245  -10.923  -28.289 0.0000000000
108033  -24.558  -10.569  -28.605 0.0000000000
108050  -25.554  -10.776  -29.721 0.0000000000
109168  -27.216  -10.648  -30.077 0.0000000000
109155  -27.458  -10.642  -29.534 0.0000000000
106885  -27.970  -13.117  -29.477 0.0000000000
105730  -27.678  -13.496  -30.186 0.0000000000
105719  -27.950  -13.380  -29.836 0.0000000000
106870  -28.006  -13.284  -29.062 0.0000000000
105703  -27.969  -13.832  -28.725 0.0000000000
103440  -28.126  -15.466  -27.752 0.0000000000
102348  -27.544  -16.566  -29.533 0.0000000000
103448  -27.973  -15.741  -29.720 0.0000000000
102339  -28.390  -16.464  -27.986 0.0000000000
101226  -28.651  -17.346  -27.178 0.0000000000
101227  -28.892  -17.971  -26.622 0.0000000000
98924  -29.527  -18.892  -26.932 0.0000000000
122148  -27.506  1.564  -24.631 0.0000000000
119128  -22.732  -1.730  -29.129 0.0000000000
120134  -23.435  -0.986  -28.822 0.0000000000
120121  -24.253  -0.403  -27.811 0.0000000000
120122  -24.716  -0.838  -27.414 0.0000000000
119104  -26.162  -1.319  -26.254 0.0000000000
117078  -24.966  -3.854  -29.834 0.0000000000
117070  -24.985  -3.330  -29.140 0.0000000000
118088  -25.138  -3.244  -28.176 0.0000000000
117065  -26.153  -4.000  -27.980 0.0000000000
118082  -25.949  -3.103  -27.680 0.0000000000
118068  -25.531  -1.748  -26.886 0.0000000000
119094  -26.636  -1.266  -25.800 0.0000000000
119095  -27.308  -1.213  -25.166 0.0000000000
109141  -27.581  -10.696  -28.622 0.0000000000
109129  -27.446  -10.805  -27.558 0.0000000000
106845  -27.657  -12.644  -26.949 0.0000000000
107985  -27.561  -12.119  -26.317 0.0000000000
100078  -22.964  -18.717  -25.807 0.0000000000
97781  -24.817  -20.452  -27.118 0.0000000000
97803  -26.451  -20.588  -28.551 0.0000000000
97804  -26.946  -21.073  -28.981 0.0000000000
94409  -26.541  -23.893  -27.190 0.0000000000
94426  -26.917  -23.281  -27.585 0.0000000000
94427  -27.599  -23.116  -27.615 0.0000000000
95528  -26.919  -22.173  -27.961 0.0000000000
95529  -27.488  -22.432  -27.923 0.0000000000
95548  -27.489  -21.945  -28.480 0.0000000000
96709  -27.817  -21.262  -29.101 0.0000000000
96668  -28.542  -21.045  -28.008 0.0000000000
93261  -27.288  -23.674  -27.491 0.0000000000
95547  -27.172  -21.795  -28.566 0.0000000000
95549  -27.829  -22.056  -28.295 0.0000000000
96689  -27.411  -21.417  -28.975 0.0000000000
96708  -27.651  -21.056  -29.205 0.0000000000
97768  -28.851  -19.974  -27.294 0.0000000000
97802  -25.971  -20.089  -28.243 0.0000000000
97820  -26.863  -20.113  -29.097 0.0000000000
98923  -23.857  -20.079  -26.401 0.0000000000
98940  -28.912  -19.620  -28.146 0.0000000000
103403  -27.871  -15.024  -26.503 0.0000000000
103404  -28.168  -15.351  -26.177 0.0000000000
103423  -27.805  -15.044  -26.716 0.0000000000
103454  -27.756  -14.827  -30.319 0.0000000000
104567  -27.839  -14.796  -26.714 0.0000000000
104580  -27.793  -14.922  -26.926 0.0000000000
104619  -27.922  -14.399  -30.205 0.0000000000
105662  -27.834  -13.248  -26.309 0.0000000000
108021  -24.640  -10.949  -28.599 0.0000000000
108034  -25.030  -10.834  -28.904 0.0000000000
109167  -25.154  -10.003  -29.337 0.0000000000
111508  -25.126  -8.103  -29.929 0.0000000000
112696  -26.661  -6.920  -29.633 0.0000000000
112715  -26.448  -7.000  -29.987 0.0000000000
113845  -26.889  -6.134  -27.378 0.0000000000
113874  -26.869  -6.880  -29.268 0.0000000000
114991  -24.686  -5.436  -30.002 0.0000000000
114992  -26.052  -4.865  -29.771 0.0000000000
114993  -26.351  -5.338  -29.592 0.0000000000
115000  -26.174  -5.504  -29.850 0.0000000000
116060  -26.023  -4.298  -28.846 0.0000000000
116066  -24.032  -4.567  -29.651 0.0000000000
116069  -26.552  -4.921  -29.202 0.0000000000
116075  -25.303  -4.613  -30.041 0.0000000000
117071  -25.625  -3.886  -28.853 0.0000000000
117084  -25.293  -4.294  -29.922 0.0000000000
117085  -25.346  -4.108  -29.773 0.0000000000
119118  -25.061  -1.297  -27.128 0.0000000000
119130  -24.308  -1.382  -28.368 0.0000000000
119136  -23.548  -1.842  -29.144 0.0000000000
120148  -22.955  -1.253  -29.338 0.0000000000
120149  -23.194  -1.417  -29.334 0.0000000000
121140  -24.582  0.317  -27.062 0.0000000000
