#!ascii label  , from subject sub-01 vox2ras=TkReg
988
98938  -24.202  -19.592  -26.906 0.5555555820
98939  -25.004  -19.605  -27.606 0.6666666865
100115  -25.216  -18.628  -28.102 0.7777777910
100116  -26.183  -18.813  -28.574 0.7777777910
101232  -25.790  -17.627  -28.660 0.8888888955
101244  -27.832  -17.600  -29.248 0.8888888955
97766  -23.589  -20.602  -26.047 0.5555555820
98937  -23.764  -19.057  -26.709 0.5555555820
100098  -24.018  -18.524  -27.188 0.6666666865
100114  -24.585  -18.243  -27.721 0.8888888955
100129  -26.863  -18.720  -29.231 0.8888888955
101242  -26.418  -17.264  -29.221 0.8888888955
102348  -27.544  -16.566  -29.533 1.0000000000
101245  -28.193  -17.575  -28.816 0.8888888955
103448  -27.973  -15.741  -29.720 1.0000000000
101224  -23.631  -17.673  -26.982 0.7777777910
103422  -24.197  -16.232  -27.906 1.0000000000
103437  -24.254  -15.111  -28.218 1.0000000000
103439  -25.444  -15.677  -29.024 1.0000000000
103446  -26.322  -15.516  -29.556 1.0000000000
104597  -25.027  -15.112  -28.949 1.0000000000
103447  -27.363  -15.417  -30.071 1.0000000000
104611  -25.579  -14.516  -29.390 1.0000000000
104612  -26.620  -14.469  -30.100 1.0000000000
104618  -27.433  -14.338  -30.346 1.0000000000
104613  -28.132  -14.485  -29.114 1.0000000000
105729  -26.953  -13.404  -30.416 1.0000000000
105731  -28.039  -13.934  -29.983 1.0000000000
105703  -27.969  -13.832  -28.725 1.0000000000
106885  -27.970  -13.117  -29.477 1.0000000000
106856  -27.880  -13.198  -28.491 0.7777777910
105701  -23.794  -14.013  -27.747 0.8888888955
104596  -24.666  -14.481  -28.701 1.0000000000
105718  -26.139  -13.478  -29.910 1.0000000000
105716  -24.814  -13.373  -28.966 1.0000000000
106883  -25.769  -12.822  -29.751 1.0000000000
106902  -27.261  -12.417  -30.272 1.0000000000
106884  -27.754  -12.586  -29.785 1.0000000000
108022  -27.653  -11.612  -29.232 1.0000000000
106869  -27.886  -12.575  -28.935 1.0000000000
106855  -27.667  -12.674  -27.855 0.8888888955
108008  -27.622  -11.695  -28.252 1.0000000000
107999  -27.548  -11.819  -27.201 0.7777777910
107985  -27.561  -12.119  -26.317 0.7777777910
106854  -23.659  -12.501  -27.609 0.5555555820
108033  -24.558  -10.569  -28.605 0.7777777910
106868  -24.675  -11.406  -28.647 0.8888888955
106900  -25.792  -11.561  -29.955 1.0000000000
106901  -26.322  -12.263  -30.165 1.0000000000
108051  -26.228  -10.997  -30.218 1.0000000000
108052  -26.949  -11.307  -30.302 1.0000000000
109155  -27.458  -10.642  -29.534 1.0000000000
109141  -27.581  -10.696  -28.622 0.8888888955
110287  -27.425  -9.679  -29.025 1.0000000000
110275  -27.596  -9.780  -28.010 0.8888888955
110263  -27.403  -9.858  -26.929 0.7777777910
109113  -27.660  -10.957  -25.234 0.6666666865
110245  -27.667  -9.791  -25.640 0.6666666865
109140  -23.107  -10.256  -27.446 0.4444444478
108020  -24.245  -10.923  -28.289 0.7777777910
110285  -23.634  -9.340  -28.182 0.6666666865
110299  -25.179  -9.382  -29.671 0.7777777910
109178  -25.466  -9.841  -29.864 0.8888888955
109179  -25.918  -9.970  -30.262 0.8888888955
109168  -27.216  -10.648  -30.077 1.0000000000
110313  -26.187  -8.988  -30.499 1.0000000000
110300  -27.300  -9.708  -29.925 1.0000000000
111470  -27.364  -8.750  -28.393 0.8888888955
111452  -27.413  -9.007  -27.500 0.7777777910
111435  -27.441  -8.803  -26.606 0.7777777910
110246  -28.057  -10.331  -24.989 0.5555555820
111418  -27.777  -8.633  -25.687 0.6666666865
111468  -23.699  -8.447  -28.421 0.6666666865
110298  -24.695  -9.207  -29.237 0.7777777910
111469  -24.264  -8.634  -28.883 0.7777777910
110311  -25.016  -8.795  -29.691 0.8888888955
111509  -25.688  -8.062  -30.475 1.0000000000
111510  -26.335  -7.953  -30.449 1.0000000000
111511  -26.790  -7.812  -30.015 1.0000000000
111490  -27.173  -8.520  -29.460 0.8888888955
112683  -27.352  -7.658  -28.721 0.8888888955
112669  -27.328  -7.899  -27.559 0.8888888955
113865  -27.074  -6.870  -28.957 0.8888888955
113856  -27.243  -6.857  -28.141 0.7777777910
113846  -27.134  -6.598  -27.093 0.7777777910
112644  -27.886  -7.763  -25.380 0.7777777910
112631  -28.108  -7.985  -24.622 0.6666666865
112668  -23.219  -7.828  -27.978 0.6666666865
111451  -23.196  -8.524  -27.771 0.5555555820
111488  -24.002  -8.009  -28.868 0.7777777910
112695  -24.635  -7.278  -29.637 0.8888888955
112713  -25.248  -7.198  -30.080 0.8888888955
113885  -25.248  -6.266  -30.183 1.0000000000
112714  -25.807  -7.109  -30.354 1.0000000000
113873  -26.657  -6.447  -29.379 1.0000000000
112697  -26.884  -7.279  -29.496 0.8888888955
114966  -27.217  -5.643  -26.368 0.7777777910
113837  -27.574  -6.722  -25.876 0.6666666865
113824  -28.014  -6.990  -24.689 0.5555555820
112682  -23.493  -7.387  -28.483 0.7777777910
113862  -22.954  -6.448  -28.258 0.6666666865
112694  -24.049  -7.309  -29.119 0.8888888955
113872  -24.691  -6.363  -29.860 1.0000000000
113886  -25.806  -6.157  -30.134 1.0000000000
114984  -26.708  -5.469  -28.962 0.8888888955
113864  -26.793  -6.236  -28.555 0.8888888955
116061  -26.381  -4.667  -28.612 0.8888888955
113855  -26.837  -6.174  -27.760 0.8888888955
116045  -26.895  -4.639  -26.778 0.7777777910
116046  -27.409  -4.628  -25.863 0.7777777910
114956  -27.611  -5.735  -25.286 0.5555555820
117056  -26.488  -3.699  -27.166 0.7777777910
116035  -28.029  -4.715  -24.957 0.5555555820
114942  -28.194  -5.856  -24.295 0.5555555820
117045  -27.571  -3.553  -25.341 0.6666666865
114964  -21.457  -5.691  -26.371 0.4444444478
113854  -22.468  -6.517  -27.458 0.5555555820
114982  -23.177  -5.520  -28.594 0.7777777910
114990  -24.200  -5.570  -29.580 1.0000000000
114983  -23.710  -5.606  -29.178 0.8888888955
116067  -24.749  -4.553  -29.978 1.0000000000
116076  -25.642  -4.506  -29.817 0.8888888955
117079  -25.462  -4.000  -29.526 0.8888888955
116068  -26.085  -4.510  -29.337 0.8888888955
117072  -25.960  -4.138  -28.508 0.8888888955
116053  -26.455  -4.706  -27.641 0.8888888955
117057  -26.999  -3.596  -26.295 0.6666666865
117046  -28.160  -4.001  -24.896 0.5555555820
118079  -22.236  -2.527  -27.717 0.6666666865
116051  -22.321  -4.520  -27.389 0.6666666865
118093  -23.048  -2.618  -29.292 0.7777777910
117077  -24.194  -3.623  -29.742 0.8888888955
118094  -23.582  -2.682  -29.422 0.7777777910
118095  -24.272  -2.743  -29.386 0.7777777910
117070  -24.985  -3.330  -29.140 0.8888888955
118087  -24.565  -2.377  -28.468 0.7777777910
118089  -25.774  -3.673  -28.252 0.8888888955
118081  -25.174  -2.152  -27.515 0.7777777910
118082  -25.949  -3.103  -27.680 0.7777777910
119103  -25.619  -1.290  -26.557 0.6666666865
118069  -26.335  -2.285  -26.487 0.6666666865
118070  -27.166  -2.879  -26.017 0.6666666865
119094  -26.636  -1.266  -25.800 0.6666666865
118056  -26.748  -1.916  -25.919 0.5555555820
118057  -27.302  -2.235  -25.533 0.5555555820
118058  -27.788  -1.770  -24.732 0.5555555820
119090  -21.745  -1.999  -25.590 0.3333333433
119102  -21.964  -1.756  -26.469 0.3333333433
119115  -22.056  -1.636  -27.358 0.5555555820
119116  -22.382  -1.628  -28.292 0.6666666865
120119  -22.565  -0.789  -27.616 0.5555555820
119128  -22.732  -1.730  -29.129 0.7777777910
119129  -23.857  -1.382  -28.781 0.7777777910
120121  -24.253  -0.403  -27.811 0.6666666865
118080  -24.631  -1.766  -28.007 0.6666666865
120135  -23.975  -0.978  -28.519 0.6666666865
119117  -24.679  -1.263  -27.737 0.6666666865
120111  -24.904  -0.524  -26.885 0.6666666865
120112  -25.973  -0.532  -26.217 0.6666666865
120097  -26.589  -0.440  -25.858 0.6666666865
119095  -27.308  -1.213  -25.166 0.5555555820
119072  -27.613  -0.641  -24.792 0.5555555820
120098  -27.075  -0.295  -25.472 0.6666666865
120107  -22.105  -0.992  -26.191 0.4444444478
119089  -20.829  -1.600  -25.028 0.4444444478
120118  -22.401  -1.120  -26.796 0.4444444478
121137  -22.558  -0.181  -26.052 0.5555555820
120120  -23.228  -0.261  -27.811 0.6666666865
120133  -22.739  -0.941  -28.708 0.6666666865
120122  -24.716  -0.838  -27.414 0.6666666865
121142  -25.852  0.094  -26.106 0.6666666865
121128  -26.923  0.156  -25.566 0.6666666865
120079  -27.572  0.011  -24.907 0.5555555820
121123  -22.084  0.234  -25.593 0.4444444478
121139  -22.923  0.867  -26.932 0.6666666865
121148  -23.707  0.417  -27.375 0.6666666865
122187  -24.080  0.733  -27.160 0.6666666865
120110  -24.597  -0.146  -27.322 0.6666666865
121149  -24.189  0.326  -27.424 0.6666666865
121127  -26.460  0.161  -25.781 0.6666666865
101225  -24.255  -17.587  -27.594 1.0000000000
102337  -25.181  -16.651  -28.601 1.0000000000
102338  -25.995  -16.535  -29.121 1.0000000000
110274  -23.149  -9.379  -27.599 0.5555555820
112667  -22.602  -7.621  -27.507 0.5555555820
114974  -22.128  -5.519  -26.966 0.5555555820
113863  -23.600  -6.451  -28.822 0.7777777910
114998  -25.270  -5.363  -30.191 1.0000000000
114955  -20.995  -5.499  -25.856 0.2222222239
119137  -24.040  -1.943  -28.810 0.7777777910
117026  -27.772  -2.937  -25.038 0.4444444478
120109  -23.005  -0.044  -27.059 0.6666666865
111450  -22.567  -8.537  -27.319 0.4444444478
120080  -28.243  -0.159  -24.590 0.5555555820
119073  -28.306  -1.122  -24.387 0.5555555820
120095  -20.727  -0.805  -24.924 0.2222222239
120096  -21.303  -0.892  -25.352 0.3333333433
121114  -28.879  0.587  -24.462 0.5555555820
96647  -23.902  -21.454  -26.083 0.5555555820
96648  -24.725  -21.484  -26.729 0.5555555820
97781  -24.817  -20.452  -27.118 0.6666666865
97782  -25.609  -20.478  -27.743 0.5555555820
97803  -26.451  -20.588  -28.551 0.5555555820
98970  -28.116  -19.753  -29.346 0.7777777910
100131  -28.265  -18.577  -29.085 0.8888888955
98954  -26.200  -19.720  -28.464 0.6666666865
98968  -26.629  -19.592  -28.899 0.6666666865
100117  -28.512  -18.402  -28.279 0.7777777910
101234  -28.409  -17.437  -28.143 0.7777777910
102339  -28.390  -16.464  -27.986 0.8888888955
97754  -22.939  -20.528  -25.614 0.4444444478
100077  -22.694  -18.083  -25.808 0.5555555820
103449  -28.294  -15.555  -29.007 1.0000000000
101207  -22.170  -16.729  -25.691 0.2222222239
102313  -23.224  -16.738  -26.692 0.6666666865
104598  -28.057  -14.597  -28.292 0.8888888955
105691  -27.860  -13.654  -27.698 0.6666666865
106845  -27.657  -12.644  -26.949 0.7777777910
106830  -27.758  -12.901  -26.298 0.6666666865
104579  -23.503  -14.599  -27.359 0.5555555820
107986  -27.614  -11.735  -25.636 0.6666666865
105688  -23.470  -13.416  -27.368 0.4444444478
110224  -28.344  -9.713  -24.449 0.5555555820
107998  -22.774  -11.558  -26.752 0.2222222239
110273  -22.528  -9.418  -27.215 0.4444444478
112632  -28.286  -7.911  -23.912 0.5555555820
111433  -21.566  -8.539  -26.377 0.3333333433
113814  -28.941  -7.740  -23.271 0.5555555820
113853  -21.961  -6.292  -26.814 0.4444444478
114943  -28.877  -5.788  -23.528 0.4444444478
114963  -21.094  -6.125  -26.046 0.3333333433
116017  -28.430  -4.986  -24.104 0.5555555820
117027  -28.460  -3.432  -24.644 0.4444444478
118051  -21.233  -2.846  -25.143 0.3333333433
118052  -21.543  -2.763  -25.626 0.3333333433
117053  -21.495  -3.361  -26.144 0.4444444478
118038  -27.945  -2.536  -24.790 0.4444444478
120081  -29.180  -0.415  -24.355 0.2222222239
121122  -21.381  -0.529  -25.176 0.3333333433
121138  -22.683  0.379  -26.341 0.6666666865
122186  -23.627  1.020  -26.955 0.6666666865
122177  -24.886  0.765  -26.366 0.6666666865
121126  -25.504  0.600  -25.836 0.6666666865
121110  -25.212  0.912  -25.101 0.6666666865
121111  -25.892  0.722  -24.986 0.6666666865
121112  -26.958  0.505  -25.022 0.6666666865
121113  -27.925  0.658  -24.614 0.6666666865
121125  -22.640  1.653  -26.160 0.5555555820
98922  -23.491  -19.567  -26.129 0.5555555820
97767  -24.196  -20.595  -26.516 0.5555555820
100099  -24.588  -18.916  -27.523 0.6666666865
98953  -25.691  -19.556  -28.134 0.7777777910
101233  -26.474  -18.004  -29.045 0.8888888955
101243  -27.103  -17.618  -29.402 0.8888888955
100130  -27.650  -18.648  -29.426 0.8888888955
98909  -22.731  -19.642  -25.568 0.4444444478
100078  -22.964  -18.717  -25.807 0.5555555820
100097  -23.464  -18.560  -26.530 0.6666666865
101231  -24.854  -17.599  -28.200 0.8888888955
102347  -26.797  -16.501  -29.563 1.0000000000
102349  -28.042  -16.618  -29.193 1.0000000000
102350  -28.300  -16.735  -28.683 1.0000000000
103456  -28.163  -15.252  -29.767 1.0000000000
101209  -23.060  -17.850  -26.272 0.5555555820
102328  -24.431  -16.777  -28.109 1.0000000000
103421  -23.821  -15.664  -27.630 0.8888888955
102327  -24.015  -16.756  -27.398 1.0000000000
103438  -24.599  -15.719  -28.426 1.0000000000
104595  -23.992  -14.561  -28.027 1.0000000000
103455  -28.030  -15.089  -30.182 1.0000000000
104610  -25.081  -13.950  -29.177 1.0000000000
105717  -25.432  -13.385  -29.426 1.0000000000
104620  -28.161  -14.650  -29.775 1.0000000000
105720  -28.021  -13.806  -29.475 1.0000000000
105730  -27.678  -13.496  -30.186 1.0000000000
105719  -27.950  -13.380  -29.836 1.0000000000
106870  -28.006  -13.284  -29.062 1.0000000000
105690  -27.692  -13.074  -27.316 0.7777777910
105702  -24.213  -13.457  -28.172 1.0000000000
106881  -24.613  -12.780  -28.658 0.8888888955
108035  -27.399  -11.526  -29.946 1.0000000000
109129  -27.446  -10.805  -27.558 0.8888888955
109112  -27.244  -11.018  -26.294 0.7777777910
106853  -23.215  -12.256  -26.973 0.5555555820
105689  -23.924  -12.874  -27.812 0.5555555820
106866  -23.571  -11.828  -27.542 0.6666666865
106867  -24.188  -12.118  -28.210 0.6666666865
109154  -24.138  -10.073  -28.449 0.6666666865
109166  -24.685  -9.995  -28.814 0.8888888955
108050  -25.554  -10.776  -29.721 0.8888888955
106882  -25.254  -12.137  -29.223 0.8888888955
109180  -26.742  -10.057  -30.312 1.0000000000
109090  -28.349  -10.917  -24.572 0.5555555820
110223  -27.937  -9.178  -25.156 0.6666666865
109153  -23.648  -10.190  -27.961 0.5555555820
109139  -22.507  -10.276  -27.096 0.3333333433
108007  -23.114  -11.157  -27.133 0.3333333433
108019  -23.706  -11.076  -27.701 0.4444444478
110286  -24.205  -9.291  -28.651 0.6666666865
110312  -25.486  -9.034  -30.178 0.8888888955
110314  -26.807  -8.829  -30.208 1.0000000000
112655  -27.567  -7.717  -26.387 0.7777777910
111401  -28.034  -8.647  -24.908 0.5555555820
111489  -24.517  -8.210  -29.378 0.8888888955
112716  -26.716  -7.373  -29.860 1.0000000000
113887  -26.233  -5.941  -29.863 0.8888888955
114965  -26.795  -5.635  -27.296 0.7777777910
113825  -28.629  -7.090  -23.558 0.5555555820
113844  -22.177  -6.969  -26.962 0.5555555820
113871  -24.139  -6.436  -29.386 0.8888888955
114999  -25.879  -5.266  -29.987 1.0000000000
114976  -26.550  -5.507  -28.131 0.8888888955
117065  -26.153  -4.000  -27.980 0.8888888955
114975  -22.625  -5.517  -27.829 0.5555555820
116059  -23.847  -5.069  -29.391 1.0000000000
116058  -23.425  -4.583  -29.160 0.7777777910
116052  -22.699  -4.548  -28.398 0.7777777910
117078  -24.966  -3.854  -29.834 0.8888888955
116065  -23.651  -4.245  -29.462 0.7777777910
116036  -28.466  -4.317  -24.526 0.5555555820
117063  -22.054  -3.483  -27.038 0.5555555820
117064  -22.413  -3.527  -28.058 0.5555555820
118086  -22.601  -2.563  -28.633 0.6666666865
117069  -22.924  -3.559  -28.891 0.7777777910
119135  -23.114  -1.843  -29.473 0.7777777910
117076  -23.533  -3.657  -29.460 0.7777777910
118088  -25.138  -3.244  -28.176 0.7777777910
118068  -25.531  -1.748  -26.886 0.6666666865
119104  -26.162  -1.319  -26.254 0.6666666865
119096  -27.670  -1.178  -24.698 0.5555555820
118078  -21.825  -2.501  -26.846 0.4444444478
120134  -23.435  -0.986  -28.822 0.7777777910
120108  -22.723  -0.458  -26.611 0.5555555820
121141  -25.332  0.164  -26.472 0.6666666865
112654  -22.116  -7.670  -26.856 0.4444444478
116030  -21.209  -5.111  -25.960 0.3333333433
111434  -22.095  -8.534  -26.768 0.4444444478
98955  -28.726  -19.426  -28.585 0.6666666865
96635  -23.171  -21.456  -25.621 0.4444444478
103440  -28.126  -15.466  -27.752 0.7777777910
97753  -22.241  -20.482  -25.379 0.3333333433
105678  -27.793  -13.293  -26.746 0.6666666865
106844  -22.593  -12.155  -26.522 0.1111111119
108006  -22.512  -10.940  -26.868 0.1111111119
112653  -21.500  -7.640  -26.464 0.3333333433
113843  -21.543  -6.740  -26.544 0.3333333433
116041  -21.170  -4.093  -25.962 0.3333333433
122148  -27.506  1.564  -24.631 0.6666666865
122149  -28.499  1.553  -24.425 0.4444444478
94428  -28.145  -23.153  -27.381 0.4444444478
93245  -30.558  -24.016  -25.687 0.2222222239
95511  -25.413  -22.544  -27.040 0.4444444478
94408  -25.992  -23.400  -27.084 0.4444444478
96666  -25.545  -21.568  -27.412 0.4444444478
95527  -26.114  -22.358  -27.526 0.4444444478
95531  -28.771  -22.154  -27.409 0.4444444478
95514  -30.438  -22.381  -26.255 0.2222222239
96688  -26.863  -21.482  -28.580 0.4444444478
95548  -27.489  -21.945  -28.480 0.4444444478
96690  -28.033  -21.474  -28.694 0.4444444478
96653  -31.333  -21.560  -26.396 0.1111111119
96637  -32.220  -21.422  -25.688 0.1111111119
96668  -28.542  -21.045  -28.008 0.4444444478
96651  -29.326  -20.895  -26.763 0.3333333433
97804  -26.946  -21.073  -28.981 0.4444444478
96709  -27.817  -21.262  -29.101 0.4444444478
96669  -28.823  -21.498  -27.378 0.3333333433
97786  -31.454  -21.141  -26.471 0.2222222239
97805  -28.562  -20.486  -28.802 0.4444444478
96650  -28.818  -20.497  -27.280 0.3333333433
97821  -27.336  -20.582  -29.205 0.5555555820
97822  -28.010  -20.831  -29.237 0.4444444478
98925  -30.306  -19.276  -26.682 0.2222222239
100082  -32.005  -19.050  -26.319 0.1111111119
98941  -28.987  -19.369  -27.624 0.3333333433
98924  -29.527  -18.892  -26.932 0.3333333433
100100  -28.500  -17.968  -27.715 0.5555555820
101226  -28.651  -17.346  -27.178 0.6666666865
101211  -29.459  -17.277  -26.388 0.4444444478
103406  -29.955  -16.092  -25.503 0.3333333433
102329  -28.339  -16.153  -26.890 0.6666666865
103385  -28.775  -15.423  -25.557 0.5555555820
103424  -27.912  -15.274  -26.871 0.6666666865
104568  -27.980  -14.541  -26.374 0.5555555820
104551  -28.389  -14.529  -25.561 0.5555555820
103386  -29.615  -15.543  -25.396 0.4444444478
104538  -28.723  -14.148  -24.987 0.3333333433
104581  -27.878  -14.633  -27.198 0.5555555820
106817  -28.835  -12.727  -24.602 0.4444444478
107968  -28.220  -11.955  -24.979 0.5555555820
106816  -28.314  -13.026  -25.118 0.4444444478
122176  -24.151  1.172  -26.515 0.5555555820
122165  -24.672  1.271  -25.495 0.5555555820
122146  -25.302  1.670  -24.746 0.5555555820
122147  -26.427  1.575  -24.713 0.5555555820
123179  -27.115  2.603  -24.604 0.5555555820
93262  -27.660  -23.807  -27.382 0.4444444478
94412  -30.364  -23.368  -25.869 0.2222222239
96665  -25.209  -20.982  -27.202 0.4444444478
96652  -30.332  -21.347  -26.558 0.2222222239
98926  -31.191  -19.683  -26.477 0.2222222239
100079  -29.594  -18.143  -26.658 0.4444444478
100080  -30.394  -18.397  -26.573 0.3333333433
100101  -28.832  -18.472  -27.333 0.4444444478
101210  -28.891  -16.689  -26.459 0.6666666865
105650  -29.381  -13.366  -24.622 0.3333333433
107969  -28.952  -11.782  -24.330 0.4444444478
110205  -28.906  -9.590  -23.628 0.4444444478
122145  -24.464  2.033  -24.864 0.5555555820
123196  -23.593  2.459  -25.238 0.5555555820
97783  -25.982  -21.052  -27.934 0.4444444478
101191  -31.110  -16.973  -25.754 0.2222222239
91871  -26.462  -25.270  -26.629 0.4444444478
91872  -27.324  -25.242  -26.688 0.4444444478
91873  -28.190  -25.210  -26.558 0.4444444478
93244  -29.783  -24.463  -25.874 0.2222222239
93224  -30.574  -24.505  -25.085 0.2222222239
94406  -24.254  -23.253  -26.246 0.4444444478
93240  -26.143  -24.465  -26.804 0.4444444478
95495  -30.931  -22.712  -25.803 0.1111111119
95496  -31.714  -22.471  -25.746 0.1111111119
93225  -31.317  -23.504  -24.867 0.1111111119
98927  -32.021  -20.029  -26.358 0.1111111119
98911  -33.058  -19.787  -25.385 0.1111111119
100059  -32.517  -18.494  -25.656 0.1111111119
100058  -31.860  -18.154  -25.901 0.1111111119
103387  -30.563  -15.526  -25.507 0.1111111119
102316  -30.309  -16.631  -25.750 0.2222222239
104540  -29.700  -13.813  -24.766 0.2222222239
105664  -30.029  -13.437  -24.706 0.2222222239
106818  -29.693  -12.579  -24.492 0.3333333433
109091  -29.049  -10.719  -23.908 0.4444444478
109070  -29.048  -10.148  -23.726 0.3333333433
110206  -29.801  -9.622  -23.508 0.3333333433
111402  -28.312  -8.687  -24.217 0.4444444478
111386  -29.309  -8.824  -23.326 0.3333333433
116042  -21.619  -4.554  -26.350 0.4444444478
118039  -28.751  -2.281  -24.412 0.3333333433
121124  -22.178  1.236  -26.130 0.4444444478
122163  -22.929  2.223  -25.915 0.5555555820
122164  -23.725  2.043  -25.586 0.5555555820
123178  -26.125  2.765  -25.063 0.5555555820
123195  -23.165  2.612  -25.277 0.5555555820
95510  -24.771  -22.503  -26.615 0.4444444478
96649  -25.101  -22.030  -26.956 0.4444444478
98969  -27.237  -19.586  -29.328 0.5555555820
100118  -28.921  -19.021  -28.091 0.6666666865
105679  -27.994  -13.918  -26.796 0.5555555820
105663  -28.014  -13.538  -25.958 0.5555555820
106831  -27.905  -12.543  -25.680 0.4444444478
112618  -28.713  -8.062  -23.294 0.4444444478
96667  -26.372  -21.521  -27.939 0.4444444478
98956  -28.899  -19.376  -28.166 0.3333333433
97784  -28.912  -20.040  -27.970 0.3333333433
94427  -27.599  -23.116  -27.615 0.4444444478
94411  -29.576  -23.338  -26.430 0.4444444478
93243  -28.729  -24.248  -26.580 0.3333333433
95512  -28.610  -22.593  -27.286 0.4444444478
93263  -28.189  -23.805  -27.073 0.4444444478
94391  -30.990  -23.312  -25.375 0.1111111119
94407  -25.008  -23.359  -26.617 0.4444444478
94425  -26.513  -22.812  -27.527 0.4444444478
94409  -26.541  -23.893  -27.190 0.4444444478
94426  -26.917  -23.281  -27.585 0.4444444478
95528  -26.919  -22.173  -27.961 0.4444444478
95529  -27.488  -22.432  -27.923 0.4444444478
95530  -28.212  -22.208  -27.841 0.4444444478
95513  -29.327  -22.193  -26.891 0.4444444478
95515  -31.285  -22.247  -26.154 0.1111111119
97772  -31.968  -20.862  -26.215 0.1111111119
95497  -32.423  -22.237  -25.211 0.1111111119
97769  -29.145  -19.779  -26.800 0.3333333433
97785  -28.904  -19.751  -27.381 0.3333333433
97770  -30.237  -20.272  -26.589 0.2222222239
97771  -31.318  -20.764  -26.535 0.2222222239
100081  -31.185  -18.730  -26.385 0.1111111119
101213  -31.126  -17.861  -26.044 0.1111111119
98910  -32.549  -19.440  -25.811 0.1111111119
101227  -28.892  -17.971  -26.622 0.4444444478
101212  -30.366  -17.555  -26.245 0.3333333433
102296  -29.174  -15.928  -25.645 0.4444444478
102314  -28.681  -16.089  -26.000 0.5555555820
104552  -29.114  -14.728  -25.121 0.3333333433
93241  -27.009  -24.339  -27.248 0.4444444478
93242  -27.825  -24.463  -26.949 0.4444444478
123176  -24.029  2.631  -24.763 0.5555555820
91874  -28.902  -25.062  -26.102 0.4444444478
91875  -29.323  -25.081  -25.764 0.2222222239
93239  -25.180  -24.416  -26.514 0.4444444478
97736  -32.758  -20.747  -25.293 0.1111111119
84260  -27.408  -31.300  -22.032 0.1111111119
87928  -24.413  -28.952  -24.080 0.3333333433
86694  -26.125  -29.819  -23.676 0.2222222239
85429  -26.439  -30.570  -22.855 0.2222222239
85430  -27.171  -30.734  -22.375 0.1111111119
85411  -27.743  -30.504  -21.938 0.1111111119
90476  -22.675  -26.379  -24.078 0.3333333433
89204  -23.049  -27.058  -24.181 0.3333333433
87927  -23.804  -28.522  -24.018 0.3333333433
87939  -25.869  -28.361  -24.978 0.3333333433
86677  -26.645  -29.794  -22.995 0.2222222239
87929  -26.716  -28.896  -24.078 0.2222222239
86678  -27.350  -29.769  -22.443 0.2222222239
87911  -26.890  -29.165  -23.216 0.2222222239
93208  -22.417  -24.421  -24.392 0.2222222239
91844  -22.818  -25.478  -24.582 0.2222222239
91837  -22.308  -25.527  -23.920 0.2222222239
90485  -23.311  -26.349  -24.635 0.3333333433
89205  -23.726  -27.368  -24.522 0.3333333433
89206  -24.553  -27.436  -24.958 0.3333333433
87930  -27.247  -28.411  -23.656 0.1111111119
94376  -22.601  -23.291  -24.790 0.2222222239
93209  -23.009  -24.707  -25.048 0.3333333433
93220  -22.875  -23.976  -25.155 0.3333333433
91845  -23.447  -25.441  -25.246 0.3333333433
93221  -23.604  -24.215  -25.810 0.3333333433
91853  -24.131  -25.360  -25.766 0.3333333433
90495  -24.527  -25.929  -25.850 0.3333333433
89219  -26.616  -27.466  -25.556 0.3333333433
90496  -25.172  -26.414  -25.978 0.3333333433
90498  -27.183  -26.809  -25.906 0.3333333433
89220  -27.584  -27.671  -25.224 0.3333333433
89208  -27.620  -27.755  -24.095 0.1111111119
89209  -28.276  -27.207  -24.470 0.2222222239
95478  -22.369  -22.446  -24.584 0.2222222239
94389  -23.161  -23.206  -25.418 0.2222222239
95493  -22.844  -22.363  -25.194 0.3333333433
93238  -24.464  -23.998  -26.282 0.3333333433
91854  -24.779  -25.419  -26.192 0.3333333433
91870  -25.572  -25.455  -26.424 0.3333333433
90513  -25.945  -25.981  -26.248 0.3333333433
90514  -26.802  -26.041  -26.330 0.3333333433
89221  -28.367  -26.903  -25.178 0.3333333433
96618  -22.141  -21.918  -24.550 0.3333333433
95509  -24.162  -22.341  -26.152 0.3333333433
90515  -27.697  -26.013  -26.287 0.3333333433
90516  -28.481  -25.814  -26.062 0.3333333433
107970  -29.801  -11.634  -24.204 0.2222222239
113815  -29.212  -7.667  -23.182 0.2222222239
86703  -24.806  -29.248  -24.135 0.3333333433
86704  -25.493  -29.144  -24.288 0.3333333433
86679  -28.003  -29.046  -22.168 0.1111111119
89217  -25.077  -27.199  -25.383 0.3333333433
89218  -25.750  -27.436  -25.505 0.3333333433
87940  -26.667  -28.576  -24.782 0.3333333433
94390  -23.710  -23.068  -25.866 0.3333333433
90500  -28.774  -26.072  -25.386 0.3333333433
84258  -25.793  -31.581  -22.791 0.1111111119
83079  -27.290  -32.294  -21.874 0.1111111119
87926  -22.741  -28.527  -23.338 0.3333333433
86692  -24.246  -29.611  -23.670 0.3333333433
86693  -25.112  -29.944  -23.855 0.3333333433
85444  -25.982  -30.552  -23.283 0.3333333433
83055  -27.941  -32.252  -21.613 0.1111111119
85412  -28.558  -30.554  -21.639 0.1111111119
93207  -21.950  -24.212  -23.784 0.2222222239
87890  -28.619  -28.922  -21.769 0.1111111119
94375  -22.103  -23.344  -23.965 0.2222222239
89187  -28.143  -27.720  -22.714 0.1111111119
90468  -28.738  -26.836  -22.894 0.1111111119
90477  -28.701  -26.593  -23.842 0.1111111119
90488  -28.755  -26.454  -24.677 0.1111111119
91855  -28.999  -25.463  -25.727 0.1111111119
96633  -21.926  -21.038  -25.176 0.1111111119
109071  -29.509  -10.210  -23.661 0.2222222239
113826  -29.335  -7.193  -23.601 0.2222222239
98908  -22.081  -19.583  -25.212 0.2222222239
103402  -23.071  -15.520  -26.721 0.5555555820
100057  -22.554  -19.079  -25.460 0.3333333433
95494  -23.497  -22.311  -25.682 0.4444444478
96634  -22.351  -21.491  -25.158 0.2222222239
111387  -30.213  -9.068  -23.428 0.2222222239
84238  -28.041  -31.499  -21.643 0.1111111119
84259  -26.731  -31.475  -22.362 0.1111111119
87938  -24.767  -28.465  -24.568 0.3333333433
87937  -24.169  -27.979  -24.575 0.3333333433
90475  -22.140  -26.455  -23.461 0.2222222239
89196  -23.157  -27.769  -23.938 0.3333333433
86705  -26.186  -28.975  -24.395 0.3333333433
87941  -27.170  -28.311  -24.533 0.2222222239
87912  -27.617  -28.499  -22.754 0.1111111119
89197  -27.684  -27.895  -23.237 0.1111111119
93222  -24.403  -24.696  -26.133 0.3333333433
90486  -24.205  -26.388  -25.264 0.3333333433
90497  -26.231  -26.703  -25.923 0.3333333433
87954  -26.706  -28.098  -25.202 0.3333333433
90512  -25.531  -25.983  -26.268 0.3333333433
89198  -28.151  -27.300  -23.524 0.1111111119
90499  -28.062  -26.627  -25.750 0.3333333433
83078  -26.260  -32.412  -22.324 0.1111111119
85428  -25.899  -30.891  -23.071 0.2222222239
86691  -23.354  -29.463  -23.350 0.3333333433
85442  -24.511  -30.702  -23.440 0.3333333433
85443  -25.424  -30.853  -23.349 0.3333333433
109092  -30.051  -10.890  -23.832 0.1111111119
107971  -30.628  -11.561  -24.381 0.1111111119
109114  -31.643  -10.499  -24.780 0.1111111119
109093  -30.905  -10.637  -24.070 0.1111111119
110226  -31.346  -9.767  -24.020 0.1111111119
111403  -29.888  -8.534  -23.079 0.1111111119
111405  -31.544  -8.720  -23.894 0.1111111119
111404  -30.636  -8.516  -23.350 0.1111111119
116018  -29.106  -4.473  -23.804 0.2222222239
112633  -30.027  -8.238  -22.930 0.1111111119
112634  -31.059  -7.488  -23.389 0.1111111119
117028  -29.664  -3.327  -23.945 0.1111111119
119075  -30.099  -1.703  -23.920 0.1111111119
117004  -30.300  -3.666  -23.530 0.1111111119
118017  -31.117  -2.401  -23.718 0.1111111119
122175  -23.301  1.450  -26.273 0.4444444478
119074  -29.378  -1.440  -24.146 0.1111111119
122143  -22.670  2.214  -24.724 0.4444444478
122162  -22.309  2.104  -25.518 0.4444444478
120082  -30.367  -0.769  -24.156 0.1111111119
123177  -25.070  2.889  -25.084 0.4444444478
121115  -29.921  0.444  -24.385 0.1111111119
121116  -31.020  0.381  -24.376 0.1111111119
124190  -24.620  3.808  -24.468 0.4444444478
124191  -25.739  3.741  -24.651 0.4444444478
124193  -27.776  3.506  -24.311 0.4444444478
123180  -28.122  2.537  -24.414 0.2222222239
124195  -29.619  3.583  -24.213 0.2222222239
123181  -29.089  2.511  -24.226 0.2222222239
123182  -30.088  2.488  -24.347 0.2222222239
127999  -30.902  7.436  -26.097 0.1111111119
127128  -31.670  5.917  -25.561 0.1111111119
123184  -32.079  2.463  -24.816 0.1111111119
122144  -23.308  2.472  -24.488 0.4444444478
123175  -23.594  2.752  -24.414 0.4444444478
124189  -23.977  3.296  -24.374 0.3333333433
125216  -25.474  4.547  -24.213 0.4444444478
125217  -26.380  4.558  -24.310 0.4444444478
124192  -26.740  3.606  -24.446 0.4444444478
126203  -25.837  5.543  -24.222 0.3333333433
125219  -28.583  4.373  -24.189 0.3333333433
125220  -29.494  4.487  -24.118 0.1111111119
125221  -30.388  4.452  -24.525 0.1111111119
125227  -30.958  4.785  -25.049 0.1111111119
122134  -23.612  2.560  -24.028 0.2222222239
124180  -24.359  4.282  -23.916 0.3333333433
125218  -27.452  4.489  -24.356 0.4444444478
126204  -27.066  5.497  -24.330 0.2222222239
126205  -28.196  5.434  -24.522 0.2222222239
126206  -29.208  5.416  -24.127 0.2222222239
127120  -27.857  6.468  -24.168 0.1111111119
127121  -28.893  6.387  -24.105 0.1111111119
127123  -30.441  5.887  -24.615 0.1111111119
127122  -29.881  6.353  -24.462 0.1111111119
124179  -23.650  3.863  -23.752 0.3333333433
124170  -23.056  4.376  -23.149 0.3333333433
125210  -24.239  4.834  -23.642 0.3333333433
126202  -25.292  5.063  -24.034 0.3333333433
127119  -26.707  6.561  -24.174 0.2222222239
127988  -28.704  7.512  -24.364 0.1111111119
127995  -30.217  7.227  -25.465 0.1111111119
128905  -29.554  8.544  -26.191 0.1111111119
125202  -22.755  4.139  -21.909 0.1111111119
125203  -22.772  4.933  -22.492 0.1111111119
126194  -23.395  5.942  -22.733 0.2222222239
126196  -24.021  5.804  -23.566 0.3333333433
127111  -23.936  6.845  -23.216 0.2222222239
126197  -24.936  5.573  -23.939 0.3333333433
127112  -24.713  6.640  -24.026 0.3333333433
127117  -25.090  7.000  -24.277 0.1111111119
127985  -25.386  7.415  -24.020 0.1111111119
127986  -26.423  7.777  -24.061 0.1111111119
128894  -28.149  8.160  -24.525 0.1111111119
128901  -29.852  7.625  -25.428 0.1111111119
128003  -30.728  7.650  -27.190 0.1111111119
128004  -31.488  7.152  -26.803 0.1111111119
125195  -22.981  4.978  -21.295 0.1111111119
127093  -23.380  7.357  -21.347 0.1111111119
126189  -22.785  6.174  -21.750 0.1111111119
127965  -23.064  8.103  -22.145 0.1111111119
127974  -23.524  7.932  -22.975 0.1111111119
127975  -24.736  7.763  -23.466 0.1111111119
128881  -25.298  9.036  -23.313 0.1111111119
127977  -26.262  8.476  -23.872 0.1111111119
128892  -26.702  8.921  -24.132 0.1111111119
128893  -27.585  8.707  -24.581 0.1111111119
127076  -23.481  8.049  -20.170 0.1111111119
127062  -23.593  8.823  -19.373 0.1111111119
127937  -23.590  9.490  -19.939 0.1111111119
128854  -23.251  9.457  -21.090 0.1111111119
129768  -23.467  9.747  -21.369 0.1111111119
128868  -23.535  9.101  -21.879 0.1111111119
129769  -23.961  10.138  -21.611 0.1111111119
164639  -23.684  10.531  -18.744 0.1111111119
128856  -24.415  9.641  -19.526 0.1111111119
129741  -23.595  11.294  -18.926 0.1111111119
107987  -31.434  -11.454  -24.846 0.1111111119
109072  -30.211  -10.255  -23.634 0.1111111119
113827  -31.005  -5.999  -23.744 0.1111111119
112620  -31.640  -6.940  -23.595 0.1111111119
114944  -29.944  -5.253  -23.308 0.1111111119
119055  -30.757  -1.636  -23.858 0.1111111119
123194  -22.757  2.645  -24.897 0.4444444478
122150  -29.505  1.500  -24.352 0.1111111119
122151  -30.554  1.450  -24.350 0.1111111119
120083  -31.516  -0.656  -24.172 0.1111111119
124196  -30.656  3.425  -24.513 0.2222222239
126207  -30.105  5.352  -24.260 0.1111111119
126208  -30.688  5.369  -24.833 0.1111111119
125228  -31.568  4.671  -25.297 0.1111111119
127126  -30.097  6.785  -25.090 0.1111111119
127984  -24.937  7.216  -24.084 0.1111111119
127952  -23.257  8.557  -21.103 0.1111111119
128869  -24.152  9.457  -22.061 0.1111111119
128882  -26.153  9.071  -23.660 0.1111111119
131354  -23.768  11.764  -20.222 0.1111111119
164642  -24.358  10.438  -19.601 0.1111111119
109115  -32.296  -10.359  -25.222 0.1111111119
126172  -23.673  6.282  -20.553 0.1111111119
126154  -24.121  5.282  -19.864 0.1111111119
127938  -23.699  9.381  -18.742 0.1111111119
130560  -23.481  11.157  -19.951 0.1111111119
107988  -32.193  -11.257  -25.294 0.1111111119
106819  -30.346  -12.224  -24.526 0.1111111119
106833  -31.000  -12.421  -25.068 0.1111111119
109116  -33.298  -10.370  -25.063 0.1111111119
107989  -32.847  -11.066  -25.079 0.1111111119
110248  -32.396  -9.477  -25.406 0.1111111119
111419  -31.752  -8.561  -25.050 0.1111111119
112635  -32.004  -7.614  -24.126 0.1111111119
114945  -31.344  -5.684  -23.369 0.1111111119
113816  -31.860  -6.610  -23.744 0.1111111119
112621  -31.777  -7.132  -23.717 0.1111111119
116020  -31.361  -4.604  -23.194 0.1111111119
116006  -31.764  -3.598  -23.399 0.1111111119
118018  -31.973  -2.545  -23.519 0.1111111119
122161  -21.962  1.329  -25.625 0.4444444478
119056  -31.535  -1.503  -23.774 0.1111111119
122152  -31.628  1.451  -24.509 0.1111111119
120084  -32.518  -0.498  -24.432 0.1111111119
123174  -22.986  2.606  -24.691 0.4444444478
122166  -33.104  1.929  -25.150 0.1111111119
124198  -32.309  3.404  -25.181 0.1111111119
122123  -23.514  2.619  -23.675 0.2222222239
123165  -23.465  3.001  -23.705 0.3333333433
124178  -23.284  3.406  -23.403 0.2222222239
126212  -31.830  5.193  -26.029 0.1111111119
124161  -22.589  3.186  -21.883 0.1111111119
125209  -23.493  4.938  -23.180 0.2222222239
127143  -31.613  6.359  -27.314 0.1111111119
127159  -31.231  6.207  -28.224 0.1111111119
125194  -22.667  3.957  -21.013 0.1111111119
126173  -24.515  6.244  -20.196 0.1111111119
129791  -27.214  9.759  -24.511 0.1111111119
129800  -28.223  9.686  -25.650 0.1111111119
128904  -28.889  9.139  -26.766 0.1111111119
127077  -24.052  8.055  -19.449 0.1111111119
127094  -24.326  8.274  -19.337 0.1111111119
130583  -24.541  10.512  -21.847 0.1111111119
129780  -26.109  9.941  -23.484 0.1111111119
164641  -24.447  11.081  -20.094 0.1111111119
110207  -30.637  -9.788  -23.588 0.1111111119
118040  -29.714  -2.328  -24.008 0.2222222239
111388  -30.963  -9.196  -23.576 0.1111111119
110247  -31.719  -9.538  -24.853 0.1111111119
116019  -30.306  -4.390  -23.354 0.1111111119
117005  -30.637  -3.163  -23.650 0.1111111119
116004  -30.727  -3.857  -23.170 0.1111111119
121117  -32.118  0.427  -24.498 0.1111111119
124181  -29.124  3.833  -23.977 0.2222222239
123183  -31.108  2.448  -24.491 0.2222222239
127132  -31.437  6.939  -25.844 0.1111111119
128906  -30.127  7.945  -25.814 0.1111111119
126211  -31.296  5.392  -25.319 0.1111111119
127127  -30.878  6.397  -25.289 0.1111111119
127133  -31.858  6.452  -26.143 0.1111111119
123197  -32.998  2.535  -25.321 0.1111111119
124197  -31.576  3.367  -24.706 0.2222222239
125222  -31.180  4.158  -24.805 0.2222222239
127989  -29.329  6.945  -24.332 0.1111111119
126198  -25.359  5.976  -24.125 0.2222222239
127987  -27.572  7.541  -24.167 0.1111111119
127993  -29.141  7.923  -24.991 0.1111111119
128900  -29.498  8.028  -25.458 0.1111111119
128910  -30.228  8.158  -26.651 0.1111111119
127104  -23.380  7.039  -22.357 0.1111111119
127118  -25.552  6.639  -24.198 0.1111111119
127976  -25.711  8.238  -23.714 0.1111111119
128899  -28.630  8.669  -25.427 0.1111111119
128879  -23.429  8.544  -22.560 0.1111111119
128880  -24.160  9.029  -22.821 0.1111111119
129799  -27.802  9.745  -25.067 0.1111111119
127063  -23.369  9.325  -18.907 0.1111111119
130551  -22.995  10.517  -19.052 0.1111111119
129757  -23.589  10.910  -21.413 0.1111111119
129778  -24.644  9.885  -22.145 0.1111111119
129779  -25.183  10.002  -22.958 0.1111111119
125229  -32.242  4.273  -25.660 0.1111111119
126213  -32.299  4.627  -26.202 0.1111111119
129790  -26.582  9.873  -24.107 0.1111111119
131367  -24.514  11.654  -21.040 0.1111111119
117006  -31.465  -3.123  -23.515 0.1111111119
122153  -32.782  1.516  -24.850 0.1111111119
124217  -33.045  3.728  -26.307 0.1111111119
126217  -32.005  5.591  -26.960 0.1111111119
124169  -22.871  3.684  -22.917 0.1111111119
128898  -28.080  9.177  -25.191 0.1111111119
130584  -25.027  10.720  -22.318 0.1111111119
85441  -23.571  -30.571  -23.094 0.2222222239
104566  -22.846  -14.408  -26.670 0.2222222239
105677  -22.504  -13.203  -26.600 0.2222222239
121109  -22.194  0.136  -25.107 0.2222222239
122121  -23.874  1.438  -23.640 0.1111111119
122122  -23.632  2.322  -23.602 0.1111111119
122133  -23.533  2.075  -24.264 0.2222222239
117052  -21.127  -3.830  -25.635 0.2222222239
116029  -20.661  -4.648  -25.616 0.1111111119
102312  -22.452  -16.348  -26.172 0.2222222239
119067  -20.824  -1.183  -24.488 0.1111111119
120064  -23.023  -0.562  -25.027 0.1111111119
121096  -23.654  0.454  -24.028 0.1111111119
120074  -21.002  -0.616  -24.733 0.1111111119
100056  -22.363  -18.469  -25.317 0.2222222239
110262  -22.105  -9.428  -26.704 0.2222222239
121108  -21.419  -0.410  -24.936 0.1111111119
109128  -22.101  -10.332  -26.641 0.1111111119
122142  -22.229  1.308  -25.225 0.3333333433
122132  -23.124  1.283  -24.767 0.3333333433
103401  -22.265  -15.381  -26.196 0.2222222239
121102  -23.256  0.295  -24.546 0.1111111119
120065  -23.280  -0.269  -24.688 0.1111111119
120075  -21.544  -0.568  -24.726 0.1111111119
101192  -31.873  -17.185  -25.821 0.1111111119
84273  -24.746  -31.657  -23.392 0.1111111119
86676  -22.123  -29.635  -22.560 0.1111111119
87910  -22.358  -29.054  -22.880 0.1111111119
87925  -22.285  -27.951  -23.150 0.1111111119
90467  -21.617  -26.489  -22.786 0.1111111119
89195  -22.551  -27.366  -23.612 0.1111111119
100037  -21.883  -18.478  -24.754 0.1111111119
105676  -21.626  -13.357  -26.093 0.1111111119
104565  -21.898  -14.360  -26.229 0.1111111119
113842  -20.931  -6.785  -26.142 0.2222222239
113834  -20.405  -6.781  -25.675 0.2222222239
85425  -21.796  -30.540  -22.205 0.1111111119
85427  -23.182  -31.057  -22.659 0.1111111119
84272  -23.930  -31.613  -23.382 0.1111111119
84274  -25.276  -31.653  -23.209 0.1111111119
86675  -21.356  -29.590  -21.982 0.1111111119
87909  -21.845  -28.525  -22.672 0.1111111119
89185  -21.259  -27.470  -22.435 0.1111111119
89194  -22.025  -27.360  -22.937 0.1111111119
91836  -21.796  -25.590  -23.305 0.1111111119
93199  -21.992  -24.863  -23.730 0.1111111119
98890  -22.082  -18.981  -24.866 0.1111111119
101190  -22.023  -17.673  -24.909 0.1111111119
102311  -21.938  -16.202  -25.628 0.1111111119
112652  -20.979  -7.645  -26.054 0.2222222239
114953  -19.833  -5.927  -25.291 0.2222222239
116028  -20.117  -5.294  -25.355 0.1111111119
84257  -23.379  -31.609  -22.847 0.1111111119
114954  -20.509  -5.849  -25.739 0.2222222239
101208  -22.411  -17.373  -25.835 0.1111111119
94374  -21.722  -22.895  -23.856 0.1111111119
95477  -21.999  -22.353  -24.096 0.1111111119
86690  -22.721  -29.542  -22.967 0.1111111119
103400  -21.618  -15.341  -25.596 0.1111111119
85440  -23.075  -30.033  -23.032 0.1111111119
85426  -22.708  -30.537  -22.607 0.1111111119
84256  -22.815  -31.546  -22.547 0.1111111119
100036  -21.219  -18.577  -24.626 0.1111111119
113833  -19.849  -6.949  -25.110 0.1111111119
90466  -20.914  -26.521  -22.332 0.1111111119
98889  -21.471  -19.487  -24.708 0.1111111119
98888  -20.613  -19.486  -24.357 0.1111111119
101189  -21.786  -16.996  -25.353 0.1111111119
116012  -19.049  -5.405  -23.866 0.1111111119
116013  -19.722  -4.786  -24.464 0.1111111119
117040  -21.418  -3.282  -25.385 0.1111111119
111432  -21.160  -8.576  -25.894 0.1111111119
117039  -20.908  -3.585  -24.953 0.1111111119
86658  -27.739  -30.006  -22.071 0.1111111119
87953  -26.230  -27.866  -25.330 0.3333333433
87955  -27.107  -28.283  -25.030 0.3333333433
89186  -27.765  -28.001  -22.870 0.1111111119
89207  -25.178  -27.830  -25.147 0.3333333433
90487  -24.749  -26.857  -25.376 0.3333333433
90501  -29.202  -25.872  -24.870 0.1111111119
91856  -29.626  -25.257  -25.327 0.2222222239
93223  -30.021  -24.789  -25.464 0.2222222239
93261  -27.288  -23.674  -27.491 0.4444444478
94410  -28.726  -23.227  -26.920 0.4444444478
95547  -27.172  -21.795  -28.566 0.4444444478
95549  -27.829  -22.056  -28.295 0.4444444478
96636  -31.763  -21.888  -26.174 0.1111111119
96654  -31.875  -21.405  -26.196 0.1111111119
96670  -31.547  -21.347  -26.371 0.2222222239
96671  -31.700  -21.370  -26.287 0.2222222239
96689  -27.411  -21.417  -28.975 0.4444444478
96708  -27.651  -21.056  -29.205 0.4444444478
97768  -28.851  -19.974  -27.294 0.3333333433
97787  -31.681  -21.133  -26.372 0.2222222239
97802  -25.971  -20.089  -28.243 0.5555555820
97820  -26.863  -20.113  -29.097 0.5555555820
98923  -23.857  -20.079  -26.401 0.5555555820
98940  -28.912  -19.620  -28.146 0.3333333433
102297  -29.482  -15.993  -25.606 0.4444444478
102315  -29.456  -16.390  -25.847 0.4444444478
103403  -27.871  -15.024  -26.503 0.5555555820
103404  -28.168  -15.351  -26.177 0.5555555820
103405  -29.712  -16.042  -25.562 0.3333333433
103423  -27.805  -15.044  -26.716 0.5555555820
103454  -27.756  -14.827  -30.319 1.0000000000
104539  -29.277  -14.022  -24.804 0.2222222239
104567  -27.839  -14.796  -26.714 0.5555555820
104580  -27.793  -14.922  -26.926 0.5555555820
104619  -27.922  -14.399  -30.205 1.0000000000
105648  -28.405  -13.771  -25.209 0.4444444478
105649  -28.751  -13.537  -24.770 0.3333333433
105662  -27.834  -13.248  -26.309 0.6666666865
108021  -24.640  -10.949  -28.599 0.7777777910
108034  -25.030  -10.834  -28.904 0.7777777910
109167  -25.154  -10.003  -29.337 0.8888888955
110204  -28.474  -9.189  -23.916 0.4444444478
110225  -28.791  -10.064  -23.834 0.3333333433
111385  -28.564  -8.720  -23.614 0.4444444478
111508  -25.126  -8.103  -29.929 0.8888888955
112619  -29.321  -8.135  -23.075 0.1111111119
112681  -22.861  -7.185  -28.001 0.5555555820
112696  -26.661  -6.920  -29.633 1.0000000000
112715  -26.448  -7.000  -29.987 1.0000000000
113845  -26.889  -6.134  -27.378 0.7777777910
113874  -26.869  -6.880  -29.268 1.0000000000
114935  -31.936  -6.404  -23.766 0.1111111119
114941  -19.475  -6.060  -24.405 0.2222222239
114991  -24.686  -5.436  -30.002 1.0000000000
114992  -26.052  -4.865  -29.771 1.0000000000
114993  -26.351  -5.338  -29.592 1.0000000000
115000  -26.174  -5.504  -29.850 1.0000000000
116005  -31.356  -3.717  -23.197 0.1111111119
116060  -26.023  -4.298  -28.846 0.8888888955
116066  -24.032  -4.567  -29.651 1.0000000000
116069  -26.552  -4.921  -29.202 0.8888888955
116075  -25.303  -4.613  -30.041 0.8888888955
117029  -30.081  -2.799  -23.837 0.2222222239
117071  -25.625  -3.886  -28.853 0.8888888955
117084  -25.293  -4.294  -29.922 0.8888888955
117085  -25.346  -4.108  -29.773 0.8888888955
118041  -30.391  -2.349  -23.833 0.1111111119
118065  -21.720  -2.479  -26.136 0.3333333433
119118  -25.061  -1.297  -27.128 0.6666666865
119130  -24.308  -1.382  -28.368 0.6666666865
119136  -23.548  -1.842  -29.144 0.7777777910
120071  -31.098  -1.100  -23.913 0.1111111119
120072  -31.376  -1.075  -23.943 0.1111111119
120148  -22.955  -1.253  -29.338 0.7777777910
120149  -23.194  -1.417  -29.334 0.7777777910
121103  -23.299  -0.042  -24.446 0.1111111119
121140  -24.582  0.317  -27.062 0.6666666865
122120  -24.014  0.995  -23.613 0.1111111119
123156  -23.437  2.691  -23.393 0.2222222239
123164  -23.256  3.059  -23.243 0.2222222239
124182  -29.343  4.018  -23.995 0.1111111119
124194  -28.727  3.464  -24.155 0.2222222239
124206  -32.921  3.540  -25.820 0.1111111119
125211  -28.853  3.959  -23.973 0.2222222239
125212  -29.074  4.152  -23.947 0.1111111119
125215  -24.868  4.648  -23.922 0.3333333433
125223  -31.887  4.075  -24.954 0.1111111119
125235  -32.731  4.176  -26.369 0.1111111119
127113  -25.121  6.197  -24.131 0.2222222239
127953  -24.169  8.862  -19.097 0.1111111119
127994  -29.618  7.323  -24.909 0.1111111119
128000  -31.578  7.114  -26.172 0.1111111119
128843  -24.416  10.081  -19.263 0.1111111119
128855  -24.142  9.692  -18.753 0.1111111119
129756  -23.265  10.416  -20.907 0.1111111119
130546  -23.219  11.158  -18.921 0.1111111119
130550  -23.115  11.307  -19.357 0.1111111119
130559  -23.282  11.602  -19.715 0.1111111119
130561  -23.556  11.382  -20.936 0.1111111119
131353  -23.453  11.563  -19.334 0.1111111119
131355  -24.509  11.501  -20.364 0.1111111119
131356  -24.824  11.229  -20.459 0.1111111119
131366  -23.966  11.791  -21.024 0.1111111119
164631  -22.972  9.637  -18.885 0.1111111119
164632  -22.983  9.581  -18.579 0.1111111119
164633  -23.345  9.289  -19.184 0.1111111119
164634  -23.047  9.906  -18.494 0.1111111119
164635  -23.187  10.292  -18.678 0.1111111119
164636  -24.229  10.942  -18.960 0.1111111119
164637  -24.340  10.109  -18.972 0.1111111119
164638  -23.575  10.468  -19.963 0.1111111119
164645  -24.127  11.392  -19.333 0.1111111119
