#!ascii label  , from subject sub-01 vox2ras=TkReg
719
21851  -46.208  -79.692  -6.700 0.0000000000
28070  -48.444  -76.114  -18.260 0.0000000000
31670  -43.834  -72.463  -10.773 0.0000000000
26724  -51.084  -76.828  -11.157 0.0000000000
28017  -41.985  -75.335  -14.566 0.0000000000
26658  -41.199  -76.652  -5.830 0.0000000000
32880  -38.327  -71.670  -9.094 0.0000000000
37948  -33.710  -67.953  -4.958 0.0000000000
34198  -41.246  -70.026  -11.449 0.0000000000
30473  -43.719  -73.040  -12.600 0.0000000000
31735  -39.544  -72.622  -13.516 0.0000000000
30388  -39.853  -73.708  -6.829 0.0000000000
31608  -37.815  -72.344  -5.380 0.0000000000
40531  -36.259  -65.409  -5.127 0.0000000000
40581  -35.388  -65.506  -7.460 0.0000000000
19448  -47.431  -83.055  -8.505 0.0000000000
25519  -50.315  -77.519  -13.903 0.0000000000
23083  -48.975  -79.203  -11.447 0.0000000000
21995  -49.906  -80.128  -15.382 0.0000000000
25444  -45.266  -77.659  -8.919 0.0000000000
24208  -48.537  -79.138  -8.463 0.0000000000
28001  -46.440  -75.280  -13.147 0.0000000000
26844  -45.019  -76.380  -16.386 0.0000000000
27903  -42.394  -76.020  -7.893 0.0000000000
31660  -41.271  -72.351  -9.795 0.0000000000
38010  -40.099  -67.977  -9.851 0.0000000000
34063  -34.650  -70.968  -3.859 0.0000000000
34113  -35.330  -70.440  -7.497 0.0000000000
37998  -37.298  -67.549  -9.104 0.0000000000
40653  -37.698  -65.694  -11.133 0.0000000000
20706  -49.671  -81.552  -9.240 0.0000000000
33111  -43.850  -71.375  -22.643 0.0000000000
29343  -46.824  -74.884  -20.743 0.0000000000
25709  -48.258  -78.087  -22.400 0.0000000000
35532  -39.455  -69.803  -11.643 0.0000000000
32958  -40.368  -71.426  -12.236 0.0000000000
20677  -47.405  -81.393  -7.693 0.0000000000
25580  -49.254  -77.403  -16.516 0.0000000000
24320  -50.736  -78.710  -14.807 0.0000000000
25582  -50.421  -77.743  -16.845 0.0000000000
23187  -49.965  -79.167  -17.117 0.0000000000
28087  -50.121  -76.440  -18.740 0.0000000000
27937  -44.331  -75.616  -10.392 0.0000000000
29176  -44.891  -74.415  -11.014 0.0000000000
29233  -42.156  -74.599  -13.548 0.0000000000
29236  -45.823  -74.251  -12.719 0.0000000000
27999  -44.071  -75.399  -13.441 0.0000000000
26805  -45.204  -76.679  -14.567 0.0000000000
28034  -43.008  -75.874  -15.671 0.0000000000
26660  -43.261  -76.454  -6.402 0.0000000000
29111  -42.137  -75.478  -5.756 0.0000000000
30406  -38.814  -73.097  -7.845 0.0000000000
30408  -40.430  -74.021  -8.199 0.0000000000
31658  -39.546  -72.149  -9.318 0.0000000000
34168  -40.831  -70.302  -9.685 0.0000000000
35462  -39.560  -69.330  -9.483 0.0000000000
34071  -34.055  -70.302  -4.335 0.0000000000
34088  -34.615  -70.338  -5.846 0.0000000000
35399  -34.184  -69.457  -6.065 0.0000000000
42040  -36.103  -64.349  -8.081 0.0000000000
39234  -35.866  -66.600  -8.456 0.0000000000
40600  -37.339  -65.821  -9.318 0.0000000000
40635  -38.513  -66.305  -9.976 0.0000000000
24227  -50.062  -78.434  -9.318 0.0000000000
21884  -50.346  -80.512  -7.998 0.0000000000
23046  -50.961  -79.649  -9.440 0.0000000000
21915  -47.306  -81.083  -10.723 0.0000000000
37030  -45.557  -68.504  -23.621 0.0000000000
30600  -44.699  -73.578  -21.236 0.0000000000
26954  -45.314  -76.705  -23.056 0.0000000000
34201  -43.073  -70.900  -11.041 0.0000000000
32938  -44.067  -72.254  -11.516 0.0000000000
31710  -41.935  -72.119  -12.535 0.0000000000
31737  -41.344  -72.828  -12.966 0.0000000000
30503  -40.071  -73.610  -14.368 0.0000000000
29098  -41.378  -74.821  -5.204 0.0000000000
30366  -38.879  -72.960  -6.225 0.0000000000
31645  -37.718  -72.396  -7.126 0.0000000000
39164  -34.783  -66.727  -4.503 0.0000000000
39218  -34.463  -67.264  -6.545 0.0000000000
41983  -35.717  -65.092  -5.905 0.0000000000
43466  -36.327  -63.504  -7.292 0.0000000000
44874  -37.268  -62.608  -8.316 0.0000000000
26753  -51.522  -76.829  -11.978 0.0000000000
24265  -50.990  -78.722  -11.091 0.0000000000
24283  -51.003  -78.473  -12.634 0.0000000000
23115  -49.655  -79.481  -13.582 0.0000000000
23127  -46.971  -79.707  -13.652 0.0000000000
22015  -48.197  -80.663  -15.864 0.0000000000
22058  -47.916  -80.307  -17.427 0.0000000000
23202  -48.019  -79.341  -18.933 0.0000000000
24188  -45.563  -78.317  -7.411 0.0000000000
23001  -47.467  -79.966  -6.769 0.0000000000
25447  -48.253  -77.874  -9.778 0.0000000000
26722  -48.927  -76.315  -10.884 0.0000000000
31687  -45.876  -73.306  -11.860 0.0000000000
29202  -47.480  -74.496  -11.917 0.0000000000
27971  -49.535  -75.643  -11.821 0.0000000000
26785  -48.279  -76.461  -13.438 0.0000000000
25537  -47.370  -77.364  -15.186 0.0000000000
26846  -47.015  -76.692  -16.814 0.0000000000
25414  -44.410  -77.417  -6.891 0.0000000000
26705  -43.194  -76.459  -8.701 0.0000000000
27935  -42.560  -74.930  -9.956 0.0000000000
29125  -41.012  -74.756  -6.905 0.0000000000
30423  -41.346  -73.658  -9.585 0.0000000000
31661  -42.083  -72.353  -10.165 0.0000000000
34170  -42.182  -70.560  -10.217 0.0000000000
36788  -40.889  -68.740  -11.108 0.0000000000
36786  -38.900  -68.616  -11.488 0.0000000000
32803  -36.131  -71.466  -4.524 0.0000000000
32827  -36.572  -71.603  -6.357 0.0000000000
34141  -36.573  -70.778  -8.523 0.0000000000
37985  -34.783  -67.508  -7.625 0.0000000000
36729  -35.870  -68.473  -8.553 0.0000000000
35460  -38.070  -69.255  -9.421 0.0000000000
38008  -38.699  -67.577  -9.514 0.0000000000
39272  -38.951  -66.917  -10.361 0.0000000000
20679  -48.720  -81.448  -7.211 0.0000000000
18116  -48.641  -83.297  -8.526 0.0000000000
21917  -49.074  -80.537  -10.106 0.0000000000
19478  -48.076  -82.651  -10.278 0.0000000000
29303  -43.483  -74.548  -17.531 0.0000000000
29305  -45.051  -75.025  -18.134 0.0000000000
28082  -46.488  -75.273  -18.449 0.0000000000
30569  -46.135  -74.173  -19.967 0.0000000000
29320  -48.442  -75.386  -19.088 0.0000000000
28107  -48.925  -75.883  -20.638 0.0000000000
25689  -49.543  -77.697  -21.068 0.0000000000
35531  -38.488  -69.591  -11.779 0.0000000000
34224  -38.782  -70.719  -12.188 0.0000000000
21882  -46.857  -81.123  -8.002 0.0000000000
21869  -46.893  -80.659  -7.281 0.0000000000
26848  -48.825  -76.936  -17.137 0.0000000000
25581  -49.944  -77.534  -16.553 0.0000000000
26849  -49.597  -77.085  -17.203 0.0000000000
26862  -50.297  -77.257  -17.508 0.0000000000
26872  -49.357  -76.222  -18.533 0.0000000000
29175  -43.845  -74.328  -10.616 0.0000000000
30431  -44.325  -73.397  -10.922 0.0000000000
29250  -41.843  -75.050  -14.040 0.0000000000
29234  -43.416  -74.597  -13.124 0.0000000000
27998  -42.853  -75.502  -13.842 0.0000000000
26781  -43.671  -76.085  -14.048 0.0000000000
28018  -42.680  -75.843  -14.786 0.0000000000
26676  -40.725  -76.798  -6.666 0.0000000000
26659  -41.683  -76.801  -5.720 0.0000000000
26641  -42.639  -76.484  -5.631 0.0000000000
26640  -41.880  -76.391  -5.484 0.0000000000
31647  -38.948  -72.645  -8.624 0.0000000000
32904  -39.271  -71.193  -9.436 0.0000000000
34167  -39.947  -70.241  -9.511 0.0000000000
34166  -39.129  -70.243  -9.399 0.0000000000
37936  -33.669  -67.824  -4.072 0.0000000000
37922  -33.777  -67.619  -2.982 0.0000000000
36688  -33.626  -68.717  -4.521 0.0000000000
35381  -33.692  -69.636  -4.069 0.0000000000
35398  -33.873  -69.104  -5.682 0.0000000000
36704  -33.913  -68.758  -5.986 0.0000000000
43503  -37.153  -63.467  -9.172 0.0000000000
42041  -36.713  -64.511  -8.897 0.0000000000
42061  -37.515  -64.693  -9.680 0.0000000000
43518  -37.576  -63.744  -9.900 0.0000000000
25450  -51.164  -77.812  -9.873 0.0000000000
24211  -51.105  -78.971  -9.126 0.0000000000
24229  -51.316  -78.568  -9.746 0.0000000000
29402  -43.901  -73.646  -23.078 0.0000000000
28147  -44.784  -75.587  -22.722 0.0000000000
28165  -44.524  -75.428  -23.480 0.0000000000
34228  -42.289  -70.773  -11.494 0.0000000000
32960  -42.588  -71.359  -11.846 0.0000000000
34227  -41.724  -70.772  -11.623 0.0000000000
31708  -39.939  -72.101  -12.743 0.0000000000
31709  -40.903  -72.103  -12.605 0.0000000000
31736  -40.420  -72.746  -13.146 0.0000000000
30491  -40.769  -73.585  -13.539 0.0000000000
30502  -39.631  -73.089  -14.156 0.0000000000
31630  -38.382  -72.736  -6.627 0.0000000000
31629  -37.818  -72.377  -6.204 0.0000000000
39151  -35.120  -66.606  -3.711 0.0000000000
40509  -35.661  -65.839  -4.801 0.0000000000
39199  -34.830  -66.347  -5.829 0.0000000000
41958  -35.970  -65.268  -5.474 0.0000000000
43467  -36.564  -63.076  -7.372 0.0000000000
16828  -47.650  -84.249  -8.812 0.0000000000
26787  -50.594  -77.207  -13.309 0.0000000000
25510  -51.379  -77.832  -12.515 0.0000000000
25520  -50.809  -77.723  -13.807 0.0000000000
23131  -50.506  -79.514  -14.862 0.0000000000
23116  -50.446  -79.334  -13.905 0.0000000000
23130  -49.831  -79.882  -14.546 0.0000000000
23129  -48.848  -79.890  -14.304 0.0000000000
21993  -47.944  -80.370  -14.913 0.0000000000
23204  -49.555  -78.904  -18.041 0.0000000000
22059  -48.895  -80.217  -17.306 0.0000000000
23203  -48.864  -79.260  -18.504 0.0000000000
23185  -48.359  -79.727  -17.949 0.0000000000
24205  -45.572  -78.212  -8.233 0.0000000000
24206  -46.294  -78.570  -8.055 0.0000000000
25466  -48.603  -77.095  -10.380 0.0000000000
27940  -48.127  -75.544  -11.288 0.0000000000
31712  -44.044  -72.550  -12.278 0.0000000000
31686  -44.966  -72.762  -11.790 0.0000000000
31713  -44.835  -72.741  -12.163 0.0000000000
29222  -46.572  -74.181  -12.395 0.0000000000
29238  -47.350  -74.802  -12.628 0.0000000000
27988  -48.389  -75.148  -12.267 0.0000000000
28002  -47.664  -75.261  -12.855 0.0000000000
28003  -48.902  -75.914  -12.874 0.0000000000
26824  -45.630  -76.862  -15.625 0.0000000000
26806  -46.453  -76.977  -14.554 0.0000000000
26825  -46.724  -77.026  -15.888 0.0000000000
26826  -47.398  -77.031  -16.283 0.0000000000
26845  -45.976  -76.498  -16.782 0.0000000000
27881  -42.728  -76.228  -6.975 0.0000000000
26677  -43.336  -76.597  -7.081 0.0000000000
26704  -42.679  -76.203  -8.396 0.0000000000
27919  -42.311  -75.672  -9.153 0.0000000000
29109  -41.055  -74.432  -5.850 0.0000000000
30389  -40.516  -74.212  -6.632 0.0000000000
31659  -40.387  -72.520  -9.476 0.0000000000
30422  -40.767  -73.187  -9.423 0.0000000000
32918  -42.571  -71.415  -10.377 0.0000000000
32907  -41.839  -71.339  -10.043 0.0000000000
36748  -40.780  -68.672  -9.981 0.0000000000
36749  -41.291  -69.112  -10.093 0.0000000000
36765  -40.808  -68.599  -10.604 0.0000000000
36787  -40.060  -68.650  -11.376 0.0000000000
38029  -40.317  -68.353  -10.896 0.0000000000
34064  -35.208  -71.100  -4.442 0.0000000000
34089  -35.207  -70.776  -6.356 0.0000000000
32849  -35.814  -71.059  -7.505 0.0000000000
32850  -36.404  -71.440  -7.593 0.0000000000
34140  -35.840  -70.240  -8.276 0.0000000000
39219  -34.696  -66.637  -6.882 0.0000000000
37984  -34.419  -67.646  -6.898 0.0000000000
39233  -35.195  -66.587  -7.870 0.0000000000
39235  -36.785  -66.621  -8.910 0.0000000000
37997  -36.376  -67.526  -8.679 0.0000000000
36730  -36.850  -68.499  -8.937 0.0000000000
36731  -37.927  -68.437  -9.364 0.0000000000
36745  -38.426  -68.879  -9.442 0.0000000000
37999  -38.089  -67.514  -9.351 0.0000000000
40654  -38.431  -66.282  -10.483 0.0000000000
40636  -38.843  -66.653  -10.073 0.0000000000
39271  -38.455  -66.880  -10.898 0.0000000000
23029  -48.067  -79.501  -7.670 0.0000000000
21871  -48.534  -80.731  -6.925 0.0000000000
23020  -49.201  -80.254  -7.490 0.0000000000
20690  -50.060  -81.539  -8.714 0.0000000000
19444  -50.200  -81.721  -8.024 0.0000000000
18125  -49.277  -82.838  -8.727 0.0000000000
16830  -48.344  -83.975  -9.211 0.0000000000
18124  -48.738  -83.170  -9.321 0.0000000000
23084  -50.135  -78.931  -11.476 0.0000000000
23057  -49.602  -79.602  -10.543 0.0000000000
19497  -46.602  -82.581  -11.173 0.0000000000
20725  -47.749  -81.776  -10.446 0.0000000000
29290  -42.920  -74.889  -16.885 0.0000000000
30550  -42.773  -73.906  -17.775 0.0000000000
29316  -44.700  -74.396  -18.483 0.0000000000
28067  -45.843  -75.607  -17.776 0.0000000000
29317  -45.703  -74.595  -18.710 0.0000000000
30601  -45.332  -74.222  -21.225 0.0000000000
30579  -45.556  -73.940  -20.547 0.0000000000
30580  -46.302  -74.406  -20.385 0.0000000000
29328  -47.016  -74.589  -19.819 0.0000000000
29344  -47.670  -75.100  -20.313 0.0000000000
29345  -48.478  -75.385  -20.123 0.0000000000
28106  -48.111  -75.603  -20.717 0.0000000000
25686  -47.898  -77.384  -22.014 0.0000000000
25687  -48.558  -77.441  -21.800 0.0000000000
25710  -48.914  -78.145  -22.136 0.0000000000
34197  -40.356  -69.976  -11.566 0.0000000000
34226  -40.794  -70.765  -11.719 0.0000000000
34225  -39.824  -70.742  -11.838 0.0000000000
32956  -38.864  -71.247  -12.474 0.0000000000
32982  -38.493  -71.476  -12.931 0.0000000000
41959  -36.380  -64.827  -5.543 0.0000000000
41960  -37.230  -64.508  -5.336 0.0000000000
20689  -47.792  -82.229  -7.929 0.0000000000
25540  -49.869  -77.676  -14.576 0.0000000000
25541  -50.513  -77.985  -14.579 0.0000000000
25560  -50.209  -78.034  -15.689 0.0000000000
24319  -50.589  -78.559  -15.224 0.0000000000
23165  -50.461  -79.120  -16.196 0.0000000000
22017  -49.913  -80.026  -16.038 0.0000000000
24364  -50.427  -78.373  -17.163 0.0000000000
24381  -50.340  -78.071  -17.947 0.0000000000
25623  -50.277  -77.516  -18.551 0.0000000000
26718  -44.424  -76.443  -10.035 0.0000000000
26719  -45.215  -76.681  -10.250 0.0000000000
27938  -45.657  -75.425  -10.911 0.0000000000
29177  -46.025  -74.345  -11.400 0.0000000000
30493  -42.905  -73.553  -12.902 0.0000000000
30494  -44.023  -73.743  -12.758 0.0000000000
29235  -44.605  -74.481  -12.991 0.0000000000
28000  -45.254  -75.275  -13.297 0.0000000000
26783  -45.822  -76.226  -13.677 0.0000000000
26782  -44.677  -76.132  -13.847 0.0000000000
26804  -44.194  -76.450  -14.685 0.0000000000
26823  -44.647  -76.601  -15.523 0.0000000000
27865  -43.196  -76.374  -5.963 0.0000000000
27880  -42.062  -75.633  -7.076 0.0000000000
30407  -39.380  -73.418  -7.891 0.0000000000
32905  -40.208  -71.252  -9.575 0.0000000000
32906  -41.066  -71.311  -9.807 0.0000000000
35463  -40.466  -69.359  -9.652 0.0000000000
36747  -39.967  -68.478  -9.602 0.0000000000
34062  -33.904  -70.442  -3.632 0.0000000000
34072  -34.517  -70.516  -4.924 0.0000000000
35415  -34.334  -69.181  -6.909 0.0000000000
40582  -35.776  -64.862  -7.843 0.0000000000
40598  -35.552  -66.004  -8.133 0.0000000000
40599  -36.126  -65.501  -8.465 0.0000000000
39236  -37.657  -66.801  -9.268 0.0000000000
39248  -38.321  -66.913  -9.479 0.0000000000
40620  -37.945  -65.698  -9.757 0.0000000000
40634  -38.008  -65.463  -10.264 0.0000000000
24209  -49.690  -79.100  -8.707 0.0000000000
23031  -50.348  -79.668  -8.458 0.0000000000
24210  -50.627  -78.977  -8.879 0.0000000000
21902  -50.750  -80.387  -8.841 0.0000000000
21901  -50.382  -80.753  -9.187 0.0000000000
23055  -47.763  -79.971  -10.902 0.0000000000
34434  -44.802  -70.464  -23.816 0.0000000000
33133  -43.960  -71.648  -22.985 0.0000000000
31860  -43.798  -72.301  -21.997 0.0000000000
30623  -43.863  -73.170  -22.560 0.0000000000
29364  -44.788  -74.403  -21.762 0.0000000000
29365  -45.482  -74.965  -21.592 0.0000000000
28126  -46.829  -75.744  -21.349 0.0000000000
26937  -46.580  -77.067  -22.209 0.0000000000
25707  -46.353  -77.458  -22.729 0.0000000000
32919  -43.288  -71.560  -10.752 0.0000000000
31671  -44.503  -72.774  -11.320 0.0000000000
32920  -43.904  -71.995  -11.046 0.0000000000
32961  -43.616  -71.983  -11.918 0.0000000000
31711  -43.039  -72.423  -12.500 0.0000000000
32959  -41.384  -71.425  -12.087 0.0000000000
31738  -42.209  -72.888  -12.819 0.0000000000
30492  -41.765  -73.611  -13.199 0.0000000000
29232  -41.213  -74.191  -13.666 0.0000000000
29249  -41.280  -74.796  -14.359 0.0000000000
27850  -41.492  -75.490  -5.215 0.0000000000
30368  -40.343  -73.888  -5.801 0.0000000000
31610  -39.020  -73.106  -5.331 0.0000000000
30367  -39.417  -73.302  -5.800 0.0000000000
30387  -38.928  -73.246  -6.980 0.0000000000
31646  -38.259  -72.630  -7.822 0.0000000000
32879  -37.201  -71.824  -8.183 0.0000000000
37937  -34.389  -67.147  -3.780 0.0000000000
37949  -34.170  -67.351  -4.698 0.0000000000
37962  -34.015  -67.672  -5.535 0.0000000000
39181  -34.560  -66.920  -5.291 0.0000000000
42015  -35.540  -64.933  -6.637 0.0000000000
41984  -35.998  -64.374  -6.230 0.0000000000
42016  -35.811  -64.275  -7.237 0.0000000000
43488  -36.165  -63.853  -7.683 0.0000000000
43489  -36.555  -63.414  -8.069 0.0000000000
44888  -37.580  -62.608  -9.084 0.0000000000
26725  -51.433  -77.257  -11.283 0.0000000000
24239  -51.332  -78.545  -10.648 0.0000000000
25496  -51.527  -77.719  -11.445 0.0000000000
24282  -50.742  -78.538  -11.929 0.0000000000
23103  -50.381  -78.955  -12.797 0.0000000000
23102  -49.374  -79.136  -12.508 0.0000000000
23112  -46.778  -79.656  -12.852 0.0000000000
22041  -49.410  -80.235  -16.620 0.0000000000
22040  -48.530  -80.596  -16.697 0.0000000000
22039  -47.308  -80.517  -16.715 0.0000000000
23163  -47.189  -80.145  -17.380 0.0000000000
23184  -47.160  -79.497  -18.046 0.0000000000
24172  -46.428  -78.982  -6.806 0.0000000000
21852  -46.767  -80.068  -6.702 0.0000000000
24190  -47.149  -79.216  -7.435 0.0000000000
24207  -47.323  -79.028  -8.030 0.0000000000
24225  -47.842  -78.544  -9.032 0.0000000000
24226  -48.986  -78.493  -9.198 0.0000000000
25448  -49.372  -77.805  -9.845 0.0000000000
25467  -49.694  -77.153  -10.500 0.0000000000
26723  -49.998  -76.399  -11.133 0.0000000000
30432  -45.164  -73.573  -11.369 0.0000000000
30433  -45.838  -73.631  -11.594 0.0000000000
30476  -45.835  -73.498  -12.331 0.0000000000
30452  -46.571  -73.900  -11.939 0.0000000000
27970  -48.341  -75.118  -11.740 0.0000000000
27942  -49.694  -75.889  -11.418 0.0000000000
26752  -50.480  -76.190  -11.754 0.0000000000
27990  -50.142  -75.997  -12.454 0.0000000000
26769  -49.883  -76.251  -12.847 0.0000000000
26808  -48.730  -77.242  -14.104 0.0000000000
26784  -47.052  -76.255  -13.566 0.0000000000
26807  -47.672  -77.109  -14.190 0.0000000000
25538  -48.240  -77.664  -14.938 0.0000000000
25557  -47.941  -77.388  -15.939 0.0000000000
26847  -47.938  -76.867  -16.847 0.0000000000
26859  -48.281  -76.435  -17.640 0.0000000000
24171  -45.614  -78.626  -6.683 0.0000000000
25435  -45.003  -77.901  -7.999 0.0000000000
26679  -44.147  -77.254  -6.337 0.0000000000
25433  -44.129  -77.261  -7.327 0.0000000000
26706  -44.234  -76.982  -9.239 0.0000000000
27920  -43.476  -76.128  -9.694 0.0000000000
27936  -43.166  -75.210  -10.164 0.0000000000
29174  -42.889  -74.256  -10.342 0.0000000000
29099  -41.795  -75.352  -5.537 0.0000000000
27863  -42.075  -75.401  -6.354 0.0000000000
29144  -41.326  -74.952  -7.865 0.0000000000
27918  -41.690  -75.310  -8.561 0.0000000000
29161  -42.113  -74.471  -9.806 0.0000000000
30424  -42.466  -73.351  -10.235 0.0000000000
31669  -43.035  -72.323  -10.401 0.0000000000
34179  -42.717  -70.761  -10.740 0.0000000000
35507  -42.332  -70.151  -10.941 0.0000000000
35465  -41.913  -69.892  -10.009 0.0000000000
35506  -41.650  -69.371  -10.987 0.0000000000
35505  -40.768  -69.252  -11.421 0.0000000000
35504  -40.072  -69.285  -11.530 0.0000000000
36800  -39.139  -69.227  -11.623 0.0000000000
34073  -35.286  -70.911  -5.291 0.0000000000
32812  -35.955  -71.306  -5.781 0.0000000000
32828  -37.264  -71.952  -5.833 0.0000000000
32851  -37.144  -71.972  -6.857 0.0000000000
32878  -36.682  -71.392  -8.152 0.0000000000
34142  -37.570  -70.776  -9.090 0.0000000000
36705  -34.157  -68.477  -6.535 0.0000000000
36717  -34.524  -68.428  -7.309 0.0000000000
36718  -35.032  -68.442  -8.044 0.0000000000
37996  -35.438  -67.498  -8.307 0.0000000000
35434  -35.452  -69.426  -8.199 0.0000000000
35435  -36.287  -69.508  -8.681 0.0000000000
35436  -37.281  -69.606  -9.192 0.0000000000
35437  -38.002  -69.925  -9.351 0.0000000000
35461  -38.677  -69.486  -9.399 0.0000000000
36746  -38.931  -68.435  -9.454 0.0000000000
38009  -39.371  -67.673  -9.693 0.0000000000
39249  -38.838  -67.147  -9.659 0.0000000000
39261  -39.024  -66.939  -9.898 0.0000000000
38017  -39.541  -67.548  -10.125 0.0000000000
38028  -39.422  -67.773  -10.890 0.0000000000
38027  -38.360  -67.662  -11.271 0.0000000000
21853  -47.553  -80.578  -6.844 0.0000000000
20678  -47.996  -81.596  -7.404 0.0000000000
19441  -48.470  -82.288  -7.647 0.0000000000
21873  -50.037  -81.091  -7.540 0.0000000000
19442  -49.195  -82.305  -7.667 0.0000000000
18115  -47.924  -83.789  -8.521 0.0000000000
16829  -48.002  -84.250  -8.892 0.0000000000
23058  -50.788  -79.318  -10.271 0.0000000000
21918  -49.986  -80.405  -9.715 0.0000000000
20727  -49.379  -81.049  -9.665 0.0000000000
21916  -48.065  -80.732  -10.461 0.0000000000
20726  -48.784  -81.713  -9.873 0.0000000000
19479  -48.591  -82.679  -9.788 0.0000000000
34259  -37.752  -71.020  -13.328 0.0000000000
30518  -39.544  -73.107  -14.817 0.0000000000
29267  -40.440  -74.221  -15.079 0.0000000000
29268  -41.167  -74.776  -15.401 0.0000000000
29269  -41.693  -74.903  -15.862 0.0000000000
28050  -42.740  -75.326  -16.329 0.0000000000
28051  -43.586  -75.565  -16.595 0.0000000000
28052  -44.529  -75.751  -16.829 0.0000000000
28065  -44.174  -75.183  -17.245 0.0000000000
28053  -45.240  -75.909  -17.051 0.0000000000
28068  -46.909  -75.799  -17.976 0.0000000000
28069  -47.754  -75.954  -18.112 0.0000000000
31839  -44.053  -72.509  -21.117 0.0000000000
30578  -44.695  -73.300  -20.382 0.0000000000
30568  -45.457  -73.816  -19.632 0.0000000000
29327  -46.216  -74.377  -19.432 0.0000000000
29319  -47.618  -75.135  -19.122 0.0000000000
28085  -48.893  -75.887  -18.674 0.0000000000
29321  -49.036  -75.557  -19.089 0.0000000000
28096  -50.137  -76.285  -19.314 0.0000000000
25665  -50.269  -77.183  -19.714 0.0000000000
26918  -49.416  -77.026  -21.023 0.0000000000
24400  -49.336  -78.271  -19.724 0.0000000000
24399  -48.859  -78.624  -20.182 0.0000000000
18107  -49.145  -82.837  -7.974 0.0000000000
18108  -49.410  -82.515  -7.930 0.0000000000
18114  -47.299  -84.073  -8.714 0.0000000000
18117  -49.366  -82.660  -8.224 0.0000000000
19443  -49.816  -82.072  -7.934 0.0000000000
19449  -48.212  -83.020  -8.093 0.0000000000
19450  -48.793  -82.863  -7.899 0.0000000000
19451  -49.737  -82.043  -8.524 0.0000000000
19452  -50.042  -81.813  -8.169 0.0000000000
19462  -49.093  -82.290  -9.464 0.0000000000
19463  -49.370  -82.450  -9.065 0.0000000000
19477  -47.279  -82.605  -10.644 0.0000000000
19496  -46.144  -82.906  -11.591 0.0000000000
20663  -48.030  -81.132  -6.926 0.0000000000
20664  -48.344  -81.043  -6.870 0.0000000000
20680  -49.633  -81.550  -7.519 0.0000000000
20681  -50.207  -81.443  -7.814 0.0000000000
20691  -50.302  -81.365  -8.321 0.0000000000
20705  -49.210  -81.891  -9.518 0.0000000000
20707  -50.327  -81.148  -8.840 0.0000000000
20724  -46.936  -81.752  -10.851 0.0000000000
21854  -48.102  -80.785  -6.787 0.0000000000
21868  -45.946  -80.004  -6.974 0.0000000000
21870  -47.572  -81.067  -7.183 0.0000000000
21872  -49.389  -80.743  -7.334 0.0000000000
21883  -49.608  -80.336  -7.649 0.0000000000
21885  -50.651  -79.960  -8.467 0.0000000000
21900  -46.508  -81.419  -8.678 0.0000000000
21903  -50.859  -79.959  -8.635 0.0000000000
21919  -50.660  -80.103  -9.436 0.0000000000
21941  -47.347  -80.456  -10.924 0.0000000000
21996  -50.300  -79.695  -15.587 0.0000000000
22018  -50.315  -79.516  -16.039 0.0000000000
22042  -49.936  -79.591  -16.535 0.0000000000
22043  -50.280  -79.366  -16.314 0.0000000000
22060  -49.559  -79.747  -17.004 0.0000000000
22061  -49.807  -79.502  -16.861 0.0000000000
23000  -46.516  -79.402  -6.774 0.0000000000
23002  -48.043  -80.400  -6.823 0.0000000000
23017  -46.756  -79.156  -7.019 0.0000000000
23018  -47.305  -79.459  -7.125 0.0000000000
23019  -48.471  -80.055  -7.104 0.0000000000
23028  -47.460  -79.313  -7.525 0.0000000000
23030  -49.295  -79.849  -7.957 0.0000000000
23032  -50.903  -79.508  -8.760 0.0000000000
23047  -51.118  -79.460  -9.158 0.0000000000
23056  -48.538  -79.783  -10.699 0.0000000000
23059  -51.280  -79.144  -9.813 0.0000000000
23113  -47.642  -79.478  -13.109 0.0000000000
23128  -47.788  -79.802  -14.017 0.0000000000
23132  -50.806  -79.001  -14.799 0.0000000000
23142  -50.621  -79.133  -15.522 0.0000000000
23143  -50.734  -78.879  -15.110 0.0000000000
23164  -50.254  -79.229  -16.541 0.0000000000
23186  -49.236  -79.564  -17.656 0.0000000000
23188  -50.388  -78.891  -16.627 0.0000000000
23223  -48.644  -78.840  -19.551 0.0000000000
23224  -49.234  -78.683  -18.844 0.0000000000
24189  -46.594  -78.903  -7.202 0.0000000000
24228  -50.929  -78.373  -9.380 0.0000000000
24238  -51.114  -78.863  -10.659 0.0000000000
24266  -51.264  -78.287  -11.702 0.0000000000
24292  -51.041  -78.436  -13.405 0.0000000000
24306  -50.723  -78.415  -14.600 0.0000000000
24339  -50.484  -78.552  -16.189 0.0000000000
24363  -50.103  -78.548  -17.751 0.0000000000
24380  -49.880  -78.185  -18.567 0.0000000000
24418  -48.998  -78.610  -20.757 0.0000000000
24419  -49.391  -78.233  -20.777 0.0000000000
25377  -42.382  -76.779  -5.613 0.0000000000
25392  -41.579  -76.953  -5.890 0.0000000000
25393  -42.049  -77.164  -5.802 0.0000000000
25397  -45.067  -77.940  -6.809 0.0000000000
25413  -44.007  -77.147  -7.121 0.0000000000
25415  -44.917  -77.776  -7.295 0.0000000000
25434  -44.397  -77.473  -7.685 0.0000000000
25443  -44.581  -77.500  -8.435 0.0000000000
25446  -47.131  -77.975  -9.685 0.0000000000
25449  -50.428  -77.761  -9.846 0.0000000000
25468  -50.711  -77.258  -10.505 0.0000000000
25469  -51.419  -77.671  -10.603 0.0000000000
25521  -51.148  -77.906  -13.511 0.0000000000
25539  -49.117  -77.703  -14.842 0.0000000000
25542  -50.903  -78.111  -14.170 0.0000000000
25556  -47.352  -77.222  -15.843 0.0000000000
25558  -48.796  -77.640  -15.759 0.0000000000
25559  -49.567  -77.786  -15.695 0.0000000000
25579  -48.571  -77.262  -16.476 0.0000000000
25601  -50.399  -77.627  -17.683 0.0000000000
25622  -50.067  -77.797  -18.732 0.0000000000
25643  -50.284  -77.240  -19.359 0.0000000000
25664  -49.931  -77.491  -20.011 0.0000000000
25688  -49.155  -77.533  -21.536 0.0000000000
25708  -47.296  -77.907  -22.597 0.0000000000
25711  -49.249  -78.135  -21.761 0.0000000000
26639  -41.012  -76.031  -5.282 0.0000000000
26661  -43.731  -76.873  -6.090 0.0000000000
26678  -43.813  -76.957  -6.745 0.0000000000
26696  -43.021  -76.413  -7.779 0.0000000000
26697  -43.737  -77.028  -7.754 0.0000000000
26698  -44.171  -77.307  -8.285 0.0000000000
26707  -45.021  -77.263  -9.620 0.0000000000
26751  -49.970  -75.962  -11.495 0.0000000000
26770  -50.450  -76.394  -12.602 0.0000000000
26771  -51.133  -77.249  -12.881 0.0000000000
26780  -43.133  -75.944  -14.338 0.0000000000
26786  -49.607  -76.862  -13.396 0.0000000000
26788  -50.984  -77.523  -13.371 0.0000000000
26803  -43.377  -76.182  -14.825 0.0000000000
26809  -49.371  -77.388  -14.192 0.0000000000
26822  -43.784  -76.292  -15.621 0.0000000000
26843  -44.269  -76.219  -16.252 0.0000000000
26850  -50.097  -77.279  -17.176 0.0000000000
26857  -46.628  -76.214  -17.404 0.0000000000
26858  -47.430  -76.330  -17.484 0.0000000000
26860  -49.166  -76.514  -17.970 0.0000000000
26861  -50.001  -76.819  -17.689 0.0000000000
26873  -49.803  -76.461  -18.352 0.0000000000
26874  -50.372  -76.901  -18.174 0.0000000000
26885  -50.402  -76.820  -18.968 0.0000000000
26897  -49.401  -76.442  -20.756 0.0000000000
26898  -49.914  -76.781  -20.477 0.0000000000
26899  -50.321  -76.834  -19.720 0.0000000000
26914  -46.458  -76.392  -21.865 0.0000000000
26916  -48.105  -76.733  -21.503 0.0000000000
26917  -48.879  -76.707  -21.222 0.0000000000
26935  -45.182  -76.189  -22.731 0.0000000000
26936  -45.797  -76.623  -22.412 0.0000000000
26953  -44.892  -76.293  -23.368 0.0000000000
27851  -42.262  -75.813  -5.584 0.0000000000
27852  -42.849  -76.209  -5.790 0.0000000000
27864  -42.621  -75.726  -6.080 0.0000000000
27902  -41.895  -75.578  -8.100 0.0000000000
27921  -44.086  -76.315  -9.898 0.0000000000
27941  -49.145  -75.752  -11.345 0.0000000000
27972  -50.140  -75.898  -12.224 0.0000000000
27987  -47.877  -74.900  -12.519 0.0000000000
27989  -49.687  -75.851  -12.496 0.0000000000
27997  -42.178  -75.184  -13.942 0.0000000000
28004  -49.569  -76.166  -12.892 0.0000000000
28016  -41.462  -75.114  -14.883 0.0000000000
28032  -41.672  -75.176  -15.273 0.0000000000
28033  -42.216  -75.390  -15.622 0.0000000000
28066  -44.868  -75.357  -17.466 0.0000000000
28083  -47.278  -75.435  -18.572 0.0000000000
28084  -48.100  -75.609  -18.637 0.0000000000
28086  -49.590  -75.949  -18.937 0.0000000000
28094  -49.198  -75.578  -19.935 0.0000000000
28095  -49.734  -75.842  -19.626 0.0000000000
28105  -47.428  -75.431  -20.863 0.0000000000
28108  -49.654  -76.019  -20.288 0.0000000000
28109  -50.087  -76.262  -19.928 0.0000000000
28148  -45.319  -75.704  -22.198 0.0000000000
29110  -41.796  -75.097  -5.954 0.0000000000
29126  -41.618  -75.237  -6.749 0.0000000000
29143  -40.907  -74.592  -7.621 0.0000000000
29160  -41.490  -74.850  -9.042 0.0000000000
29200  -46.216  -73.965  -11.582 0.0000000000
29203  -48.103  -74.700  -11.989 0.0000000000
29221  -46.170  -73.845  -12.425 0.0000000000
29223  -47.425  -74.602  -12.338 0.0000000000
29224  -47.891  -74.626  -12.112 0.0000000000
29231  -40.869  -74.001  -13.737 0.0000000000
29237  -46.899  -74.686  -12.684 0.0000000000
29248  -40.684  -74.164  -14.075 0.0000000000
29287  -40.742  -74.207  -15.932 0.0000000000
29302  -42.645  -74.358  -17.288 0.0000000000
29318  -46.767  -74.788  -18.986 0.0000000000
29329  -47.999  -75.177  -19.649 0.0000000000
29330  -48.758  -75.422  -19.516 0.0000000000
29331  -49.282  -75.616  -19.394 0.0000000000
29342  -45.990  -74.519  -20.975 0.0000000000
29366  -46.226  -75.135  -21.284 0.0000000000
29386  -44.037  -73.937  -22.755 0.0000000000
30409  -41.036  -74.432  -8.722 0.0000000000
30430  -43.445  -73.280  -10.537 0.0000000000
30451  -46.241  -73.774  -11.733 0.0000000000
30453  -47.045  -74.294  -12.032 0.0000000000
30474  -44.502  -73.108  -12.482 0.0000000000
30475  -45.232  -73.220  -12.366 0.0000000000
30477  -46.324  -73.701  -12.174 0.0000000000
30478  -46.764  -74.143  -12.141 0.0000000000
30490  -40.041  -73.192  -13.696 0.0000000000
30495  -44.963  -73.712  -12.636 0.0000000000
30496  -45.486  -73.633  -12.503 0.0000000000
30519  -39.855  -73.397  -15.344 0.0000000000
30624  -44.291  -73.800  -22.088 0.0000000000
30638  -43.992  -73.147  -23.398 0.0000000000
31648  -39.671  -73.073  -8.811 0.0000000000
31672  -45.306  -73.161  -11.611 0.0000000000
31688  -46.213  -73.477  -12.015 0.0000000000
31714  -45.533  -73.029  -12.098 0.0000000000
31715  -45.998  -73.325  -12.084 0.0000000000
31734  -38.777  -72.119  -13.825 0.0000000000
31861  -44.078  -73.080  -21.751 0.0000000000
31878  -43.844  -72.186  -22.995 0.0000000000
32813  -36.757  -71.642  -5.351 0.0000000000
32826  -35.765  -71.277  -6.878 0.0000000000
32881  -38.997  -71.951  -9.195 0.0000000000
32903  -38.770  -70.893  -9.408 0.0000000000
32936  -42.921  -71.105  -11.484 0.0000000000
32937  -43.320  -71.377  -11.287 0.0000000000
32957  -39.350  -71.411  -12.456 0.0000000000
32962  -44.331  -72.419  -11.914 0.0000000000
32983  -39.174  -72.017  -13.004 0.0000000000
33112  -44.134  -70.986  -23.066 0.0000000000
34112  -34.578  -70.029  -6.780 0.0000000000
34114  -35.936  -70.847  -7.949 0.0000000000
34143  -38.407  -70.495  -9.360 0.0000000000
34169  -41.620  -70.419  -9.855 0.0000000000
34180  -43.162  -71.096  -10.914 0.0000000000
34199  -42.035  -70.264  -11.298 0.0000000000
34200  -42.727  -70.766  -11.271 0.0000000000
34408  -44.299  -70.802  -23.325 0.0000000000
35387  -33.854  -69.604  -5.115 0.0000000000
35388  -34.235  -70.030  -5.518 0.0000000000
35416  -34.780  -69.352  -7.537 0.0000000000
35464  -41.299  -69.537  -9.872 0.0000000000
35477  -41.605  -69.464  -10.289 0.0000000000
35478  -42.132  -69.976  -10.481 0.0000000000
35745  -44.767  -69.188  -23.489 0.0000000000
36694  -33.762  -68.501  -5.424 0.0000000000
36695  -33.939  -68.203  -5.997 0.0000000000
36732  -38.440  -67.962  -9.425 0.0000000000
36766  -41.265  -68.973  -10.441 0.0000000000
36789  -41.208  -68.860  -10.812 0.0000000000
36801  -39.571  -69.060  -11.568 0.0000000000
37961  -33.759  -68.007  -5.342 0.0000000000
37972  -34.215  -67.704  -6.287 0.0000000000
38018  -40.237  -68.090  -10.349 0.0000000000
39165  -35.524  -66.147  -4.465 0.0000000000
39182  -35.051  -66.374  -5.081 0.0000000000
39198  -34.483  -67.092  -6.070 0.0000000000
39260  -38.592  -66.724  -9.726 0.0000000000
40510  -35.942  -65.684  -4.675 0.0000000000
40530  -35.538  -65.729  -5.289 0.0000000000
40555  -35.187  -65.653  -6.340 0.0000000000
40601  -37.901  -66.458  -9.425 0.0000000000
40621  -38.145  -66.314  -9.608 0.0000000000
40655  -38.701  -66.535  -10.219 0.0000000000
