#!ascii label  , from subject sub-01 vox2ras=TkReg
950
86677  -26.645  -29.794  -22.995 0.4285714328
87930  -27.247  -28.411  -23.656 0.2857142985
87911  -26.890  -29.165  -23.216 0.4285714328
87912  -27.617  -28.499  -22.754 0.4285714328
87914  -28.874  -28.309  -21.766 0.4285714328
89208  -27.620  -27.755  -24.095 0.2857142985
89198  -28.151  -27.300  -23.524 0.4285714328
90468  -28.738  -26.836  -22.894 0.4285714328
90488  -28.755  -26.454  -24.677 0.4285714328
90489  -29.193  -25.973  -24.224 0.4285714328
91855  -28.999  -25.463  -25.727 0.4285714328
91857  -30.076  -25.183  -24.891 0.4285714328
93243  -28.729  -24.248  -26.580 0.5714285970
93244  -29.783  -24.463  -25.874 0.5714285970
93224  -30.574  -24.505  -25.085 0.4285714328
93225  -31.317  -23.504  -24.867 0.2857142985
94412  -30.364  -23.368  -25.869 0.7142857313
94391  -30.990  -23.312  -25.375 0.7142857313
95496  -31.714  -22.471  -25.746 0.7142857313
95497  -32.423  -22.237  -25.211 0.4285714328
95495  -30.931  -22.712  -25.803 0.7142857313
97736  -32.758  -20.747  -25.293 0.5714285970
96653  -31.333  -21.560  -26.396 0.5714285970
97772  -31.968  -20.862  -26.215 0.5714285970
98927  -32.021  -20.029  -26.358 0.5714285970
97755  -32.518  -20.373  -25.739 0.5714285970
97786  -31.454  -21.141  -26.471 0.5714285970
97737  -33.360  -20.313  -24.884 0.4285714328
98910  -32.549  -19.440  -25.811 0.5714285970
100038  -33.327  -18.459  -24.638 0.5714285970
98925  -30.306  -19.276  -26.682 0.7142857313
100059  -32.517  -18.494  -25.656 0.7142857313
101193  -32.560  -17.475  -25.569 0.7142857313
101194  -33.072  -17.905  -25.134 0.5714285970
100082  -32.005  -19.050  -26.319 0.5714285970
98941  -28.987  -19.369  -27.624 0.5714285970
101213  -31.126  -17.861  -26.044 0.8571428657
102301  -33.158  -16.689  -24.978 0.5714285970
100080  -30.394  -18.397  -26.573 0.7142857313
100079  -29.594  -18.143  -26.658 0.5714285970
102300  -32.558  -16.426  -25.578 0.7142857313
103389  -32.413  -15.425  -25.571 0.5714285970
101191  -31.110  -16.973  -25.754 0.7142857313
103390  -33.085  -15.547  -25.186 0.5714285970
102316  -30.309  -16.631  -25.750 0.7142857313
103388  -31.554  -15.361  -25.647 0.7142857313
104555  -32.149  -14.413  -25.506 0.7142857313
103387  -30.563  -15.526  -25.507 0.7142857313
104554  -31.125  -14.413  -25.459 0.7142857313
105666  -31.672  -13.378  -25.424 0.7142857313
104553  -30.052  -14.407  -25.005 0.7142857313
102296  -29.174  -15.928  -25.645 0.5714285970
106833  -31.000  -12.421  -25.068 0.5714285970
107987  -31.434  -11.454  -24.846 0.5714285970
104540  -29.700  -13.813  -24.766 0.8571428657
104552  -29.114  -14.728  -25.121 0.8571428657
106819  -30.346  -12.224  -24.526 0.7142857313
105664  -30.029  -13.437  -24.706 0.8571428657
106832  -30.402  -12.841  -24.739 0.7142857313
109071  -29.509  -10.210  -23.661 0.8571428657
109093  -30.905  -10.637  -24.070 0.5714285970
107970  -29.801  -11.634  -24.204 0.8571428657
107969  -28.952  -11.782  -24.330 0.8571428657
106818  -29.693  -12.579  -24.492 0.8571428657
111386  -29.309  -8.824  -23.326 0.8571428657
111403  -29.888  -8.534  -23.079 0.8571428657
113825  -28.629  -7.090  -23.558 0.8571428657
109091  -29.049  -10.719  -23.908 0.8571428657
112618  -28.713  -8.062  -23.294 0.8571428657
113824  -28.014  -6.990  -24.689 1.0000000000
113814  -28.941  -7.740  -23.271 1.0000000000
110205  -28.906  -9.590  -23.628 0.8571428657
112632  -28.286  -7.911  -23.912 1.0000000000
114942  -28.194  -5.856  -24.295 1.0000000000
117045  -27.571  -3.553  -25.341 0.7142857313
114956  -27.611  -5.735  -25.286 1.0000000000
116035  -28.029  -4.715  -24.957 1.0000000000
119096  -27.670  -1.178  -24.698 1.0000000000
119095  -27.308  -1.213  -25.166 0.8571428657
120079  -27.572  0.011  -24.907 0.8571428657
123180  -28.122  2.537  -24.414 0.8571428657
122148  -27.506  1.564  -24.631 0.8571428657
122149  -28.499  1.553  -24.425 1.0000000000
125219  -28.583  4.373  -24.189 0.8571428657
126205  -28.196  5.434  -24.522 0.7142857313
125217  -26.380  4.558  -24.310 0.5714285970
126204  -27.066  5.497  -24.330 0.7142857313
127120  -27.857  6.468  -24.168 0.5714285970
126197  -24.936  5.573  -23.939 0.5714285970
125216  -25.474  4.547  -24.213 0.5714285970
127117  -25.090  7.000  -24.277 0.4285714328
127986  -26.423  7.777  -24.061 0.4285714328
127104  -23.380  7.039  -22.357 0.2857142985
127965  -23.064  8.103  -22.145 0.2857142985
127111  -23.936  6.845  -23.216 0.2857142985
127952  -23.257  8.557  -21.103 0.2857142985
89197  -27.684  -27.895  -23.237 0.2857142985
105665  -30.701  -13.462  -25.170 0.7142857313
109092  -30.051  -10.890  -23.832 0.8571428657
110207  -30.637  -9.788  -23.588 0.8571428657
111387  -30.213  -9.068  -23.428 0.8571428657
113815  -29.212  -7.667  -23.182 0.8571428657
127938  -23.699  9.381  -18.742 0.1428571492
87941  -27.170  -28.311  -24.533 0.2857142985
89220  -27.584  -27.671  -25.224 0.2857142985
89209  -28.276  -27.207  -24.470 0.2857142985
90477  -28.701  -26.593  -23.842 0.4285714328
91838  -29.659  -25.518  -23.977 0.4285714328
90499  -28.062  -26.627  -25.750 0.2857142985
91875  -29.323  -25.081  -25.764 0.4285714328
91847  -30.129  -25.069  -24.327 0.4285714328
91874  -28.902  -25.062  -26.102 0.5714285970
94411  -29.576  -23.338  -26.430 0.2857142985
95514  -30.438  -22.381  -26.255 0.7142857313
95515  -31.285  -22.247  -26.154 0.7142857313
96637  -32.220  -21.422  -25.688 0.4285714328
96652  -30.332  -21.347  -26.558 0.5714285970
98872  -33.274  -19.193  -24.006 0.4285714328
97770  -30.237  -20.272  -26.589 0.7142857313
98926  -31.191  -19.683  -26.477 0.7142857313
98911  -33.058  -19.787  -25.385 0.7142857313
100060  -33.037  -18.905  -25.291 0.5714285970
100058  -31.860  -18.154  -25.901 0.7142857313
101192  -31.873  -17.185  -25.821 0.7142857313
98924  -29.527  -18.892  -26.932 0.5714285970
104556  -33.007  -14.564  -25.349 0.5714285970
103376  -33.439  -15.554  -24.411 0.5714285970
102299  -31.810  -16.244  -25.790 0.7142857313
109072  -30.211  -10.255  -23.634 0.5714285970
114943  -28.877  -5.788  -23.528 1.0000000000
112631  -28.108  -7.985  -24.622 1.0000000000
118070  -27.166  -2.879  -26.017 0.7142857313
117026  -27.772  -2.937  -25.038 1.0000000000
117027  -28.460  -3.432  -24.644 1.0000000000
118058  -27.788  -1.770  -24.732 0.7142857313
118038  -27.945  -2.536  -24.790 1.0000000000
118057  -27.302  -2.235  -25.533 0.7142857313
119072  -27.613  -0.641  -24.792 0.8571428657
121113  -27.925  0.658  -24.614 1.0000000000
121114  -28.879  0.587  -24.462 1.0000000000
125218  -27.452  4.489  -24.356 0.7142857313
127112  -24.713  6.640  -24.026 0.7142857313
126203  -25.837  5.543  -24.222 0.7142857313
127119  -26.707  6.561  -24.174 0.7142857313
127974  -23.524  7.932  -22.975 0.2857142985
127984  -24.937  7.216  -24.084 0.4285714328
127985  -25.386  7.415  -24.020 0.4285714328
127975  -24.736  7.763  -23.466 0.4285714328
96669  -28.823  -21.498  -27.378 0.4285714328
96651  -29.326  -20.895  -26.763 0.4285714328
126198  -25.359  5.976  -24.125 0.7142857313
86678  -27.350  -29.769  -22.443 0.4285714328
86679  -28.003  -29.046  -22.168 0.4285714328
87929  -26.716  -28.896  -24.078 0.2857142985
87913  -28.379  -28.327  -22.153 0.4285714328
89187  -28.143  -27.720  -22.714 0.4285714328
90500  -28.774  -26.072  -25.386 0.2857142985
90501  -29.202  -25.872  -24.870 0.4285714328
91846  -29.660  -25.510  -24.625 0.4285714328
90516  -28.481  -25.814  -26.062 0.4285714328
93245  -30.558  -24.016  -25.687 0.4285714328
97771  -31.318  -20.764  -26.535 0.5714285970
98891  -33.301  -19.337  -24.895 0.4285714328
100081  -31.185  -18.730  -26.385 0.7142857313
97769  -29.145  -19.779  -26.800 0.7142857313
101212  -30.366  -17.555  -26.245 0.5714285970
101211  -29.459  -17.277  -26.388 0.7142857313
103406  -29.955  -16.092  -25.503 0.8571428657
103386  -29.615  -15.543  -25.396 0.8571428657
107971  -30.628  -11.561  -24.381 0.8571428657
109070  -29.048  -10.148  -23.726 0.8571428657
110206  -29.801  -9.622  -23.508 0.8571428657
111402  -28.312  -8.687  -24.217 1.0000000000
124193  -27.776  3.506  -24.311 0.8571428657
126202  -25.292  5.063  -24.034 0.5714285970
126196  -24.021  5.804  -23.566 0.4285714328
127118  -25.552  6.639  -24.198 0.4285714328
127093  -23.380  7.357  -21.347 0.2857142985
127063  -23.369  9.325  -18.907 0.1428571492
89221  -28.367  -26.903  -25.178 0.2857142985
95513  -29.327  -22.193  -26.891 0.2857142985
129791  -27.214  9.759  -24.511 0.2857142985
130594  -26.873  10.363  -24.580 0.1428571492
128892  -26.702  8.921  -24.132 0.2857142985
129799  -27.802  9.745  -25.067 0.2857142985
129780  -26.109  9.941  -23.484 0.1428571492
130593  -26.410  10.977  -24.627 0.1428571492
128880  -24.160  9.029  -22.821 0.1428571492
127976  -25.711  8.238  -23.714 0.2857142985
128881  -25.298  9.036  -23.313 0.1428571492
128898  -28.080  9.177  -25.191 0.2857142985
128004  -31.488  7.152  -26.803 0.2857142985
128900  -29.498  8.028  -25.458 0.2857142985
130584  -25.027  10.720  -22.318 0.1428571492
127122  -29.881  6.353  -24.462 0.2857142985
128899  -28.630  8.669  -25.427 0.2857142985
128893  -27.585  8.707  -24.581 0.2857142985
126211  -31.296  5.392  -25.319 0.1428571492
127995  -30.217  7.227  -25.465 0.2857142985
127993  -29.141  7.923  -24.991 0.2857142985
129779  -25.183  10.002  -22.958 0.1428571492
128894  -28.149  8.160  -24.525 0.2857142985
124218  -33.378  3.296  -26.409 0.1428571492
126213  -32.299  4.627  -26.202 0.1428571492
127127  -30.878  6.397  -25.289 0.4285714328
123183  -31.108  2.448  -24.491 0.2857142985
125221  -30.388  4.452  -24.525 0.4285714328
122153  -32.782  1.516  -24.850 0.1428571492
124197  -31.576  3.367  -24.706 0.2857142985
126206  -29.208  5.416  -24.127 0.4285714328
124195  -29.619  3.583  -24.213 0.5714285970
125220  -29.494  4.487  -24.118 0.7142857313
120084  -32.518  -0.498  -24.432 0.1428571492
122152  -31.628  1.451  -24.509 0.1428571492
123182  -30.088  2.488  -24.347 0.4285714328
119057  -32.365  -1.746  -23.727 0.2857142985
120083  -31.516  -0.656  -24.172 0.7142857313
120080  -28.243  -0.159  -24.590 0.8571428657
121115  -29.921  0.444  -24.385 0.8571428657
118043  -32.440  -2.884  -23.544 0.2857142985
122150  -29.505  1.500  -24.352 0.7142857313
123179  -27.115  2.603  -24.604 0.5714285970
117031  -32.655  -3.425  -23.625 0.1428571492
119055  -30.757  -1.636  -23.858 0.7142857313
116021  -32.196  -4.295  -23.526 0.1428571492
112669  -27.328  -7.899  -27.559 0.5714285970
113837  -27.574  -6.722  -25.876 0.8571428657
114966  -27.217  -5.643  -26.368 0.5714285970
117028  -29.664  -3.327  -23.945 0.8571428657
119073  -28.306  -1.122  -24.387 0.8571428657
116020  -31.361  -4.604  -23.194 0.2857142985
118040  -29.714  -2.328  -24.008 0.8571428657
119074  -29.378  -1.440  -24.146 0.8571428657
114947  -32.835  -5.462  -24.265 0.4285714328
117005  -30.637  -3.163  -23.650 0.7142857313
111452  -27.413  -9.007  -27.500 0.2857142985
112644  -27.886  -7.763  -25.380 0.5714285970
112655  -27.567  -7.717  -26.387 0.5714285970
116036  -28.466  -4.317  -24.526 0.8571428657
118039  -28.751  -2.281  -24.412 0.8571428657
116019  -30.306  -4.390  -23.354 0.8571428657
114936  -32.031  -6.178  -23.791 0.4285714328
104581  -27.878  -14.633  -27.198 0.7142857313
105690  -27.692  -13.074  -27.316 0.4285714328
104568  -27.980  -14.541  -26.374 0.7142857313
106831  -27.905  -12.543  -25.680 0.8571428657
107985  -27.561  -12.119  -26.317 0.5714285970
110263  -27.403  -9.858  -26.929 0.5714285970
110275  -27.596  -9.780  -28.010 0.4285714328
109113  -27.660  -10.957  -25.234 0.8571428657
109112  -27.244  -11.018  -26.294 0.5714285970
111435  -27.441  -8.803  -26.606 0.5714285970
110224  -28.344  -9.713  -24.449 0.8571428657
110223  -27.937  -9.178  -25.156 0.7142857313
112633  -30.027  -8.238  -22.930 0.7142857313
113826  -29.335  -7.193  -23.601 0.7142857313
114944  -29.944  -5.253  -23.308 0.7142857313
116018  -29.106  -4.473  -23.804 0.8571428657
112635  -32.004  -7.614  -24.126 0.2857142985
112621  -31.777  -7.132  -23.717 0.4285714328
113816  -31.860  -6.610  -23.744 0.5714285970
102329  -28.339  -16.153  -26.890 0.4285714328
104598  -28.057  -14.597  -28.292 0.4285714328
105650  -29.381  -13.366  -24.622 0.7142857313
106816  -28.314  -13.026  -25.118 0.7142857313
106817  -28.835  -12.727  -24.602 0.7142857313
109090  -28.349  -10.917  -24.572 0.8571428657
111388  -30.963  -9.196  -23.576 0.7142857313
111405  -31.544  -8.720  -23.894 0.2857142985
111404  -30.636  -8.516  -23.350 0.5714285970
101227  -28.892  -17.971  -26.622 0.4285714328
101234  -28.409  -17.437  -28.143 0.5714285970
102314  -28.681  -16.089  -26.000 0.5714285970
103424  -27.912  -15.274  -26.871 0.5714285970
104538  -28.723  -14.148  -24.987 0.7142857313
109114  -31.643  -10.499  -24.780 0.4285714328
110226  -31.346  -9.767  -24.020 0.4285714328
111419  -31.752  -8.561  -25.050 0.4285714328
97785  -28.904  -19.751  -27.381 0.5714285970
102284  -33.546  -16.471  -24.196 0.4285714328
106835  -33.092  -12.032  -24.992 0.4285714328
105667  -32.938  -13.348  -25.310 0.4285714328
107988  -32.193  -11.257  -25.294 0.4285714328
93210  -30.669  -24.464  -23.888 0.1428571492
105651  -33.406  -14.011  -25.101 0.4285714328
105652  -33.785  -13.498  -24.578 0.4285714328
105668  -33.542  -12.668  -24.945 0.4285714328
94378  -32.761  -22.863  -24.279 0.1428571492
97724  -33.641  -20.320  -23.888 0.2857142985
102218  -34.389  -16.791  -21.815 0.2857142985
104478  -34.294  -15.153  -21.770 0.2857142985
103345  -34.026  -15.810  -22.472 0.2857142985
100017  -33.672  -18.009  -23.902 0.4285714328
105592  -34.359  -14.397  -22.055 0.2857142985
103365  -33.870  -15.602  -23.254 0.2857142985
101156  -33.750  -17.023  -23.742 0.2857142985
105614  -34.277  -14.007  -22.678 0.2857142985
104542  -33.752  -14.557  -24.097 0.4285714328
93201  -31.569  -24.146  -23.310 0.1428571492
94367  -32.229  -23.436  -23.866 0.1428571492
95469  -33.369  -22.458  -24.054 0.2857142985
95480  -33.646  -21.917  -24.123 0.2857142985
98844  -34.287  -19.467  -22.459 0.2857142985
99975  -34.487  -18.571  -21.646 0.2857142985
99990  -34.211  -18.321  -22.557 0.2857142985
98873  -33.838  -19.373  -23.198 0.2857142985
101131  -34.265  -17.361  -22.331 0.2857142985
94359  -33.202  -23.489  -22.774 0.1428571492
96601  -34.566  -21.358  -22.348 0.2857142985
94369  -33.728  -22.875  -23.054 0.2857142985
96612  -34.407  -21.296  -23.105 0.2857142985
95470  -34.005  -22.233  -23.533 0.2857142985
97725  -34.182  -20.378  -23.184 0.2857142985
89188  -29.185  -27.599  -22.019 0.2857142985
91839  -30.118  -25.167  -23.401 0.1428571492
90478  -29.380  -25.995  -23.338 0.2857142985
93191  -31.271  -24.775  -22.743 0.1428571492
85411  -27.743  -30.504  -21.938 0.2857142985
85430  -27.171  -30.734  -22.375 0.2857142985
85429  -26.439  -30.570  -22.855 0.2857142985
90469  -29.591  -26.462  -22.468 0.2857142985
85412  -28.558  -30.554  -21.639 0.1428571492
84259  -26.731  -31.475  -22.362 0.2857142985
84258  -25.793  -31.581  -22.791 0.1428571492
94368  -33.168  -23.049  -23.582 0.1428571492
95461  -34.206  -22.524  -22.872 0.2857142985
97711  -34.460  -20.463  -22.442 0.2857142985
101110  -34.445  -17.580  -21.765 0.2857142985
103318  -34.245  -16.056  -21.823 0.2857142985
103364  -33.604  -15.825  -23.838 0.4285714328
104527  -34.006  -14.686  -23.342 0.2857142985
106780  -34.294  -13.302  -22.907 0.2857142985
105678  -27.793  -13.293  -26.746 0.7142857313
110245  -27.667  -9.791  -25.640 0.5714285970
106834  -32.052  -12.282  -25.383 0.4285714328
110247  -31.719  -9.538  -24.853 0.2857142985
124192  -26.740  3.606  -24.446 0.4285714328
113828  -32.358  -6.714  -24.067 0.2857142985
120081  -29.180  -0.415  -24.355 0.8571428657
118017  -31.117  -2.401  -23.718 0.5714285970
127988  -28.704  7.512  -24.364 0.2857142985
127128  -31.670  5.917  -25.561 0.2857142985
125228  -31.568  4.671  -25.297 0.1428571492
86659  -28.119  -29.762  -21.865 0.1428571492
89170  -29.594  -27.933  -21.664 0.1428571492
90479  -29.911  -25.626  -22.696 0.1428571492
93193  -33.379  -23.808  -22.075 0.1428571492
94360  -34.094  -23.188  -22.500 0.1428571492
96619  -32.892  -21.372  -25.007 0.2857142985
96611  -33.962  -21.262  -23.755 0.2857142985
101087  -34.569  -17.654  -20.996 0.2857142985
102199  -34.606  -16.836  -21.172 0.2857142985
101226  -28.651  -17.346  -27.178 0.5714285970
100018  -33.769  -18.470  -23.320 0.2857142985
106803  -34.191  -12.779  -23.513 0.2857142985
105679  -27.994  -13.918  -26.796 0.7142857313
104551  -28.389  -14.529  -25.561 0.5714285970
108008  -27.622  -11.695  -28.252 0.4285714328
106845  -27.657  -12.644  -26.949 0.5714285970
106821  -33.722  -12.191  -24.424 0.2857142985
107972  -33.437  -11.353  -24.617 0.1428571492
109115  -32.296  -10.359  -25.222 0.4285714328
109116  -33.298  -10.370  -25.063 0.1428571492
116017  -28.430  -4.986  -24.104 0.8571428657
110248  -32.396  -9.477  -25.406 0.1428571492
112634  -31.059  -7.488  -23.389 0.5714285970
114945  -31.344  -5.684  -23.369 0.5714285970
116004  -30.727  -3.857  -23.170 0.7142857313
116022  -33.114  -4.483  -24.015 0.1428571492
117006  -31.465  -3.123  -23.515 0.4285714328
117008  -32.993  -2.944  -23.667 0.1428571492
121116  -31.020  0.381  -24.376 0.5714285970
118020  -33.269  -2.492  -23.982 0.1428571492
119076  -32.141  -1.118  -24.060 0.1428571492
121118  -33.158  0.371  -24.754 0.1428571492
129778  -24.644  9.885  -22.145 0.1428571492
122151  -30.554  1.450  -24.350 0.5714285970
127123  -30.441  5.887  -24.615 0.2857142985
125227  -30.958  4.785  -25.049 0.2857142985
123184  -32.079  2.463  -24.816 0.2857142985
123197  -32.998  2.535  -25.321 0.1428571492
124207  -33.351  3.025  -25.789 0.1428571492
124217  -33.045  3.728  -26.307 0.1428571492
127132  -31.437  6.939  -25.844 0.2857142985
127143  -31.613  6.359  -27.314 0.2857142985
126217  -32.005  5.591  -26.960 0.1428571492
87891  -29.475  -28.529  -21.552 0.1428571492
91833  -31.976  -25.226  -21.949 0.1428571492
103304  -34.519  -16.250  -21.353 0.2857142985
112645  -32.084  -7.823  -25.154 0.2857142985
125248  -32.837  4.114  -27.287 0.1428571492
127159  -31.231  6.207  -28.224 0.2857142985
86694  -26.125  -29.819  -23.676 0.2857142985
87890  -28.619  -28.922  -21.769 0.1428571492
89189  -30.021  -26.889  -21.908 0.1428571492
93211  -31.325  -23.782  -24.245 0.1428571492
94393  -32.495  -22.745  -24.821 0.2857142985
95479  -33.079  -22.165  -24.612 0.2857142985
94377  -32.030  -23.227  -24.576 0.1428571492
101176  -33.503  -17.423  -24.479 0.4285714328
103385  -28.775  -15.423  -25.557 0.5714285970
101210  -28.891  -16.689  -26.459 0.4285714328
111401  -28.034  -8.647  -24.908 0.8571428657
117046  -28.160  -4.001  -24.896 0.8571428657
124181  -29.124  3.833  -23.977 0.7142857313
127121  -28.893  6.387  -24.105 0.2857142985
93200  -30.804  -24.690  -23.113 0.1428571492
104541  -33.454  -14.611  -24.830 0.4285714328
111418  -27.777  -8.633  -25.687 0.5714285970
127987  -27.572  7.541  -24.167 0.2857142985
127977  -26.262  8.476  -23.872 0.2857142985
107968  -28.220  -11.955  -24.979 0.8571428657
129790  -26.582  9.873  -24.107 0.2857142985
128882  -26.153  9.071  -23.660 0.2857142985
129800  -28.223  9.686  -25.650 0.2857142985
127999  -30.902  7.436  -26.097 0.2857142985
128905  -29.554  8.544  -26.191 0.2857142985
128901  -29.852  7.625  -25.428 0.2857142985
127989  -29.329  6.945  -24.332 0.2857142985
127126  -30.097  6.785  -25.090 0.2857142985
126208  -30.688  5.369  -24.833 0.2857142985
126212  -31.830  5.193  -26.029 0.1428571492
125236  -33.072  3.813  -26.661 0.1428571492
125229  -32.242  4.273  -25.660 0.1428571492
126218  -32.385  4.817  -26.754 0.1428571492
127133  -31.858  6.452  -26.143 0.1428571492
126207  -30.105  5.352  -24.260 0.5714285970
122154  -33.299  1.057  -25.097 0.1428571492
121117  -32.118  0.427  -24.498 0.1428571492
125222  -31.180  4.158  -24.805 0.2857142985
124198  -32.309  3.404  -25.181 0.2857142985
124196  -30.656  3.425  -24.513 0.4285714328
123181  -29.089  2.511  -24.226 0.7142857313
119056  -31.535  -1.503  -23.774 0.5714285970
120082  -30.367  -0.769  -24.156 0.7142857313
118018  -31.973  -2.545  -23.519 0.5714285970
116006  -31.764  -3.598  -23.399 0.4285714328
119075  -30.099  -1.703  -23.920 0.8571428657
113846  -27.134  -6.598  -27.093 0.4285714328
117004  -30.300  -3.666  -23.530 0.8571428657
114946  -32.192  -5.662  -23.750 0.5714285970
105691  -27.860  -13.654  -27.698 0.4285714328
105663  -28.014  -13.538  -25.958 0.7142857313
106830  -27.758  -12.901  -26.298 0.7142857313
107986  -27.614  -11.735  -25.636 0.7142857313
107999  -27.548  -11.819  -27.201 0.4285714328
109129  -27.446  -10.805  -27.558 0.4285714328
109141  -27.581  -10.696  -28.622 0.2857142985
110246  -28.057  -10.331  -24.989 0.8571428657
112620  -31.640  -6.940  -23.595 0.5714285970
113827  -31.005  -5.999  -23.744 0.7142857313
102339  -28.390  -16.464  -27.986 0.5714285970
102268  -33.682  -16.282  -23.611 0.2857142985
103377  -33.745  -15.238  -23.796 0.4285714328
106836  -33.467  -12.318  -24.799 0.4285714328
96620  -33.446  -21.256  -24.384 0.2857142985
102269  -33.843  -16.476  -23.074 0.2857142985
101157  -33.933  -17.471  -23.040 0.2857142985
104505  -34.121  -14.931  -22.595 0.2857142985
105636  -34.040  -13.793  -23.521 0.4285714328
93192  -32.346  -24.494  -22.253 0.1428571492
93202  -32.513  -23.712  -23.169 0.1428571492
95471  -34.458  -21.972  -22.887 0.2857142985
84260  -27.408  -31.300  -22.032 0.1428571492
130583  -24.541  10.512  -21.847 0.1428571492
86660  -29.020  -29.638  -21.556 0.1428571492
89171  -30.153  -27.742  -21.612 0.1428571492
129769  -23.961  10.138  -21.611 0.1428571492
121111  -25.892  0.722  -24.986 0.5714285970
121127  -26.460  0.161  -25.781 0.4285714328
121112  -26.958  0.505  -25.022 0.5714285970
120097  -26.589  -0.440  -25.858 0.4285714328
121128  -26.923  0.156  -25.566 0.5714285970
118056  -26.748  -1.916  -25.919 0.4285714328
119104  -26.162  -1.319  -26.254 0.4285714328
119094  -26.636  -1.266  -25.800 0.5714285970
120098  -27.075  -0.295  -25.472 0.5714285970
116046  -27.409  -4.628  -25.863 0.5714285970
105573  -35.086  -13.873  -20.705 0.1428571492
104479  -34.637  -14.385  -21.462 0.1428571492
105593  -34.700  -13.637  -21.865 0.1428571492
93263  -28.189  -23.805  -27.073 0.2857142985
104422  -36.880  -14.601  -18.269 0.1428571492
104441  -35.178  -14.871  -19.777 0.1428571492
105534  -36.528  -13.814  -18.604 0.1428571492
105552  -35.481  -13.760  -19.667 0.1428571492
106702  -37.156  -13.130  -18.679 0.1428571492
93242  -27.825  -24.463  -26.949 0.2857142985
102200  -34.883  -16.874  -20.439 0.1428571492
103261  -35.562  -16.410  -19.225 0.1428571492
104420  -35.563  -15.595  -19.201 0.1428571492
104424  -38.482  -14.577  -18.652 0.1428571492
103263  -36.603  -15.449  -18.399 0.1428571492
105575  -40.260  -13.313  -20.424 0.1428571492
105556  -39.039  -13.498  -19.255 0.1428571492
105574  -39.734  -13.395  -19.825 0.1428571492
91873  -28.190  -25.210  -26.558 0.2857142985
91872  -27.324  -25.242  -26.688 0.2857142985
98819  -34.874  -19.729  -21.041 0.1428571492
99950  -35.071  -18.764  -20.438 0.1428571492
98818  -34.576  -19.636  -21.738 0.1428571492
101088  -34.965  -17.763  -20.351 0.1428571492
102169  -36.754  -16.540  -18.302 0.1428571492
102187  -35.498  -17.363  -19.268 0.1428571492
103264  -37.491  -15.512  -18.320 0.1428571492
102168  -35.853  -16.983  -18.813 0.1428571492
103288  -38.800  -15.434  -18.782 0.1428571492
103307  -39.724  -14.953  -20.185 0.1428571492
104480  -40.532  -14.076  -20.881 0.1428571492
104463  -39.562  -14.329  -19.665 0.1428571492
90514  -26.802  -26.041  -26.330 0.2857142985
90513  -25.945  -25.981  -26.248 0.2857142985
96579  -34.866  -21.415  -21.675 0.1428571492
97662  -35.533  -20.754  -20.256 0.1428571492
98786  -35.315  -19.748  -20.324 0.1428571492
99934  -35.458  -18.857  -19.594 0.1428571492
101062  -37.350  -17.658  -18.112 0.1428571492
101074  -35.627  -17.979  -19.007 0.1428571492
101075  -38.852  -16.837  -18.883 0.1428571492
103306  -39.343  -15.350  -19.545 0.1428571492
102189  -39.064  -16.269  -19.141 0.1428571492
104482  -41.465  -13.692  -21.452 0.1428571492
104481  -41.002  -13.838  -21.247 0.1428571492
95462  -34.669  -22.308  -22.258 0.1428571492
96580  -35.374  -21.492  -21.131 0.1428571492
95447  -35.438  -22.397  -21.254 0.1428571492
98769  -36.642  -20.548  -18.674 0.1428571492
97663  -35.779  -21.244  -19.796 0.1428571492
98753  -38.463  -19.340  -18.574 0.1428571492
98767  -35.651  -19.817  -19.462 0.1428571492
99922  -38.637  -18.341  -18.723 0.1428571492
99920  -36.811  -18.959  -18.338 0.1428571492
101063  -38.441  -17.430  -18.566 0.1428571492
103320  -40.317  -15.257  -20.858 0.1428571492
102201  -39.428  -16.337  -19.812 0.1428571492
103321  -40.846  -14.531  -21.295 0.1428571492
95428  -35.732  -22.612  -20.481 0.1428571492
95396  -37.681  -22.226  -18.597 0.1428571492
96531  -36.504  -22.084  -19.011 0.1428571492
96555  -35.623  -21.757  -20.469 0.1428571492
97645  -36.277  -21.075  -19.168 0.1428571492
98770  -39.495  -19.044  -19.651 0.1428571492
97634  -39.114  -19.808  -18.996 0.1428571492
99936  -39.396  -18.099  -19.566 0.1428571492
101089  -39.676  -17.227  -20.018 0.1428571492
99923  -39.014  -18.059  -19.109 0.1428571492
103319  -39.613  -15.630  -20.269 0.1428571492
101076  -39.146  -17.257  -19.233 0.1428571492
95412  -38.361  -22.730  -18.675 0.1428571492
95410  -36.572  -22.944  -19.276 0.1428571492
95429  -36.075  -22.777  -19.744 0.1428571492
96514  -39.099  -21.053  -18.970 0.1428571492
95413  -39.324  -22.302  -19.100 0.1428571492
97647  -39.719  -20.129  -19.776 0.1428571492
96533  -39.781  -21.251  -19.644 0.1428571492
101111  -39.715  -17.163  -20.845 0.1428571492
99952  -39.842  -18.756  -20.697 0.1428571492
96513  -38.287  -21.437  -18.572 0.1428571492
97644  -35.865  -20.582  -19.454 0.1428571492
98752  -37.307  -19.989  -18.414 0.1428571492
101061  -36.349  -17.833  -18.481 0.1428571492
99976  -34.718  -19.010  -21.136 0.1428571492
104506  -41.323  -14.273  -21.489 0.1428571492
105596  -41.730  -13.119  -21.468 0.1428571492
104464  -40.075  -14.235  -20.291 0.1428571492
103265  -38.198  -15.171  -18.500 0.1428571492
104462  -34.765  -14.962  -20.951 0.1428571492
90498  -27.183  -26.809  -25.906 0.2857142985
102219  -39.684  -16.313  -20.584 0.1428571492
103346  -40.516  -15.797  -21.512 0.1428571492
104507  -41.960  -14.000  -21.831 0.1428571492
105616  -42.188  -13.032  -21.761 0.1428571492
117057  -26.999  -3.596  -26.295 0.4285714328
105595  -41.208  -13.165  -21.212 0.1428571492
105594  -40.719  -13.248  -20.921 0.1428571492
106743  -40.501  -12.406  -20.516 0.1428571492
106758  -35.315  -12.846  -21.250 0.1428571492
105615  -34.503  -13.390  -22.475 0.1428571492
122147  -26.427  1.575  -24.713 0.4285714328
90515  -27.697  -26.013  -26.287 0.2857142985
127142  -31.093  7.049  -27.768 0.1428571492
97688  -34.699  -20.550  -21.704 0.1428571492
95446  -35.072  -22.056  -21.637 0.1428571492
94361  -34.762  -23.103  -22.010 0.1428571492
103305  -34.778  -15.927  -20.667 0.1428571492
104421  -35.955  -14.789  -18.601 0.1428571492
105553  -35.980  -13.769  -19.106 0.1428571492
104423  -37.747  -14.572  -18.452 0.1428571492
105536  -38.035  -13.894  -18.628 0.1428571492
106718  -35.907  -13.296  -19.484 0.1428571492
107868  -36.971  -12.276  -19.299 0.1428571492
105555  -38.226  -13.292  -18.907 0.1428571492
101073  -35.329  -17.948  -19.732 0.1428571492
102167  -35.510  -16.930  -19.216 0.1428571492
103286  -35.237  -16.106  -19.847 0.1428571492
103262  -36.006  -15.932  -18.691 0.1428571492
105537  -38.663  -13.927  -18.793 0.1428571492
104443  -39.127  -14.507  -18.985 0.1428571492
97689  -35.183  -20.604  -21.071 0.1428571492
102170  -37.853  -16.545  -18.298 0.1428571492
103287  -38.232  -15.804  -18.473 0.1428571492
99935  -35.918  -18.917  -18.790 0.1428571492
98768  -36.349  -19.957  -18.767 0.1428571492
99921  -37.876  -18.628  -18.318 0.1428571492
94362  -35.198  -22.988  -21.619 0.1428571492
97646  -36.851  -21.125  -18.619 0.1428571492
96556  -35.880  -21.962  -19.722 0.1428571492
98754  -39.080  -18.789  -19.041 0.1428571492
98751  -36.798  -19.644  -18.450 0.1428571492
95397  -38.017  -22.150  -18.574 0.1428571492
97633  -38.378  -20.461  -18.571 0.1428571492
98787  -39.783  -19.197  -20.274 0.1428571492
99977  -39.775  -17.722  -21.053 0.1428571492
84273  -24.746  -31.657  -23.392 0.1428571492
85428  -25.899  -30.891  -23.071 0.1428571492
85442  -24.511  -30.702  -23.440 0.1428571492
85443  -25.424  -30.853  -23.349 0.1428571492
85444  -25.982  -30.552  -23.283 0.1428571492
86693  -25.112  -29.944  -23.855 0.1428571492
86704  -25.493  -29.144  -24.288 0.1428571492
87939  -25.869  -28.361  -24.978 0.1428571492
89218  -25.750  -27.436  -25.505 0.1428571492
87940  -26.667  -28.576  -24.782 0.1428571492
89219  -26.616  -27.466  -25.556 0.1428571492
89206  -24.553  -27.436  -24.958 0.1428571492
89217  -25.077  -27.199  -25.383 0.1428571492
90497  -26.231  -26.703  -25.923 0.1428571492
91854  -24.779  -25.419  -26.192 0.1428571492
91870  -25.572  -25.455  -26.424 0.1428571492
93240  -26.143  -24.465  -26.804 0.1428571492
91871  -26.462  -25.270  -26.629 0.1428571492
94409  -26.541  -23.893  -27.190 0.2857142985
93241  -27.009  -24.339  -27.248 0.1428571492
93262  -27.660  -23.807  -27.382 0.1428571492
94428  -28.145  -23.153  -27.381 0.1428571492
94426  -26.917  -23.281  -27.585 0.2857142985
95531  -28.771  -22.154  -27.409 0.2857142985
100118  -28.921  -19.021  -28.091 0.4285714328
100101  -28.832  -18.472  -27.333 0.4285714328
100100  -28.500  -17.968  -27.715 0.4285714328
116045  -26.895  -4.639  -26.778 0.2857142985
117056  -26.488  -3.699  -27.166 0.2857142985
121141  -25.332  0.164  -26.472 0.2857142985
121126  -25.504  0.600  -25.836 0.2857142985
121110  -25.212  0.912  -25.101 0.4285714328
94408  -25.992  -23.400  -27.084 0.1428571492
95512  -28.610  -22.593  -27.286 0.1428571492
86703  -24.806  -29.248  -24.135 0.1428571492
90495  -24.527  -25.929  -25.850 0.1428571492
93239  -25.180  -24.416  -26.514 0.1428571492
95527  -26.114  -22.358  -27.526 0.2857142985
95528  -26.919  -22.173  -27.961 0.2857142985
95529  -27.488  -22.432  -27.923 0.2857142985
95530  -28.212  -22.208  -27.841 0.2857142985
96650  -28.818  -20.497  -27.280 0.4285714328
97784  -28.912  -20.040  -27.970 0.4285714328
100131  -28.265  -18.577  -29.085 0.2857142985
116053  -26.455  -4.706  -27.641 0.2857142985
117065  -26.153  -4.000  -27.980 0.2857142985
118069  -26.335  -2.285  -26.487 0.2857142985
120111  -24.904  -0.524  -26.885 0.2857142985
120122  -24.716  -0.838  -27.414 0.2857142985
121142  -25.852  0.094  -26.106 0.2857142985
96690  -28.033  -21.474  -28.694 0.2857142985
114965  -26.795  -5.635  -27.296 0.2857142985
114976  -26.550  -5.507  -28.131 0.2857142985
118082  -25.949  -3.103  -27.680 0.2857142985
118081  -25.174  -2.152  -27.515 0.2857142985
118068  -25.531  -1.748  -26.886 0.2857142985
119117  -24.679  -1.263  -27.737 0.2857142985
118089  -25.774  -3.673  -28.252 0.2857142985
118088  -25.138  -3.244  -28.176 0.2857142985
98956  -28.899  -19.376  -28.166 0.4285714328
87954  -26.706  -28.098  -25.202 0.1428571492
86705  -26.186  -28.975  -24.395 0.1428571492
120112  -25.973  -0.532  -26.217 0.2857142985
119103  -25.619  -1.290  -26.557 0.2857142985
94427  -27.599  -23.116  -27.615 0.1428571492
90512  -25.531  -25.983  -26.268 0.1428571492
84274  -25.276  -31.653  -23.209 0.1428571492
87938  -24.767  -28.465  -24.568 0.1428571492
90496  -25.172  -26.414  -25.978 0.1428571492
90486  -24.205  -26.388  -25.264 0.1428571492
94425  -26.513  -22.812  -27.527 0.2857142985
98955  -28.726  -19.426  -28.585 0.4285714328
97805  -28.562  -20.486  -28.802 0.4285714328
118087  -24.565  -2.377  -28.468 0.2857142985
102350  -28.300  -16.735  -28.683 0.2857142985
103440  -28.126  -15.466  -27.752 0.2857142985
128930  -28.676  8.503  -29.617 0.1428571492
128919  -29.515  8.409  -28.212 0.1428571492
128920  -30.099  8.153  -27.504 0.1428571492
128003  -30.728  7.650  -27.190 0.1428571492
129835  -28.245  9.277  -30.180 0.1428571492
128909  -29.513  8.613  -27.206 0.1428571492
129804  -28.455  9.650  -26.333 0.1428571492
130617  -27.555  10.541  -27.114 0.1428571492
103449  -28.294  -15.555  -29.007 0.2857142985
127158  -30.562  6.794  -28.566 0.1428571492
128020  -29.386  7.617  -29.530 0.1428571492
128011  -30.268  7.629  -28.148 0.1428571492
128906  -30.127  7.945  -25.814 0.1428571492
128904  -28.889  9.139  -26.766 0.1428571492
128910  -30.228  8.158  -26.651 0.1428571492
129808  -28.113  10.002  -27.444 0.1428571492
130604  -27.930  10.242  -25.539 0.1428571492
130603  -27.235  10.645  -25.340 0.1428571492
100117  -28.512  -18.402  -28.279 0.2857142985
128918  -28.712  8.826  -28.750 0.1428571492
129827  -28.335  9.261  -29.289 0.1428571492
128931  -29.292  8.347  -29.038 0.1428571492
128908  -28.705  9.003  -27.816 0.1428571492
130644  -28.197  9.988  -30.284 0.1428571492
128010  -29.678  7.855  -28.756 0.1428571492
116068  -26.085  -4.510  -29.337 0.1428571492
116061  -26.381  -4.667  -28.612 0.1428571492
117072  -25.960  -4.138  -28.508 0.1428571492
118080  -24.631  -1.766  -28.007 0.1428571492
120133  -22.739  -0.941  -28.708 0.1428571492
113855  -26.837  -6.174  -27.760 0.1428571492
120135  -23.975  -0.978  -28.519 0.1428571492
120109  -23.005  -0.044  -27.059 0.1428571492
121139  -22.923  0.867  -26.932 0.1428571492
106855  -27.667  -12.674  -27.855 0.2857142985
106869  -27.886  -12.575  -28.935 0.1428571492
112683  -27.352  -7.658  -28.721 0.1428571492
113864  -26.793  -6.236  -28.555 0.1428571492
113829  -32.762  -6.533  -24.682 0.1428571492
117079  -25.462  -4.000  -29.526 0.1428571492
120110  -24.597  -0.146  -27.322 0.1428571492
122176  -24.151  1.172  -26.515 0.1428571492
122186  -23.627  1.020  -26.955 0.1428571492
122175  -23.301  1.450  -26.273 0.2857142985
122145  -24.464  2.033  -24.864 0.2857142985
124180  -24.359  4.282  -23.916 0.2857142985
124179  -23.650  3.863  -23.752 0.2857142985
125210  -24.239  4.834  -23.642 0.2857142985
128879  -23.429  8.544  -22.560 0.1428571492
126172  -23.673  6.282  -20.553 0.1428571492
122146  -25.302  1.670  -24.746 0.2857142985
122164  -23.725  2.043  -25.586 0.2857142985
123177  -25.070  2.889  -25.084 0.2857142985
124191  -25.739  3.741  -24.651 0.2857142985
123176  -24.029  2.631  -24.763 0.2857142985
124189  -23.977  3.296  -24.374 0.2857142985
124190  -24.620  3.808  -24.468 0.2857142985
126194  -23.395  5.942  -22.733 0.1428571492
124170  -23.056  4.376  -23.149 0.2857142985
128854  -23.251  9.457  -21.090 0.1428571492
130551  -22.995  10.517  -19.052 0.1428571492
123165  -23.465  3.001  -23.705 0.1428571492
122134  -23.612  2.560  -24.028 0.1428571492
121125  -22.640  1.653  -26.160 0.2857142985
124178  -23.284  3.406  -23.403 0.2857142985
125209  -23.493  4.938  -23.180 0.2857142985
126189  -22.785  6.174  -21.750 0.1428571492
125203  -22.772  4.933  -22.492 0.1428571492
121137  -22.558  -0.181  -26.052 0.2857142985
124161  -22.589  3.186  -21.883 0.1428571492
125202  -22.755  4.139  -21.909 0.1428571492
119089  -20.829  -1.600  -25.028 0.1428571492
111420  -32.508  -8.514  -25.576 0.1428571492
111470  -27.364  -8.750  -28.393 0.1428571492
113873  -26.657  -6.447  -29.379 0.1428571492
113830  -33.072  -6.143  -25.003 0.1428571492
113887  -26.233  -5.941  -29.863 0.1428571492
117078  -24.966  -3.854  -29.834 0.1428571492
117077  -24.194  -3.623  -29.742 0.1428571492
118095  -24.272  -2.743  -29.386 0.1428571492
119128  -22.732  -1.730  -29.129 0.1428571492
120121  -24.253  -0.403  -27.811 0.1428571492
120108  -22.723  -0.458  -26.611 0.1428571492
121149  -24.189  0.326  -27.424 0.1428571492
121138  -22.683  0.379  -26.341 0.2857142985
123195  -23.165  2.612  -25.277 0.1428571492
123175  -23.594  2.752  -24.414 0.1428571492
124169  -22.871  3.684  -22.917 0.2857142985
125195  -22.981  4.978  -21.295 0.1428571492
112636  -32.424  -7.250  -24.699 0.1428571492
127937  -23.590  9.490  -19.939 0.1428571492
110287  -27.425  -9.679  -29.025 0.1428571492
123178  -26.125  2.765  -25.063 0.2857142985
113856  -27.243  -6.857  -28.141 0.1428571492
122177  -24.886  0.765  -26.366 0.1428571492
122165  -24.672  1.271  -25.495 0.1428571492
114984  -26.708  -5.469  -28.962 0.1428571492
117070  -24.985  -3.330  -29.140 0.1428571492
119137  -24.040  -1.943  -28.810 0.1428571492
116076  -25.642  -4.506  -29.817 0.1428571492
114999  -25.879  -5.266  -29.987 0.1428571492
119129  -23.857  -1.382  -28.781 0.1428571492
120134  -23.435  -0.986  -28.822 0.1428571492
120120  -23.228  -0.261  -27.811 0.1428571492
113865  -27.074  -6.870  -28.957 0.1428571492
121148  -23.707  0.417  -27.375 0.1428571492
122187  -24.080  0.733  -27.160 0.1428571492
112697  -26.884  -7.279  -29.496 0.1428571492
122163  -22.929  2.223  -25.915 0.2857142985
123196  -23.593  2.459  -25.238 0.2857142985
130560  -23.481  11.157  -19.951 0.1428571492
122162  -22.309  2.104  -25.518 0.1428571492
123194  -22.757  2.645  -24.897 0.2857142985
96648  -24.725  -21.484  -26.729 0.1428571492
96667  -26.372  -21.521  -27.939 0.1428571492
96688  -26.863  -21.482  -28.580 0.1428571492
97781  -24.817  -20.452  -27.118 0.1428571492
98939  -25.004  -19.605  -27.606 0.1428571492
100115  -25.216  -18.628  -28.102 0.1428571492
97803  -26.451  -20.588  -28.551 0.1428571492
100116  -26.183  -18.813  -28.574 0.1428571492
98954  -26.200  -19.720  -28.464 0.1428571492
96709  -27.817  -21.262  -29.101 0.1428571492
101233  -26.474  -18.004  -29.045 0.1428571492
100129  -26.863  -18.720  -29.231 0.1428571492
98970  -28.116  -19.753  -29.346 0.1428571492
100130  -27.650  -18.648  -29.426 0.1428571492
101232  -25.790  -17.627  -28.660 0.1428571492
101242  -26.418  -17.264  -29.221 0.1428571492
101244  -27.832  -17.600  -29.248 0.1428571492
102349  -28.042  -16.618  -29.193 0.1428571492
104613  -28.132  -14.485  -29.114 0.1428571492
105703  -27.969  -13.832  -28.725 0.1428571492
121124  -22.178  1.236  -26.130 0.1428571492
97804  -26.946  -21.073  -28.981 0.1428571492
96668  -28.542  -21.045  -28.008 0.1428571492
96649  -25.101  -22.030  -26.956 0.1428571492
97782  -25.609  -20.478  -27.743 0.1428571492
123164  -23.256  3.059  -23.243 0.1428571492
106856  -27.880  -13.198  -28.491 0.1428571492
96666  -25.545  -21.568  -27.412 0.1428571492
95548  -27.489  -21.945  -28.480 0.1428571492
97822  -28.010  -20.831  -29.237 0.1428571492
101245  -28.193  -17.575  -28.816 0.1428571492
96665  -25.209  -20.982  -27.202 0.1428571492
97783  -25.982  -21.052  -27.934 0.1428571492
100099  -24.588  -18.916  -27.523 0.1428571492
98953  -25.691  -19.556  -28.134 0.1428571492
98968  -26.629  -19.592  -28.899 0.1428571492
97821  -27.336  -20.582  -29.205 0.1428571492
98969  -27.237  -19.586  -29.328 0.1428571492
101243  -27.103  -17.618  -29.402 0.1428571492
101231  -24.854  -17.599  -28.200 0.1428571492
96647  -23.902  -21.454  -26.083 0.1428571492
86658  -27.739  -30.006  -22.071 0.2857142985
87953  -26.230  -27.866  -25.330 0.1428571492
87955  -27.107  -28.283  -25.030 0.1428571492
89186  -27.765  -28.001  -22.870 0.4285714328
89207  -25.178  -27.830  -25.147 0.1428571492
90487  -24.749  -26.857  -25.376 0.1428571492
91856  -29.626  -25.257  -25.327 0.4285714328
93190  -30.890  -24.857  -22.843 0.1428571492
93223  -30.021  -24.789  -25.464 0.5714285970
93261  -27.288  -23.674  -27.491 0.1428571492
94392  -31.904  -22.995  -25.180 0.1428571492
94410  -28.726  -23.227  -26.920 0.1428571492
95398  -38.680  -21.942  -18.683 0.1428571492
95463  -35.025  -22.593  -21.773 0.1428571492
95547  -27.172  -21.795  -28.566 0.1428571492
95549  -27.829  -22.056  -28.295 0.2857142985
96512  -37.681  -21.894  -18.569 0.1428571492
96532  -37.165  -21.789  -18.614 0.1428571492
96636  -31.763  -21.888  -26.174 0.5714285970
96654  -31.875  -21.405  -26.196 0.4285714328
96670  -31.547  -21.347  -26.371 0.5714285970
96671  -31.700  -21.370  -26.287 0.5714285970
96689  -27.411  -21.417  -28.975 0.1428571492
96708  -27.651  -21.056  -29.205 0.1428571492
97632  -37.615  -21.121  -18.510 0.1428571492
97756  -32.989  -20.315  -25.363 0.5714285970
97768  -28.851  -19.974  -27.294 0.5714285970
97787  -31.681  -21.133  -26.372 0.5714285970
97802  -25.971  -20.089  -28.243 0.1428571492
97820  -26.863  -20.113  -29.097 0.1428571492
98940  -28.912  -19.620  -28.146 0.4285714328
99949  -34.681  -18.354  -20.869 0.1428571492
101064  -38.830  -17.774  -18.900 0.1428571492
102186  -35.267  -17.040  -19.713 0.1428571492
102188  -38.587  -16.385  -18.658 0.1428571492
102246  -34.105  -16.665  -22.416 0.2857142985
102297  -29.482  -15.993  -25.606 0.5714285970
102298  -31.106  -16.140  -25.776 0.7142857313
102315  -29.456  -16.390  -25.847 0.5714285970
103403  -27.871  -15.024  -26.503 0.5714285970
103404  -28.168  -15.351  -26.177 0.5714285970
103405  -29.712  -16.042  -25.562 0.8571428657
103423  -27.805  -15.044  -26.716 0.5714285970
104442  -35.617  -14.261  -19.260 0.1428571492
104461  -34.538  -15.662  -21.312 0.2857142985
104539  -29.277  -14.022  -24.804 0.8571428657
104567  -27.839  -14.796  -26.714 0.7142857313
104580  -27.793  -14.922  -26.926 0.5714285970
105535  -37.272  -13.756  -18.424 0.1428571492
105554  -37.643  -13.327  -18.700 0.1428571492
105648  -28.405  -13.771  -25.209 0.7142857313
105649  -28.751  -13.537  -24.770 0.7142857313
105662  -27.834  -13.248  -26.309 0.7142857313
106701  -36.849  -13.342  -18.616 0.1428571492
106820  -33.424  -11.855  -24.676 0.4285714328
110204  -28.474  -9.189  -23.916 1.0000000000
110225  -28.791  -10.064  -23.834 0.8571428657
111385  -28.564  -8.720  -23.614 1.0000000000
112619  -29.321  -8.135  -23.075 0.8571428657
112696  -26.661  -6.920  -29.633 0.1428571492
113817  -32.060  -6.795  -23.836 0.2857142985
113845  -26.889  -6.134  -27.378 0.2857142985
113874  -26.869  -6.880  -29.268 0.1428571492
114935  -31.936  -6.404  -23.766 0.5714285970
114992  -26.052  -4.865  -29.771 0.1428571492
114993  -26.351  -5.338  -29.592 0.1428571492
115000  -26.174  -5.504  -29.850 0.1428571492
116005  -31.356  -3.717  -23.197 0.4285714328
116060  -26.023  -4.298  -28.846 0.1428571492
116069  -26.552  -4.921  -29.202 0.1428571492
116075  -25.303  -4.613  -30.041 0.1428571492
117007  -32.689  -2.931  -23.584 0.2857142985
117029  -30.081  -2.799  -23.837 0.8571428657
117030  -32.040  -3.338  -23.485 0.1428571492
117071  -25.625  -3.886  -28.853 0.1428571492
117084  -25.293  -4.294  -29.922 0.1428571492
117085  -25.346  -4.108  -29.773 0.1428571492
118019  -32.676  -2.473  -23.649 0.2857142985
118041  -30.391  -2.349  -23.833 0.7142857313
118042  -32.261  -3.056  -23.513 0.2857142985
119118  -25.061  -1.297  -27.128 0.2857142985
119130  -24.308  -1.382  -28.368 0.1428571492
119136  -23.548  -1.842  -29.144 0.1428571492
120071  -31.098  -1.100  -23.913 0.7142857313
120072  -31.376  -1.075  -23.943 0.5714285970
120148  -22.955  -1.253  -29.338 0.1428571492
120149  -23.194  -1.417  -29.334 0.1428571492
121140  -24.582  0.317  -27.062 0.1428571492
124182  -29.343  4.018  -23.995 0.7142857313
124194  -28.727  3.464  -24.155 0.7142857313
124206  -32.921  3.540  -25.820 0.1428571492
124227  -32.663  3.554  -27.917 0.1428571492
125211  -28.853  3.959  -23.973 0.7142857313
125212  -29.074  4.152  -23.947 0.7142857313
125215  -24.868  4.648  -23.922 0.2857142985
125223  -31.887  4.075  -24.954 0.1428571492
125235  -32.731  4.176  -26.369 0.1428571492
125249  -33.181  3.640  -26.916 0.1428571492
127062  -23.593  8.823  -19.373 0.1428571492
127113  -25.121  6.197  -24.131 0.7142857313
127994  -29.618  7.323  -24.909 0.2857142985
128000  -31.578  7.114  -26.172 0.2857142985
130635  -28.361  9.942  -29.672 0.1428571492
164631  -22.972  9.637  -18.885 0.1428571492
164632  -22.983  9.581  -18.579 0.1428571492
164633  -23.345  9.289  -19.184 0.1428571492
164638  -23.575  10.468  -19.963 0.1428571492
