#!ascii label  , from subject sub-01 vox2ras=TkReg
357
97755  -32.518  -20.373  -25.739 0.0000000000
102329  -28.339  -16.153  -26.890 0.0000000000
120097  -26.589  -0.440  -25.858 0.0000000000
114956  -27.611  -5.735  -25.286 0.0000000000
109091  -29.049  -10.719  -23.908 0.0000000000
103376  -33.439  -15.554  -24.411 0.0000000000
121110  -25.212  0.912  -25.101 0.0000000000
112632  -28.286  -7.911  -23.912 0.0000000000
109112  -27.244  -11.018  -26.294 0.0000000000
100080  -30.394  -18.397  -26.573 0.0000000000
103387  -30.563  -15.526  -25.507 0.0000000000
101194  -33.072  -17.905  -25.134 0.0000000000
91874  -28.902  -25.062  -26.102 0.0000000000
96651  -29.326  -20.895  -26.763 0.0000000000
127112  -24.713  6.640  -24.026 0.0000000000
126204  -27.066  5.497  -24.330 0.0000000000
124193  -27.776  3.506  -24.311 0.0000000000
122149  -28.499  1.553  -24.425 0.0000000000
120081  -29.180  -0.415  -24.355 0.0000000000
118070  -27.166  -2.879  -26.017 0.0000000000
117028  -29.664  -3.327  -23.945 0.0000000000
114944  -29.944  -5.253  -23.308 0.0000000000
111405  -31.544  -8.720  -23.894 0.0000000000
109114  -31.643  -10.499  -24.780 0.0000000000
106816  -28.314  -13.026  -25.118 0.0000000000
105666  -31.672  -13.378  -25.424 0.0000000000
111435  -27.441  -8.803  -26.606 0.0000000000
110275  -27.596  -9.780  -28.010 0.0000000000
100082  -32.005  -19.050  -26.319 0.0000000000
100058  -31.860  -18.154  -25.901 0.0000000000
100060  -33.037  -18.905  -25.291 0.0000000000
87912  -27.617  -28.499  -22.754 0.0000000000
89198  -28.151  -27.300  -23.524 0.0000000000
90477  -28.701  -26.593  -23.842 0.0000000000
98956  -28.899  -19.376  -28.166 0.0000000000
97805  -28.562  -20.486  -28.802 0.0000000000
125218  -27.452  4.489  -24.356 0.0000000000
121127  -26.460  0.161  -25.781 0.0000000000
122148  -27.506  1.564  -24.631 0.0000000000
120079  -27.572  0.011  -24.907 0.0000000000
121114  -28.879  0.587  -24.462 0.0000000000
119072  -27.613  -0.641  -24.792 0.0000000000
117045  -27.571  -3.553  -25.341 0.0000000000
117027  -28.460  -3.432  -24.644 0.0000000000
116036  -28.466  -4.317  -24.526 0.0000000000
116019  -30.306  -4.390  -23.354 0.0000000000
114943  -28.877  -5.788  -23.528 0.0000000000
110205  -28.906  -9.590  -23.628 0.0000000000
111403  -29.888  -8.534  -23.079 0.0000000000
110207  -30.637  -9.788  -23.588 0.0000000000
110226  -31.346  -9.767  -24.020 0.0000000000
109093  -30.905  -10.637  -24.070 0.0000000000
104598  -28.057  -14.597  -28.292 0.0000000000
105678  -27.793  -13.293  -26.746 0.0000000000
104568  -27.980  -14.541  -26.374 0.0000000000
103389  -32.413  -15.425  -25.571 0.0000000000
104554  -31.125  -14.413  -25.459 0.0000000000
104556  -33.007  -14.564  -25.349 0.0000000000
105667  -32.938  -13.348  -25.310 0.0000000000
105652  -33.785  -13.498  -24.578 0.0000000000
91857  -30.076  -25.183  -24.891 0.0000000000
93243  -28.729  -24.248  -26.580 0.0000000000
93245  -30.558  -24.016  -25.687 0.0000000000
95495  -30.931  -22.712  -25.803 0.0000000000
113837  -27.574  -6.722  -25.876 0.0000000000
113824  -28.014  -6.990  -24.689 0.0000000000
112644  -27.886  -7.763  -25.380 0.0000000000
110223  -27.937  -9.178  -25.156 0.0000000000
109090  -28.349  -10.917  -24.572 0.0000000000
101211  -29.459  -17.277  -26.388 0.0000000000
102296  -29.174  -15.928  -25.645 0.0000000000
101191  -31.110  -16.973  -25.754 0.0000000000
102300  -32.558  -16.426  -25.578 0.0000000000
102301  -33.158  -16.689  -24.978 0.0000000000
90501  -29.202  -25.872  -24.870 0.0000000000
101234  -28.409  -17.437  -28.143 0.0000000000
100101  -28.832  -18.472  -27.333 0.0000000000
98925  -30.306  -19.276  -26.682 0.0000000000
97771  -31.318  -20.764  -26.535 0.0000000000
127985  -25.386  7.415  -24.020 0.0000000000
126197  -24.936  5.573  -23.939 0.0000000000
126203  -25.837  5.543  -24.222 0.0000000000
126205  -28.196  5.434  -24.522 0.0000000000
125220  -29.494  4.487  -24.118 0.0000000000
124195  -29.619  3.583  -24.213 0.0000000000
123179  -27.115  2.603  -24.604 0.0000000000
123180  -28.122  2.537  -24.414 0.0000000000
123182  -30.088  2.488  -24.347 0.0000000000
122151  -30.554  1.450  -24.350 0.0000000000
121116  -31.020  0.381  -24.376 0.0000000000
120083  -31.516  -0.656  -24.172 0.0000000000
118056  -26.748  -1.916  -25.919 0.0000000000
118058  -27.788  -1.770  -24.732 0.0000000000
119075  -30.099  -1.703  -23.920 0.0000000000
118017  -31.117  -2.401  -23.718 0.0000000000
117006  -31.465  -3.123  -23.515 0.0000000000
114936  -32.031  -6.178  -23.791 0.0000000000
113825  -28.629  -7.090  -23.558 0.0000000000
112620  -31.640  -6.940  -23.595 0.0000000000
107999  -27.548  -11.819  -27.201 0.0000000000
107986  -27.614  -11.735  -25.636 0.0000000000
107969  -28.952  -11.782  -24.330 0.0000000000
104552  -29.114  -14.728  -25.121 0.0000000000
105664  -30.029  -13.437  -24.706 0.0000000000
106819  -30.346  -12.224  -24.526 0.0000000000
107987  -31.434  -11.454  -24.846 0.0000000000
106835  -33.092  -12.032  -24.992 0.0000000000
96669  -28.823  -21.498  -27.378 0.0000000000
96653  -31.333  -21.560  -26.396 0.0000000000
96637  -32.220  -21.422  -25.688 0.0000000000
98927  -32.021  -20.029  -26.358 0.0000000000
98910  -32.549  -19.440  -25.811 0.0000000000
98911  -33.058  -19.787  -25.385 0.0000000000
98891  -33.301  -19.337  -24.895 0.0000000000
97737  -33.360  -20.313  -24.884 0.0000000000
87913  -28.379  -28.327  -22.153 0.0000000000
89187  -28.143  -27.720  -22.714 0.0000000000
87914  -28.874  -28.309  -21.766 0.0000000000
121128  -26.923  0.156  -25.566 0.0000000000
120098  -27.075  -0.295  -25.472 0.0000000000
114966  -27.217  -5.643  -26.368 0.0000000000
116046  -27.409  -4.628  -25.863 0.0000000000
116035  -28.029  -4.715  -24.957 0.0000000000
117046  -28.160  -4.001  -24.896 0.0000000000
116017  -28.430  -4.986  -24.104 0.0000000000
114942  -28.194  -5.856  -24.295 0.0000000000
109070  -29.048  -10.148  -23.726 0.0000000000
110206  -29.801  -9.622  -23.508 0.0000000000
109071  -29.509  -10.210  -23.661 0.0000000000
109072  -30.211  -10.255  -23.634 0.0000000000
109092  -30.051  -10.890  -23.832 0.0000000000
103424  -27.912  -15.274  -26.871 0.0000000000
104581  -27.878  -14.633  -27.198 0.0000000000
103390  -33.085  -15.547  -25.186 0.0000000000
104555  -32.149  -14.413  -25.506 0.0000000000
105651  -33.406  -14.011  -25.101 0.0000000000
104541  -33.454  -14.611  -24.830 0.0000000000
104542  -33.752  -14.557  -24.097 0.0000000000
103377  -33.745  -15.238  -23.796 0.0000000000
93224  -30.574  -24.505  -25.085 0.0000000000
113846  -27.134  -6.598  -27.093 0.0000000000
112655  -27.567  -7.717  -26.387 0.0000000000
110263  -27.403  -9.858  -26.929 0.0000000000
110245  -27.667  -9.791  -25.640 0.0000000000
110246  -28.057  -10.331  -24.989 0.0000000000
109113  -27.660  -10.957  -25.234 0.0000000000
100079  -29.594  -18.143  -26.658 0.0000000000
101212  -30.366  -17.555  -26.245 0.0000000000
101193  -32.560  -17.475  -25.569 0.0000000000
101192  -31.873  -17.185  -25.821 0.0000000000
101156  -33.750  -17.023  -23.742 0.0000000000
101176  -33.503  -17.423  -24.479 0.0000000000
87911  -26.890  -29.165  -23.216 0.0000000000
86678  -27.350  -29.769  -22.443 0.0000000000
90489  -29.193  -25.973  -24.224 0.0000000000
91838  -29.659  -25.518  -23.977 0.0000000000
100100  -28.500  -17.968  -27.715 0.0000000000
97785  -28.904  -19.751  -27.381 0.0000000000
98941  -28.987  -19.369  -27.624 0.0000000000
97769  -29.145  -19.779  -26.800 0.0000000000
98926  -31.191  -19.683  -26.477 0.0000000000
97770  -30.237  -20.272  -26.589 0.0000000000
127984  -24.937  7.216  -24.084 0.0000000000
127117  -25.090  7.000  -24.277 0.0000000000
127986  -26.423  7.777  -24.061 0.0000000000
127118  -25.552  6.639  -24.198 0.0000000000
125216  -25.474  4.547  -24.213 0.0000000000
126202  -25.292  5.063  -24.034 0.0000000000
127119  -26.707  6.561  -24.174 0.0000000000
127120  -27.857  6.468  -24.168 0.0000000000
125219  -28.583  4.373  -24.189 0.0000000000
124181  -29.124  3.833  -23.977 0.0000000000
122147  -26.427  1.575  -24.713 0.0000000000
123181  -29.089  2.511  -24.226 0.0000000000
122150  -29.505  1.500  -24.352 0.0000000000
121115  -29.921  0.444  -24.385 0.0000000000
120082  -30.367  -0.769  -24.156 0.0000000000
117057  -26.999  -3.596  -26.295 0.0000000000
118057  -27.302  -2.235  -25.533 0.0000000000
118039  -28.751  -2.281  -24.412 0.0000000000
118040  -29.714  -2.328  -24.008 0.0000000000
119055  -30.757  -1.636  -23.858 0.0000000000
118018  -31.973  -2.545  -23.519 0.0000000000
117005  -30.637  -3.163  -23.650 0.0000000000
116020  -31.361  -4.604  -23.194 0.0000000000
114946  -32.192  -5.662  -23.750 0.0000000000
114945  -31.344  -5.684  -23.369 0.0000000000
113814  -28.941  -7.740  -23.271 0.0000000000
111404  -30.636  -8.516  -23.350 0.0000000000
112633  -30.027  -8.238  -22.930 0.0000000000
112634  -31.059  -7.488  -23.389 0.0000000000
112621  -31.777  -7.132  -23.717 0.0000000000
112635  -32.004  -7.614  -24.126 0.0000000000
109115  -32.296  -10.359  -25.222 0.0000000000
108008  -27.622  -11.695  -28.252 0.0000000000
105663  -28.014  -13.538  -25.958 0.0000000000
106830  -27.758  -12.901  -26.298 0.0000000000
106831  -27.905  -12.543  -25.680 0.0000000000
107968  -28.220  -11.955  -24.979 0.0000000000
106817  -28.835  -12.727  -24.602 0.0000000000
103406  -29.955  -16.092  -25.503 0.0000000000
103386  -29.615  -15.543  -25.396 0.0000000000
105665  -30.701  -13.462  -25.170 0.0000000000
106832  -30.402  -12.841  -24.739 0.0000000000
106833  -31.000  -12.421  -25.068 0.0000000000
105668  -33.542  -12.668  -24.945 0.0000000000
106836  -33.467  -12.318  -24.799 0.0000000000
95496  -31.714  -22.471  -25.746 0.0000000000
95515  -31.285  -22.247  -26.154 0.0000000000
95497  -32.423  -22.237  -25.211 0.0000000000
112669  -27.328  -7.899  -27.559 0.0000000000
100081  -31.185  -18.730  -26.385 0.0000000000
101213  -31.126  -17.861  -26.044 0.0000000000
100059  -32.517  -18.494  -25.656 0.0000000000
100038  -33.327  -18.459  -24.638 0.0000000000
98872  -33.274  -19.193  -24.006 0.0000000000
86679  -28.003  -29.046  -22.168 0.0000000000
89209  -28.276  -27.207  -24.470 0.0000000000
90468  -28.738  -26.836  -22.894 0.0000000000
100118  -28.921  -19.021  -28.091 0.0000000000
98955  -28.726  -19.426  -28.585 0.0000000000
97784  -28.912  -20.040  -27.970 0.0000000000
96650  -28.818  -20.497  -27.280 0.0000000000
125217  -26.380  4.558  -24.310 0.0000000000
124192  -26.740  3.606  -24.446 0.0000000000
121111  -25.892  0.722  -24.986 0.0000000000
121112  -26.958  0.505  -25.022 0.0000000000
121113  -27.925  0.658  -24.614 0.0000000000
120080  -28.243  -0.159  -24.590 0.0000000000
119073  -28.306  -1.122  -24.387 0.0000000000
117026  -27.772  -2.937  -25.038 0.0000000000
117004  -30.300  -3.666  -23.530 0.0000000000
116018  -29.106  -4.473  -23.804 0.0000000000
111402  -28.312  -8.687  -24.217 0.0000000000
112618  -28.713  -8.062  -23.294 0.0000000000
111386  -29.309  -8.824  -23.326 0.0000000000
111387  -30.213  -9.068  -23.428 0.0000000000
111388  -30.963  -9.196  -23.576 0.0000000000
105690  -27.692  -13.074  -27.316 0.0000000000
105691  -27.860  -13.654  -27.698 0.0000000000
105679  -27.994  -13.918  -26.796 0.0000000000
104551  -28.389  -14.529  -25.561 0.0000000000
103388  -31.554  -15.361  -25.647 0.0000000000
106803  -34.191  -12.779  -23.513 0.0000000000
105636  -34.040  -13.793  -23.521 0.0000000000
91875  -29.323  -25.081  -25.764 0.0000000000
93244  -29.783  -24.463  -25.874 0.0000000000
94412  -30.364  -23.368  -25.869 0.0000000000
95514  -30.438  -22.381  -26.255 0.0000000000
94391  -30.990  -23.312  -25.375 0.0000000000
112631  -28.108  -7.985  -24.622 0.0000000000
111418  -27.777  -8.633  -25.687 0.0000000000
111401  -28.034  -8.647  -24.908 0.0000000000
110224  -28.344  -9.713  -24.449 0.0000000000
101210  -28.891  -16.689  -26.459 0.0000000000
102314  -28.681  -16.089  -26.000 0.0000000000
102316  -30.309  -16.631  -25.750 0.0000000000
102299  -31.810  -16.244  -25.790 0.0000000000
103364  -33.604  -15.825  -23.838 0.0000000000
102284  -33.546  -16.471  -24.196 0.0000000000
100017  -33.672  -18.009  -23.902 0.0000000000
86677  -26.645  -29.794  -22.995 0.0000000000
90516  -28.481  -25.814  -26.062 0.0000000000
90488  -28.755  -26.454  -24.677 0.0000000000
90500  -28.774  -26.072  -25.386 0.0000000000
91855  -28.999  -25.463  -25.727 0.0000000000
91846  -29.660  -25.510  -24.625 0.0000000000
91847  -30.129  -25.069  -24.327 0.0000000000
102339  -28.390  -16.464  -27.986 0.0000000000
101226  -28.651  -17.346  -27.178 0.0000000000
101227  -28.892  -17.971  -26.622 0.0000000000
98924  -29.527  -18.892  -26.932 0.0000000000
127975  -24.736  7.763  -23.466 0.0000000000
126196  -24.021  5.804  -23.566 0.0000000000
126198  -25.359  5.976  -24.125 0.0000000000
126206  -29.208  5.416  -24.127 0.0000000000
126207  -30.105  5.352  -24.260 0.0000000000
125221  -30.388  4.452  -24.525 0.0000000000
124196  -30.656  3.425  -24.513 0.0000000000
123183  -31.108  2.448  -24.491 0.0000000000
122152  -31.628  1.451  -24.509 0.0000000000
119104  -26.162  -1.319  -26.254 0.0000000000
119094  -26.636  -1.266  -25.800 0.0000000000
119095  -27.308  -1.213  -25.166 0.0000000000
119096  -27.670  -1.178  -24.698 0.0000000000
118038  -27.945  -2.536  -24.790 0.0000000000
119074  -29.378  -1.440  -24.146 0.0000000000
119056  -31.535  -1.503  -23.774 0.0000000000
116004  -30.727  -3.857  -23.170 0.0000000000
116006  -31.764  -3.598  -23.399 0.0000000000
116021  -32.196  -4.295  -23.526 0.0000000000
114947  -32.835  -5.462  -24.265 0.0000000000
113826  -29.335  -7.193  -23.601 0.0000000000
113815  -29.212  -7.667  -23.182 0.0000000000
113827  -31.005  -5.999  -23.744 0.0000000000
113816  -31.860  -6.610  -23.744 0.0000000000
111419  -31.752  -8.561  -25.050 0.0000000000
109129  -27.446  -10.805  -27.558 0.0000000000
106845  -27.657  -12.644  -26.949 0.0000000000
107985  -27.561  -12.119  -26.317 0.0000000000
103385  -28.775  -15.423  -25.557 0.0000000000
104538  -28.723  -14.148  -24.987 0.0000000000
104553  -30.052  -14.407  -25.005 0.0000000000
104540  -29.700  -13.813  -24.766 0.0000000000
105650  -29.381  -13.366  -24.622 0.0000000000
106818  -29.693  -12.579  -24.492 0.0000000000
107970  -29.801  -11.634  -24.204 0.0000000000
107971  -30.628  -11.561  -24.381 0.0000000000
107988  -32.193  -11.257  -25.294 0.0000000000
106834  -32.052  -12.282  -25.383 0.0000000000
96652  -30.332  -21.347  -26.558 0.0000000000
97786  -31.454  -21.141  -26.471 0.0000000000
97772  -31.968  -20.862  -26.215 0.0000000000
97736  -32.758  -20.747  -25.293 0.0000000000
89186  -27.765  -28.001  -22.870 0.0000000000
91856  -29.626  -25.257  -25.327 0.0000000000
93223  -30.021  -24.789  -25.464 0.0000000000
96636  -31.763  -21.888  -26.174 0.0000000000
96654  -31.875  -21.405  -26.196 0.0000000000
96670  -31.547  -21.347  -26.371 0.0000000000
96671  -31.700  -21.370  -26.287 0.0000000000
97756  -32.989  -20.315  -25.363 0.0000000000
97768  -28.851  -19.974  -27.294 0.0000000000
97787  -31.681  -21.133  -26.372 0.0000000000
98940  -28.912  -19.620  -28.146 0.0000000000
102268  -33.682  -16.282  -23.611 0.0000000000
102297  -29.482  -15.993  -25.606 0.0000000000
102298  -31.106  -16.140  -25.776 0.0000000000
102315  -29.456  -16.390  -25.847 0.0000000000
103403  -27.871  -15.024  -26.503 0.0000000000
103404  -28.168  -15.351  -26.177 0.0000000000
103405  -29.712  -16.042  -25.562 0.0000000000
103423  -27.805  -15.044  -26.716 0.0000000000
104539  -29.277  -14.022  -24.804 0.0000000000
104567  -27.839  -14.796  -26.714 0.0000000000
104580  -27.793  -14.922  -26.926 0.0000000000
105648  -28.405  -13.771  -25.209 0.0000000000
105649  -28.751  -13.537  -24.770 0.0000000000
105662  -27.834  -13.248  -26.309 0.0000000000
106820  -33.424  -11.855  -24.676 0.0000000000
106821  -33.722  -12.191  -24.424 0.0000000000
106855  -27.667  -12.674  -27.855 0.0000000000
110204  -28.474  -9.189  -23.916 0.0000000000
110225  -28.791  -10.064  -23.834 0.0000000000
111385  -28.564  -8.720  -23.614 0.0000000000
112619  -29.321  -8.135  -23.075 0.0000000000
114935  -31.936  -6.404  -23.766 0.0000000000
116005  -31.356  -3.717  -23.197 0.0000000000
117029  -30.081  -2.799  -23.837 0.0000000000
118041  -30.391  -2.349  -23.833 0.0000000000
120071  -31.098  -1.100  -23.913 0.0000000000
120072  -31.376  -1.075  -23.943 0.0000000000
124182  -29.343  4.018  -23.995 0.0000000000
124194  -28.727  3.464  -24.155 0.0000000000
125211  -28.853  3.959  -23.973 0.0000000000
125212  -29.074  4.152  -23.947 0.0000000000
127113  -25.121  6.197  -24.131 0.0000000000
