#!ascii label  , from subject sub-01 vox2ras=TkReg
1218
62343  20.274  -44.890  43.983 0.0000000000
67303  33.261  -40.987  50.855 0.0000000000
88541  41.762  -24.453  29.299 0.0000000000
76803  33.673  -35.678  36.420 0.0000000000
69876  38.094  -39.604  42.775 0.0000000000
102362  56.037  -15.336  23.323 0.0000000000
85816  41.557  -26.764  32.708 0.0000000000
81864  37.681  -29.950  31.808 0.0000000000
56290  18.120  -50.240  40.948 0.0000000000
62295  26.610  -44.239  46.943 0.0000000000
64941  29.265  -42.642  45.084 0.0000000000
62437  23.232  -44.351  39.482 0.0000000000
96391  48.730  -19.798  25.373 0.0000000000
64796  24.041  -43.498  51.104 0.0000000000
59822  19.888  -46.733  48.719 0.0000000000
89906  47.605  -23.709  27.754 0.0000000000
54896  15.734  -50.879  45.239 0.0000000000
51068  12.912  -55.417  44.117 0.0000000000
79319  37.065  -30.682  36.401 0.0000000000
75400  36.188  -37.328  39.472 0.0000000000
67497  33.262  -40.587  36.741 0.0000000000
66199  32.418  -40.761  41.687 0.0000000000
85784  41.815  -27.816  35.034 0.0000000000
83143  40.126  -28.981  31.874 0.0000000000
80567  40.249  -30.429  34.053 0.0000000000
91078  43.623  -24.535  35.128 0.0000000000
59918  20.312  -47.234  40.189 0.0000000000
56310  19.434  -49.909  39.819 0.0000000000
57452  19.547  -48.198  42.865 0.0000000000
64924  23.272  -43.333  44.958 0.0000000000
62342  24.874  -44.206  43.794 0.0000000000
63759  21.292  -44.746  41.199 0.0000000000
61144  21.305  -46.720  38.381 0.0000000000
92492  42.416  -22.618  26.969 0.0000000000
87206  44.721  -24.861  30.184 0.0000000000
89886  44.719  -23.743  28.124 0.0000000000
93777  44.837  -21.982  26.874 0.0000000000
58575  19.336  -48.186  51.077 0.0000000000
56173  17.801  -49.222  46.802 0.0000000000
56130  17.085  -49.324  50.028 0.0000000000
50997  12.342  -54.441  49.184 0.0000000000
52323  13.463  -53.287  47.210 0.0000000000
49764  12.211  -55.589  46.460 0.0000000000
47255  10.416  -57.637  45.102 0.0000000000
45892  10.069  -58.110  47.626 0.0000000000
76698  36.879  -35.979  41.989 0.0000000000
72488  37.272  -38.467  40.917 0.0000000000
69942  36.393  -39.920  37.304 0.0000000000
67438  36.303  -40.869  39.422 0.0000000000
61093  27.556  -45.059  41.018 0.0000000000
64956  30.469  -41.872  43.149 0.0000000000
63795  28.973  -43.531  40.626 0.0000000000
66253  29.539  -41.786  38.963 0.0000000000
79321  33.694  -32.874  36.240 0.0000000000
80535  33.947  -31.520  34.493 0.0000000000
78095  32.684  -34.288  33.963 0.0000000000
99912  58.982  -17.152  21.977 0.0000000000
99926  56.801  -16.429  21.234 0.0000000000
87183  41.613  -25.960  31.057 0.0000000000
85839  39.318  -27.305  30.660 0.0000000000
88466  44.474  -24.987  32.359 0.0000000000
66075  30.394  -42.012  49.497 0.0000000000
66117  30.783  -41.151  47.742 0.0000000000
63677  28.536  -43.383  46.367 0.0000000000
61056  25.994  -45.184  41.762 0.0000000000
62462  25.371  -44.613  37.730 0.0000000000
93808  51.369  -22.243  25.545 0.0000000000
96401  52.080  -19.984  25.132 0.0000000000
99901  52.256  -17.116  24.435 0.0000000000
102374  53.334  -15.489  22.606 0.0000000000
64886  21.619  -43.739  47.487 0.0000000000
61009  20.179  -46.198  46.481 0.0000000000
62263  20.875  -45.172  49.515 0.0000000000
63625  25.629  -43.589  49.480 0.0000000000
93812  48.085  -21.611  26.306 0.0000000000
57407  19.121  -48.615  44.499 0.0000000000
54911  16.852  -50.528  43.598 0.0000000000
53668  15.050  -52.332  43.270 0.0000000000
54855  14.372  -51.410  48.338 0.0000000000
52352  14.225  -53.515  44.741 0.0000000000
43223  8.239  -60.207  47.481 0.0000000000
79316  39.824  -30.561  35.985 0.0000000000
79287  34.794  -33.398  38.486 0.0000000000
78026  35.541  -34.728  40.036 0.0000000000
76790  34.789  -36.320  37.803 0.0000000000
72550  35.008  -38.824  36.613 0.0000000000
67574  33.915  -40.442  34.749 0.0000000000
67546  30.523  -41.043  33.670 0.0000000000
67362  32.937  -40.297  46.062 0.0000000000
67393  33.680  -40.503  43.840 0.0000000000
67408  35.471  -40.878  42.308 0.0000000000
66229  33.231  -40.784  39.830 0.0000000000
67475  29.985  -40.880  37.250 0.0000000000
80551  36.981  -30.467  34.260 0.0000000000
80590  35.035  -30.676  31.512 0.0000000000
84402  42.013  -28.724  35.537 0.0000000000
83094  41.020  -29.409  34.259 0.0000000000
83073  41.349  -29.863  34.818 0.0000000000
88427  42.930  -26.556  36.557 0.0000000000
61058  20.209  -45.978  42.174 0.0000000000
58719  19.794  -47.884  40.830 0.0000000000
59867  19.805  -46.695  43.422 0.0000000000
64944  21.268  -43.461  44.848 0.0000000000
63725  22.192  -43.535  42.950 0.0000000000
62356  20.383  -44.983  42.710 0.0000000000
61098  20.530  -46.320  40.654 0.0000000000
91172  42.480  -23.358  28.140 0.0000000000
88517  43.267  -24.674  29.819 0.0000000000
88538  44.912  -24.481  28.942 0.0000000000
88556  43.702  -24.119  28.726 0.0000000000
91188  43.864  -23.264  27.833 0.0000000000
49744  11.998  -55.250  48.684 0.0000000000
51009  12.468  -54.694  48.113 0.0000000000
48498  11.797  -56.154  46.707 0.0000000000
48523  11.353  -56.746  45.340 0.0000000000
47227  11.027  -57.187  46.799 0.0000000000
47242  10.507  -57.696  46.328 0.0000000000
73910  37.611  -37.715  42.578 0.0000000000
71096  37.470  -38.781  42.106 0.0000000000
69906  37.317  -39.548  40.042 0.0000000000
68714  37.474  -40.215  41.395 0.0000000000
68608  33.703  -40.368  49.271 0.0000000000
61119  27.478  -45.109  39.757 0.0000000000
62404  28.649  -44.059  40.852 0.0000000000
62460  27.966  -45.055  39.073 0.0000000000
63819  28.420  -43.833  39.318 0.0000000000
78081  33.641  -34.446  36.502 0.0000000000
79322  33.100  -33.507  35.418 0.0000000000
102338  55.367  -15.590  25.171 0.0000000000
102336  56.898  -15.534  25.570 0.0000000000
101137  57.368  -15.827  24.135 0.0000000000
99914  57.842  -16.426  22.693 0.0000000000
101146  56.746  -15.855  22.695 0.0000000000
85826  41.603  -26.436  31.903 0.0000000000
87184  40.704  -26.174  30.859 0.0000000000
84473  40.671  -27.363  31.775 0.0000000000
83145  38.752  -29.726  31.448 0.0000000000
83161  38.532  -29.278  30.961 0.0000000000
83146  37.122  -29.606  30.844 0.0000000000
88457  42.767  -25.404  34.023 0.0000000000
88467  43.473  -25.239  32.853 0.0000000000
87166  42.818  -25.708  31.509 0.0000000000
56311  18.910  -50.120  40.123 0.0000000000
54969  17.423  -51.489  40.301 0.0000000000
64858  28.883  -43.159  48.778 0.0000000000
64882  29.283  -42.698  47.557 0.0000000000
62312  27.889  -43.935  46.640 0.0000000000
62386  24.229  -43.943  41.621 0.0000000000
61042  25.657  -44.679  42.300 0.0000000000
62407  24.560  -44.441  40.073 0.0000000000
61096  25.618  -45.138  39.843 0.0000000000
62436  24.636  -44.456  39.012 0.0000000000
63822  22.996  -44.851  37.582 0.0000000000
71209  33.713  -39.299  33.519 0.0000000000
93830  50.047  -21.155  25.639 0.0000000000
95091  51.824  -20.907  25.226 0.0000000000
96403  50.524  -19.868  25.219 0.0000000000
99903  50.184  -17.380  23.720 0.0000000000
99915  51.106  -16.459  22.909 0.0000000000
102366  52.661  -16.078  23.440 0.0000000000
66078  23.039  -43.424  49.576 0.0000000000
63626  21.326  -44.549  49.058 0.0000000000
64820  22.256  -43.841  50.182 0.0000000000
64839  24.693  -43.385  49.753 0.0000000000
64860  24.146  -43.333  48.484 0.0000000000
91222  49.165  -22.811  26.523 0.0000000000
92505  47.730  -22.369  26.808 0.0000000000
95059  44.953  -20.692  25.495 0.0000000000
60999  20.013  -46.308  47.361 0.0000000000
58649  19.532  -47.435  45.856 0.0000000000
58634  19.499  -47.730  46.898 0.0000000000
56194  16.749  -49.653  46.826 0.0000000000
56214  17.680  -49.553  45.230 0.0000000000
54895  16.768  -50.235  45.121 0.0000000000
54930  16.227  -51.262  42.958 0.0000000000
54913  15.447  -51.583  44.539 0.0000000000
54841  14.253  -51.184  49.666 0.0000000000
51034  13.251  -54.465  45.616 0.0000000000
52330  13.534  -53.711  46.065 0.0000000000
52342  13.749  -53.940  45.136 0.0000000000
53656  14.086  -53.427  43.332 0.0000000000
79259  35.715  -32.376  39.331 0.0000000000
76742  36.435  -36.535  40.765 0.0000000000
78009  36.171  -34.963  41.130 0.0000000000
76766  35.889  -36.144  39.670 0.0000000000
76767  35.438  -35.595  39.447 0.0000000000
75415  35.253  -36.930  38.147 0.0000000000
73967  35.249  -37.918  37.275 0.0000000000
73966  35.642  -38.395  37.693 0.0000000000
67495  34.763  -40.614  37.429 0.0000000000
68786  35.321  -40.222  36.461 0.0000000000
67521  33.794  -40.576  36.122 0.0000000000
67544  32.648  -40.601  34.722 0.0000000000
67523  31.915  -40.532  35.462 0.0000000000
66143  30.195  -41.517  46.080 0.0000000000
67363  31.818  -40.574  46.390 0.0000000000
66142  30.825  -40.629  45.757 0.0000000000
66182  31.234  -41.212  42.925 0.0000000000
66168  32.386  -40.588  43.503 0.0000000000
66167  33.448  -40.678  43.066 0.0000000000
67392  34.563  -40.668  43.425 0.0000000000
66180  33.421  -40.713  42.267 0.0000000000
66197  34.550  -40.922  41.089 0.0000000000
66216  32.760  -40.781  40.750 0.0000000000
66277  28.649  -42.468  37.307 0.0000000000
67453  29.535  -41.271  37.981 0.0000000000
79318  38.290  -30.501  36.306 0.0000000000
80531  38.497  -30.496  35.012 0.0000000000
80518  36.786  -30.627  35.746 0.0000000000
80555  33.043  -32.439  32.867 0.0000000000
80573  34.214  -31.089  32.647 0.0000000000
99922  59.762  -17.690  21.148 0.0000000000
85807  41.515  -27.122  33.433 0.0000000000
83142  40.595  -28.369  32.039 0.0000000000
84434  40.990  -28.573  33.598 0.0000000000
81848  40.279  -30.075  32.796 0.0000000000
80587  38.467  -30.356  32.678 0.0000000000
91040  44.111  -24.900  36.700 0.0000000000
89780  42.431  -25.733  35.289 0.0000000000
57494  19.674  -49.207  40.024 0.0000000000
57473  19.429  -48.420  41.512 0.0000000000
57453  19.024  -48.797  42.131 0.0000000000
63679  24.847  -43.565  46.048 0.0000000000
62316  25.459  -44.053  45.459 0.0000000000
63708  24.221  -43.694  44.269 0.0000000000
63742  22.658  -43.650  42.146 0.0000000000
63773  22.749  -44.144  40.558 0.0000000000
62465  22.325  -45.374  38.206 0.0000000000
62439  21.244  -45.476  39.705 0.0000000000
59937  20.691  -47.556  39.065 0.0000000000
97580  47.041  -19.440  24.514 0.0000000000
63567  23.590  -43.631  52.101 0.0000000000
87205  45.907  -24.922  30.070 0.0000000000
88537  45.877  -24.347  28.639 0.0000000000
89885  45.655  -23.771  27.971 0.0000000000
91206  46.320  -22.688  27.258 0.0000000000
91187  45.061  -23.180  27.672 0.0000000000
92491  43.389  -22.546  27.190 0.0000000000
58588  19.472  -47.359  49.979 0.0000000000
57348  18.537  -48.348  47.993 0.0000000000
57341  18.420  -48.307  48.926 0.0000000000
56156  17.226  -49.314  48.224 0.0000000000
54865  15.772  -50.024  47.855 0.0000000000
53564  13.459  -52.520  49.182 0.0000000000
51008  12.873  -54.053  47.640 0.0000000000
51035  12.670  -54.962  46.040 0.0000000000
49772  12.400  -55.742  45.539 0.0000000000
48522  11.986  -56.242  45.001 0.0000000000
75363  37.047  -37.109  41.486 0.0000000000
73937  36.808  -37.786  40.312 0.0000000000
72517  36.254  -38.868  38.392 0.0000000000
71133  36.811  -39.330  39.211 0.0000000000
68738  36.893  -40.261  38.645 0.0000000000
66272  34.964  -40.990  38.493 0.0000000000
62367  28.191  -44.199  42.872 0.0000000000
64957  30.070  -42.315  43.698 0.0000000000
63739  29.177  -42.809  42.862 0.0000000000
64988  29.655  -42.587  41.993 0.0000000000
65016  29.684  -42.130  40.946 0.0000000000
66231  30.192  -41.483  40.267 0.0000000000
65033  29.110  -42.975  39.422 0.0000000000
65048  28.399  -43.434  37.751 0.0000000000
79305  36.299  -31.142  37.209 0.0000000000
79329  35.180  -31.067  35.448 0.0000000000
79330  34.248  -31.636  35.400 0.0000000000
79331  32.936  -32.825  34.515 0.0000000000
99897  58.445  -16.576  23.190 0.0000000000
99913  58.400  -16.765  22.195 0.0000000000
88518  42.195  -24.824  29.862 0.0000000000
88542  40.942  -24.531  29.433 0.0000000000
87210  40.523  -25.532  30.356 0.0000000000
83159  39.848  -28.409  31.501 0.0000000000
85840  38.331  -27.521  30.248 0.0000000000
91059  45.733  -23.574  34.778 0.0000000000
89776  45.571  -23.821  33.512 0.0000000000
89790  46.094  -24.015  32.475 0.0000000000
87155  44.825  -25.180  31.301 0.0000000000
87181  43.848  -25.141  30.822 0.0000000000
67305  31.937  -41.526  50.230 0.0000000000
67333  32.559  -40.725  49.011 0.0000000000
66093  30.825  -41.522  48.787 0.0000000000
64881  29.685  -42.228  47.281 0.0000000000
63689  28.865  -42.931  45.269 0.0000000000
62326  26.519  -44.416  45.204 0.0000000000
61025  27.067  -44.576  44.008 0.0000000000
61037  27.819  -44.378  43.421 0.0000000000
61071  27.074  -45.360  41.566 0.0000000000
61120  26.726  -45.226  39.001 0.0000000000
61140  26.773  -45.083  37.641 0.0000000000
96399  53.292  -19.759  25.527 0.0000000000
98720  50.000  -18.207  24.480 0.0000000000
98718  51.860  -18.023  24.614 0.0000000000
98716  53.418  -18.031  25.402 0.0000000000
99886  53.405  -16.706  24.964 0.0000000000
102353  53.563  -15.882  24.158 0.0000000000
102363  54.815  -15.358  23.361 0.0000000000
102381  55.568  -15.702  21.407 0.0000000000
63693  20.645  -44.278  44.995 0.0000000000
62329  20.267  -45.246  45.141 0.0000000000
62299  20.613  -45.209  46.949 0.0000000000
62280  20.695  -45.247  48.554 0.0000000000
60987  20.356  -45.952  48.907 0.0000000000
62233  22.040  -44.568  51.629 0.0000000000
59805  20.096  -46.253  50.214 0.0000000000
59777  19.873  -46.798  51.303 0.0000000000
67285  32.649  -41.467  51.303 0.0000000000
66055  31.376  -41.702  50.662 0.0000000000
64815  29.500  -42.758  50.411 0.0000000000
63622  27.812  -43.566  49.279 0.0000000000
63604  27.581  -43.632  49.929 0.0000000000
63641  26.427  -43.998  48.453 0.0000000000
64884  24.322  -43.452  46.974 0.0000000000
64909  22.060  -43.285  46.465 0.0000000000
92504  51.114  -23.156  26.131 0.0000000000
93810  50.135  -21.781  25.928 0.0000000000
95075  48.623  -20.807  25.653 0.0000000000
93788  46.676  -21.686  26.577 0.0000000000
95077  46.810  -20.643  25.830 0.0000000000
96392  47.706  -19.918  25.293 0.0000000000
59858  19.694  -46.692  44.520 0.0000000000
57429  19.546  -48.111  44.072 0.0000000000
56267  18.633  -49.252  42.754 0.0000000000
57373  18.474  -48.797  46.337 0.0000000000
56233  18.286  -49.437  44.519 0.0000000000
56250  17.602  -50.254  42.915 0.0000000000
54929  16.884  -50.708  42.324 0.0000000000
54971  15.761  -52.064  41.049 0.0000000000
56158  15.774  -49.647  49.047 0.0000000000
54866  14.884  -51.090  47.324 0.0000000000
53600  14.203  -52.404  46.054 0.0000000000
53617  14.915  -52.026  45.321 0.0000000000
53655  14.551  -52.782  43.695 0.0000000000
44510  9.451  -58.954  47.852 0.0000000000
80512  41.379  -30.250  36.039 0.0000000000
79285  37.053  -30.830  37.899 0.0000000000
79286  35.824  -31.766  38.214 0.0000000000
79307  34.202  -33.837  37.366 0.0000000000
78074  34.039  -34.941  37.060 0.0000000000
79260  35.182  -33.705  39.497 0.0000000000
78065  34.594  -34.817  38.327 0.0000000000
76791  34.228  -35.847  37.315 0.0000000000
75441  33.962  -36.796  36.624 0.0000000000
72572  34.346  -38.848  35.543 0.0000000000
69992  34.237  -39.709  34.513 0.0000000000
71156  36.041  -39.538  37.310 0.0000000000
69970  34.642  -39.836  35.220 0.0000000000
68831  33.783  -40.182  33.980 0.0000000000
67601  33.003  -40.878  32.982 0.0000000000
67603  31.710  -41.798  31.965 0.0000000000
68668  37.982  -39.851  43.887 0.0000000000
68624  33.211  -40.383  48.479 0.0000000000
68639  34.090  -40.091  47.304 0.0000000000
68655  33.994  -39.999  46.401 0.0000000000
66154  31.210  -40.715  44.770 0.0000000000
67361  33.875  -40.178  45.483 0.0000000000
67360  34.760  -40.154  45.117 0.0000000000
67358  36.156  -40.281  44.553 0.0000000000
67371  36.363  -40.391  43.856 0.0000000000
67389  37.030  -40.480  42.600 0.0000000000
67422  36.304  -41.032  41.065 0.0000000000
66227  34.926  -41.258  39.535 0.0000000000
66274  33.556  -40.755  38.301 0.0000000000
66252  31.073  -40.889  39.191 0.0000000000
67451  31.792  -40.576  38.263 0.0000000000
67473  32.253  -40.545  37.539 0.0000000000
67524  30.752  -40.622  35.006 0.0000000000
80529  40.105  -30.635  35.101 0.0000000000
80569  38.776  -30.418  33.600 0.0000000000
80588  37.421  -30.290  32.521 0.0000000000
80552  35.732  -30.538  34.115 0.0000000000
80572  35.384  -30.570  32.995 0.0000000000
81853  36.168  -30.304  31.574 0.0000000000
101164  55.815  -16.235  20.801 0.0000000000
84385  42.497  -28.800  36.337 0.0000000000
83072  41.547  -29.410  35.153 0.0000000000
81801  41.508  -29.889  35.220 0.0000000000
85747  42.774  -27.837  36.504 0.0000000000
59879  19.930  -46.610  42.520 0.0000000000
61043  19.968  -45.883  43.174 0.0000000000
63709  20.739  -43.905  44.239 0.0000000000
63726  21.054  -43.942  43.345 0.0000000000
89865  42.172  -23.879  28.697 0.0000000000
91173  41.535  -23.501  28.129 0.0000000000
89866  41.069  -24.081  28.777 0.0000000000
88540  42.914  -24.253  29.191 0.0000000000
89864  43.194  -23.722  28.439 0.0000000000
49745  11.550  -55.809  48.337 0.0000000000
49754  11.902  -55.581  47.543 0.0000000000
49755  11.464  -56.098  47.888 0.0000000000
48499  11.395  -56.503  47.312 0.0000000000
47210  10.833  -57.031  47.547 0.0000000000
71081  38.026  -38.675  43.213 0.0000000000
72460  37.822  -38.274  42.950 0.0000000000
69875  37.826  -39.052  42.793 0.0000000000
69891  37.621  -39.312  41.964 0.0000000000
68713  37.916  -39.911  42.001 0.0000000000
67302  34.066  -40.643  51.116 0.0000000000
68593  33.765  -40.498  49.997 0.0000000000
61139  27.311  -44.972  38.067 0.0000000000
62481  27.729  -44.760  37.853 0.0000000000
76804  33.436  -35.111  35.855 0.0000000000
78082  33.253  -34.239  35.727 0.0000000000
102351  55.200  -15.329  24.297 0.0000000000
102337  56.174  -15.551  25.399 0.0000000000
102350  56.094  -15.383  24.490 0.0000000000
102361  56.697  -15.483  24.022 0.0000000000
101138  56.880  -15.705  23.456 0.0000000000
102371  56.123  -15.615  22.164 0.0000000000
85825  41.852  -26.208  32.109 0.0000000000
85836  41.192  -26.624  31.688 0.0000000000
85817  41.294  -26.958  32.332 0.0000000000
81876  38.342  -29.746  31.456 0.0000000000
83147  36.683  -29.849  30.526 0.0000000000
81865  36.635  -29.941  31.168 0.0000000000
87145  42.240  -25.922  32.955 0.0000000000
88468  42.720  -25.531  33.417 0.0000000000
87157  42.525  -25.764  32.155 0.0000000000
56289  18.513  -49.440  41.431 0.0000000000
56312  18.501  -51.235  40.016 0.0000000000
56291  17.839  -51.022  40.790 0.0000000000
63639  27.905  -43.522  48.443 0.0000000000
63638  28.450  -43.322  48.163 0.0000000000
62294  27.242  -44.162  47.336 0.0000000000
62408  23.878  -43.981  40.659 0.0000000000
62385  24.791  -44.372  41.040 0.0000000000
62464  23.536  -44.407  38.218 0.0000000000
70009  33.747  -39.667  32.628 0.0000000000
96405  49.156  -20.412  25.505 0.0000000000
95093  50.266  -20.631  25.439 0.0000000000
96404  49.554  -19.821  25.348 0.0000000000
101149  51.089  -16.180  22.344 0.0000000000
66077  23.446  -43.351  49.910 0.0000000000
66059  22.870  -43.486  50.129 0.0000000000
64797  23.340  -43.574  51.114 0.0000000000
64817  24.501  -43.446  50.748 0.0000000000
64840  23.982  -43.226  49.582 0.0000000000
89905  48.315  -23.570  27.611 0.0000000000
91204  48.551  -23.063  27.029 0.0000000000
91205  47.214  -23.166  27.419 0.0000000000
59835  19.752  -46.864  47.641 0.0000000000
58618  19.457  -47.420  48.077 0.0000000000
54880  16.159  -50.219  46.443 0.0000000000
54879  16.698  -50.020  45.918 0.0000000000
54912  16.105  -51.025  44.170 0.0000000000
54842  13.540  -52.025  49.854 0.0000000000
51052  12.857  -55.204  45.108 0.0000000000
51051  13.365  -54.655  44.664 0.0000000000
51067  13.349  -54.819  43.661 0.0000000000
75385  36.376  -37.024  40.041 0.0000000000
76743  36.207  -36.019  40.289 0.0000000000
75401  35.923  -36.837  39.467 0.0000000000
76778  35.556  -36.299  39.199 0.0000000000
75414  35.564  -36.914  38.811 0.0000000000
73957  35.321  -37.458  37.837 0.0000000000
73956  35.810  -37.937  38.307 0.0000000000
67496  34.035  -40.626  37.012 0.0000000000
67520  34.622  -40.523  36.465 0.0000000000
67522  32.927  -40.509  35.818 0.0000000000
64922  29.759  -42.220  45.493 0.0000000000
66155  30.323  -41.562  45.151 0.0000000000
66200  31.075  -41.430  41.992 0.0000000000
66181  32.297  -40.678  42.583 0.0000000000
66198  33.606  -40.731  41.394 0.0000000000
80517  37.852  -30.514  35.710 0.0000000000
85799  41.550  -27.573  34.194 0.0000000000
84446  41.191  -27.720  33.272 0.0000000000
84433  41.289  -28.099  33.866 0.0000000000
81834  40.752  -29.889  33.894 0.0000000000
83113  40.499  -29.837  32.986 0.0000000000
81836  39.944  -30.308  33.111 0.0000000000
81850  39.236  -30.300  32.415 0.0000000000
80586  39.339  -30.325  33.035 0.0000000000
91015  44.952  -24.771  37.413 0.0000000000
85766  42.142  -27.519  35.357 0.0000000000
88437  42.393  -26.330  35.512 0.0000000000
85785  42.037  -27.233  34.940 0.0000000000
87122  42.092  -26.644  34.654 0.0000000000
58699  19.733  -47.450  42.333 0.0000000000
57474  19.083  -49.194  40.857 0.0000000000
63680  24.261  -43.387  45.969 0.0000000000
63692  24.222  -43.475  45.411 0.0000000000
63743  21.374  -44.214  42.150 0.0000000000
64958  22.722  -43.416  43.453 0.0000000000
63757  23.233  -43.819  41.387 0.0000000000
63774  21.801  -44.468  40.572 0.0000000000
63798  21.532  -44.899  40.023 0.0000000000
63775  21.247  -45.126  40.539 0.0000000000
87180  44.957  -25.029  30.615 0.0000000000
88555  44.423  -24.189  28.574 0.0000000000
88554  45.250  -24.164  28.373 0.0000000000
88553  45.899  -24.091  28.225 0.0000000000
92476  42.884  -22.995  27.662 0.0000000000
58581  19.144  -48.001  50.284 0.0000000000
58589  18.942  -47.809  49.454 0.0000000000
57334  18.403  -48.280  49.836 0.0000000000
57350  17.525  -49.055  48.998 0.0000000000
56142  17.060  -49.288  49.206 0.0000000000
56175  16.559  -49.602  47.510 0.0000000000
56157  16.344  -49.490  48.566 0.0000000000
52309  12.785  -53.488  49.479 0.0000000000
51021  12.488  -54.798  47.046 0.0000000000
47254  10.894  -57.126  45.435 0.0000000000
45915  10.203  -58.302  46.825 0.0000000000
45916  9.806  -58.645  47.238 0.0000000000
73924  37.261  -37.823  41.618 0.0000000000
75340  37.403  -37.109  42.031 0.0000000000
73925  36.899  -37.575  41.078 0.0000000000
73936  37.016  -37.993  40.870 0.0000000000
72503  36.932  -38.598  39.690 0.0000000000
72502  37.233  -38.732  40.204 0.0000000000
68729  37.246  -40.150  39.746 0.0000000000
68737  37.216  -40.074  39.034 0.0000000000
67437  36.922  -40.402  39.288 0.0000000000
67471  35.673  -40.772  38.339 0.0000000000
66247  35.471  -41.147  38.994 0.0000000000
62384  28.316  -44.440  42.055 0.0000000000
62366  28.557  -43.790  42.502 0.0000000000
62383  28.696  -44.045  41.651 0.0000000000
62432  28.608  -43.961  40.420 0.0000000000
63772  29.000  -43.531  41.345 0.0000000000
65002  29.375  -42.867  41.195 0.0000000000
65001  29.822  -42.287  41.440 0.0000000000
65017  29.430  -42.719  40.340 0.0000000000
63818  28.948  -43.427  39.992 0.0000000000
63838  28.037  -44.193  38.067 0.0000000000
79306  34.897  -32.261  37.376 0.0000000000
79320  35.481  -31.258  36.195 0.0000000000
78094  32.835  -34.220  34.911 0.0000000000
79332  32.680  -33.728  33.596 0.0000000000
99925  57.498  -16.607  21.524 0.0000000000
99934  57.682  -17.318  20.431 0.0000000000
87209  41.448  -25.364  30.491 0.0000000000
88519  41.178  -24.841  29.964 0.0000000000
85838  40.054  -27.062  31.090 0.0000000000
87185  39.896  -26.386  30.564 0.0000000000
87186  38.956  -26.431  30.260 0.0000000000
83129  40.626  -28.660  32.410 0.0000000000
84459  40.521  -28.057  31.871 0.0000000000
84477  37.758  -28.552  30.240 0.0000000000
84476  38.856  -28.279  30.743 0.0000000000
85855  37.661  -27.917  29.906 0.0000000000
91061  44.234  -24.280  35.704 0.0000000000
92400  45.646  -23.633  35.566 0.0000000000
91060  45.052  -23.996  35.225 0.0000000000
88455  44.352  -24.671  32.929 0.0000000000
89777  45.156  -23.989  33.589 0.0000000000
89784  44.927  -24.190  33.078 0.0000000000
89783  45.619  -23.898  33.144 0.0000000000
88454  45.175  -24.387  32.610 0.0000000000
87142  45.418  -24.940  31.460 0.0000000000
87143  44.632  -25.205  31.806 0.0000000000
87182  42.763  -25.574  30.907 0.0000000000
87208  42.494  -25.199  30.450 0.0000000000
66074  31.230  -41.578  49.804 0.0000000000
67320  31.838  -41.445  49.767 0.0000000000
66094  30.067  -42.141  48.767 0.0000000000
63656  28.876  -42.983  46.945 0.0000000000
64906  29.269  -42.613  46.653 0.0000000000
63676  28.899  -42.985  46.064 0.0000000000
63707  25.020  -44.136  44.357 0.0000000000
62327  25.977  -44.538  44.882 0.0000000000
62341  25.489  -44.462  43.825 0.0000000000
61041  26.167  -44.954  42.631 0.0000000000
61027  26.144  -44.742  43.518 0.0000000000
61040  26.665  -45.096  42.994 0.0000000000
61038  27.592  -44.521  43.581 0.0000000000
61054  27.159  -45.258  42.515 0.0000000000
61053  27.622  -44.957  42.866 0.0000000000
61072  26.437  -45.381  41.145 0.0000000000
61122  25.423  -44.673  38.957 0.0000000000
61121  26.031  -45.037  39.066 0.0000000000
61142  25.809  -44.779  38.444 0.0000000000
61141  26.193  -44.887  37.919 0.0000000000
62466  21.449  -45.745  39.006 0.0000000000
61143  21.877  -46.529  37.504 0.0000000000
91219  51.973  -23.480  25.247 0.0000000000
96402  51.335  -19.924  25.136 0.0000000000
95090  52.520  -20.939  25.258 0.0000000000
96400  52.816  -20.028  25.343 0.0000000000
98721  49.226  -18.274  24.209 0.0000000000
98700  49.532  -18.585  24.681 0.0000000000
99902  51.229  -16.841  23.842 0.0000000000
98719  50.961  -18.068  24.395 0.0000000000
98717  52.710  -18.060  24.984 0.0000000000
99899  53.466  -17.469  25.388 0.0000000000
99900  53.089  -17.144  24.947 0.0000000000
102375  52.520  -15.813  22.775 0.0000000000
102365  53.108  -15.918  23.561 0.0000000000
102364  53.872  -15.543  23.419 0.0000000000
102373  54.257  -15.276  22.458 0.0000000000
64910  21.188  -43.994  46.573 0.0000000000
63681  20.780  -44.618  45.903 0.0000000000
64887  21.086  -44.267  47.025 0.0000000000
63568  22.790  -43.987  51.822 0.0000000000
60933  21.432  -44.889  51.999 0.0000000000
60967  20.523  -45.751  50.631 0.0000000000
59789  20.256  -46.237  50.981 0.0000000000
59790  19.805  -46.789  50.508 0.0000000000
67286  32.092  -41.609  50.839 0.0000000000
64838  28.788  -43.261  49.546 0.0000000000
63606  26.150  -43.426  50.263 0.0000000000
63624  26.530  -43.857  49.161 0.0000000000
63642  25.664  -43.830  48.176 0.0000000000
63643  24.891  -43.588  47.643 0.0000000000
64861  22.666  -43.345  48.305 0.0000000000
64885  23.057  -43.226  47.298 0.0000000000
64926  21.200  -43.653  45.755 0.0000000000
89847  39.750  -24.952  28.981 0.0000000000
92529  48.845  -22.191  26.425 0.0000000000
92528  49.688  -22.354  26.300 0.0000000000
93811  49.153  -21.676  26.036 0.0000000000
92489  45.475  -22.426  27.233 0.0000000000
92507  46.043  -22.186  27.164 0.0000000000
93789  45.609  -21.634  26.698 0.0000000000
95058  46.184  -20.725  25.996 0.0000000000
96381  46.137  -20.338  25.582 0.0000000000
96393  46.450  -20.010  25.253 0.0000000000
61018  20.033  -46.082  45.367 0.0000000000
59851  19.750  -46.738  45.607 0.0000000000
57406  19.359  -48.044  45.146 0.0000000000
58660  19.528  -47.370  44.803 0.0000000000
57430  19.170  -48.703  43.381 0.0000000000
56248  18.710  -49.105  43.914 0.0000000000
57360  18.164  -48.759  47.373 0.0000000000
57359  18.748  -48.368  47.146 0.0000000000
56234  17.586  -49.946  44.135 0.0000000000
56249  18.207  -49.685  43.419 0.0000000000
54951  15.457  -52.117  42.313 0.0000000000
54952  14.889  -52.714  41.928 0.0000000000
54840  14.936  -50.337  49.574 0.0000000000
54854  15.095  -50.329  48.763 0.0000000000
54853  15.713  -49.794  48.559 0.0000000000
53575  13.526  -52.684  48.152 0.0000000000
52341  14.176  -53.192  45.512 0.0000000000
52329  13.751  -53.011  46.444 0.0000000000
53599  14.733  -51.873  45.731 0.0000000000
53618  14.599  -52.413  45.351 0.0000000000
53636  15.013  -52.143  44.887 0.0000000000
53637  14.545  -52.796  44.636 0.0000000000
45894  9.503  -58.731  48.056 0.0000000000
43222  8.757  -59.529  47.872 0.0000000000
79283  39.416  -30.418  37.340 0.0000000000
79288  34.449  -34.231  37.965 0.0000000000
76779  35.068  -35.916  38.594 0.0000000000
78048  34.800  -34.742  39.224 0.0000000000
76780  34.610  -35.574  37.927 0.0000000000
75427  34.501  -36.644  37.314 0.0000000000
73980  34.323  -37.904  36.085 0.0000000000
71189  34.282  -39.356  34.865 0.0000000000
71172  34.711  -39.442  35.913 0.0000000000
71143  36.402  -39.390  37.898 0.0000000000
72530  35.920  -38.895  37.747 0.0000000000
69927  36.482  -39.688  37.566 0.0000000000
67542  34.224  -40.481  35.550 0.0000000000
68804  34.891  -40.098  35.733 0.0000000000
68805  34.447  -40.221  35.055 0.0000000000
67575  33.248  -40.530  34.046 0.0000000000
67545  31.677  -40.711  34.226 0.0000000000
67577  31.591  -41.030  32.947 0.0000000000
67578  30.752  -41.607  32.577 0.0000000000
67345  31.645  -40.931  48.368 0.0000000000
67344  32.508  -40.538  47.949 0.0000000000
67351  32.643  -40.423  47.003 0.0000000000
68656  33.439  -40.235  46.847 0.0000000000
66170  30.426  -41.651  44.367 0.0000000000
66169  31.070  -41.232  43.785 0.0000000000
67394  32.968  -40.360  44.199 0.0000000000
67374  33.827  -40.400  44.634 0.0000000000
67359  35.561  -40.230  44.835 0.0000000000
67373  34.674  -40.441  44.309 0.0000000000
67409  34.846  -40.837  42.749 0.0000000000
67391  35.502  -40.602  43.214 0.0000000000
67390  36.265  -40.525  42.896 0.0000000000
67370  36.953  -40.407  43.376 0.0000000000
67407  36.304  -40.732  42.020 0.0000000000
67423  35.733  -41.050  41.566 0.0000000000
66215  33.879  -40.819  40.494 0.0000000000
66214  34.725  -41.145  40.265 0.0000000000
66228  34.199  -41.046  39.685 0.0000000000
66250  33.770  -40.927  39.038 0.0000000000
66251  32.632  -40.587  38.984 0.0000000000
67452  30.494  -40.844  38.256 0.0000000000
67474  31.337  -40.652  37.401 0.0000000000
67499  31.020  -40.556  36.296 0.0000000000
67500  29.750  -40.764  35.879 0.0000000000
80503  40.612  -30.471  36.191 0.0000000000
80528  40.691  -30.517  35.270 0.0000000000
80514  40.276  -30.559  35.764 0.0000000000
80550  38.124  -30.465  34.296 0.0000000000
80570  37.766  -30.438  33.459 0.0000000000
80571  36.623  -30.420  33.313 0.0000000000
80534  34.913  -30.934  34.809 0.0000000000
80589  36.279  -30.336  32.352 0.0000000000
98730  60.072  -17.609  21.547 0.0000000000
97617  60.421  -17.540  21.056 0.0000000000
98736  60.959  -16.984  21.024 0.0000000000
102390  55.334  -15.894  20.790 0.0000000000
84419  41.457  -28.534  34.655 0.0000000000
83093  41.246  -29.079  34.564 0.0000000000
81819  40.589  -30.215  34.101 0.0000000000
87098  42.481  -27.184  36.113 0.0000000000
59898  20.109  -46.821  41.460 0.0000000000
64943  22.210  -43.307  44.507 0.0000000000
64960  21.370  -43.460  44.095 0.0000000000
62387  20.828  -45.563  40.976 0.0000000000
62370  20.637  -45.240  41.736 0.0000000000
61075  20.460  -46.038  41.416 0.0000000000
92477  41.925  -22.977  27.556 0.0000000000
88516  44.355  -24.626  29.678 0.0000000000
88539  43.945  -24.397  29.166 0.0000000000
89887  43.994  -23.822  28.341 0.0000000000
91171  43.118  -23.379  28.002 0.0000000000
57315  18.751  -48.549  51.248 0.0000000000
57325  18.613  -48.464  50.597 0.0000000000
57326  18.201  -48.942  50.881 0.0000000000
48509  11.892  -56.216  45.922 0.0000000000
48510  11.501  -56.745  46.364 0.0000000000
47241  10.989  -57.191  45.947 0.0000000000
47228  10.556  -57.671  47.227 0.0000000000
73909  37.984  -37.902  43.171 0.0000000000
72461  37.521  -38.292  42.296 0.0000000000
72475  37.355  -38.457  41.672 0.0000000000
71122  37.372  -39.061  40.490 0.0000000000
71110  37.439  -38.918  41.336 0.0000000000
68720  37.585  -39.829  41.142 0.0000000000
67421  36.969  -40.622  40.781 0.0000000000
62406  27.777  -44.943  40.474 0.0000000000
62405  28.135  -44.594  40.995 0.0000000000
62434  27.915  -44.860  40.072 0.0000000000
62433  28.243  -44.371  39.968 0.0000000000
63796  28.623  -43.839  40.102 0.0000000000
62459  28.086  -44.667  38.620 0.0000000000
101121  54.700  -16.144  25.577 0.0000000000
99863  55.204  -16.535  26.480 0.0000000000
101120  55.393  -16.051  26.010 0.0000000000
99898  57.920  -16.327  23.720 0.0000000000
101145  57.356  -16.098  23.176 0.0000000000
101153  57.224  -16.266  22.377 0.0000000000
101154  56.641  -16.157  21.770 0.0000000000
87167  41.941  -25.928  31.489 0.0000000000
85837  40.678  -26.772  31.443 0.0000000000
83144  39.249  -29.569  31.531 0.0000000000
83162  37.531  -29.309  30.461 0.0000000000
89786  43.311  -24.784  34.464 0.0000000000
91092  43.817  -24.502  34.405 0.0000000000
87144  43.523  -25.456  32.247 0.0000000000
87156  43.782  -25.495  31.657 0.0000000000
54970  16.547  -51.649  40.584 0.0000000000
66095  29.598  -42.525  48.857 0.0000000000
64857  29.270  -42.802  48.467 0.0000000000
63657  28.523  -43.312  47.265 0.0000000000
63678  28.277  -43.595  46.820 0.0000000000
62369  24.348  -44.029  42.558 0.0000000000
62354  25.092  -44.432  43.003 0.0000000000
62368  24.990  -44.366  41.986 0.0000000000
61057  25.428  -44.850  41.409 0.0000000000
61073  25.784  -45.300  40.807 0.0000000000
61074  25.242  -44.869  40.484 0.0000000000
61123  25.137  -44.611  39.238 0.0000000000
62435  25.027  -44.464  38.387 0.0000000000
62484  24.532  -44.968  37.085 0.0000000000
63820  24.180  -44.774  37.346 0.0000000000
63821  23.710  -44.741  37.470 0.0000000000
72573  33.798  -38.871  34.472 0.0000000000
93829  50.663  -21.422  25.494 0.0000000000
93828  51.541  -21.882  25.411 0.0000000000
95092  51.039  -20.790  25.255 0.0000000000
101141  52.058  -16.499  23.754 0.0000000000
101148  51.768  -16.177  22.864 0.0000000000
102376  52.014  -15.764  22.347 0.0000000000
102385  52.208  -15.622  22.157 0.0000000000
64862  21.745  -43.793  48.605 0.0000000000
63608  22.053  -44.324  50.698 0.0000000000
64859  25.067  -43.623  48.971 0.0000000000
66097  23.105  -43.396  48.984 0.0000000000
91203  49.552  -23.348  26.761 0.0000000000
91223  48.537  -22.528  26.684 0.0000000000
59844  19.782  -46.847  46.641 0.0000000000
57388  19.349  -48.060  46.085 0.0000000000
56174  17.201  -49.408  47.195 0.0000000000
56193  17.103  -49.628  46.182 0.0000000000
54931  15.536  -51.717  43.554 0.0000000000
51020  13.065  -54.224  46.602 0.0000000000
53638  14.240  -53.295  44.133 0.0000000000
52353  13.760  -53.958  44.121 0.0000000000
79258  36.733  -31.337  38.750 0.0000000000
80464  36.668  -31.684  39.458 0.0000000000
76717  36.727  -36.317  41.477 0.0000000000
78008  36.662  -35.703  41.763 0.0000000000
76718  36.368  -35.995  40.930 0.0000000000
78025  35.952  -35.350  40.323 0.0000000000
75426  34.962  -37.064  37.578 0.0000000000
72531  35.512  -38.673  37.324 0.0000000000
68770  36.284  -40.284  37.498 0.0000000000
68785  35.977  -40.138  36.970 0.0000000000
67519  35.217  -40.491  36.987 0.0000000000
67543  33.494  -40.550  35.170 0.0000000000
66134  30.734  -40.804  46.758 0.0000000000
67352  31.647  -40.652  47.371 0.0000000000
67376  31.951  -40.595  45.564 0.0000000000
66166  34.166  -40.870  42.724 0.0000000000
66179  34.463  -40.919  42.024 0.0000000000
66178  35.120  -41.067  41.570 0.0000000000
66276  28.981  -42.539  38.181 0.0000000000
66254  29.186  -41.939  38.047 0.0000000000
68756  29.287  -41.447  37.366 0.0000000000
67476  28.996  -41.443  36.807 0.0000000000
67501  28.782  -41.653  35.270 0.0000000000
79317  39.274  -30.488  36.136 0.0000000000
80516  38.867  -30.479  35.632 0.0000000000
80532  37.414  -30.515  35.052 0.0000000000
80554  33.566  -31.858  33.496 0.0000000000
80574  33.454  -31.962  32.363 0.0000000000
99923  59.262  -17.484  21.202 0.0000000000
83130  40.449  -29.537  32.559 0.0000000000
83112  40.616  -29.269  33.258 0.0000000000
81861  40.185  -29.923  32.259 0.0000000000
81862  39.666  -30.059  31.949 0.0000000000
81863  38.749  -30.118  31.874 0.0000000000
80608  37.980  -30.260  32.305 0.0000000000
91039  45.196  -24.011  36.412 0.0000000000
91062  43.547  -24.823  35.917 0.0000000000
89761  43.415  -25.761  36.668 0.0000000000
89772  43.147  -25.437  36.065 0.0000000000
89779  42.936  -25.130  35.362 0.0000000000
88445  42.496  -25.427  34.730 0.0000000000
87132  41.789  -26.665  33.746 0.0000000000
57495  19.281  -49.607  40.195 0.0000000000
62279  26.110  -44.023  47.394 0.0000000000
62297  25.539  -43.821  46.185 0.0000000000
63691  24.930  -43.819  45.053 0.0000000000
64942  23.033  -43.419  44.015 0.0000000000
63724  23.461  -43.583  43.121 0.0000000000
62355  24.423  -44.049  43.374 0.0000000000
63741  23.635  -43.712  42.161 0.0000000000
63797  22.190  -44.446  39.964 0.0000000000
62409  20.895  -45.691  40.254 0.0000000000
61124  20.859  -46.409  39.599 0.0000000000
97579  48.023  -19.066  24.656 0.0000000000
97578  48.980  -19.133  25.178 0.0000000000
63587  23.457  -43.607  51.540 0.0000000000
165722  46.681  -24.863  30.454 0.0000000000
89845  46.600  -24.780  29.468 0.0000000000
88515  45.602  -24.626  29.436 0.0000000000
89862  46.761  -24.604  28.932 0.0000000000
89884  46.802  -24.029  27.975 0.0000000000
91185  46.728  -23.512  27.643 0.0000000000
91186  46.178  -23.292  27.563 0.0000000000
92490  44.422  -22.549  27.279 0.0000000000
93778  43.848  -21.949  26.688 0.0000000000
58602  19.491  -47.364  49.073 0.0000000000
58603  18.955  -47.834  48.521 0.0000000000
57349  17.923  -48.842  48.365 0.0000000000
57342  17.940  -48.762  49.355 0.0000000000
56155  17.690  -49.153  47.605 0.0000000000
53553  13.238  -52.620  50.097 0.0000000000
52317  13.140  -53.395  48.374 0.0000000000
48537  12.132  -56.340  44.441 0.0000000000
76697  37.257  -36.343  42.268 0.0000000000
75364  36.635  -37.106  40.920 0.0000000000
73945  36.449  -37.918  39.286 0.0000000000
72516  36.483  -38.839  39.018 0.0000000000
69926  36.737  -39.812  37.934 0.0000000000
71132  37.173  -39.189  39.792 0.0000000000
69914  36.937  -39.783  38.722 0.0000000000
68769  36.706  -40.113  37.874 0.0000000000
67493  36.046  -40.595  37.917 0.0000000000
67472  35.086  -40.610  38.034 0.0000000000
66292  34.147  -40.759  37.795 0.0000000000
62351  28.400  -43.454  43.534 0.0000000000
64940  29.755  -42.414  44.569 0.0000000000
63704  29.320  -42.713  43.887 0.0000000000
63722  29.267  -42.751  43.277 0.0000000000
64974  29.747  -42.538  42.848 0.0000000000
63755  29.180  -42.847  42.509 0.0000000000
64973  30.433  -42.020  42.493 0.0000000000
64987  30.386  -42.117  42.055 0.0000000000
66201  30.273  -42.096  41.749 0.0000000000
66218  30.332  -41.698  41.273 0.0000000000
66217  31.427  -41.126  41.020 0.0000000000
66232  29.521  -42.239  39.804 0.0000000000
65034  28.534  -43.463  38.682 0.0000000000
65047  28.909  -42.861  38.643 0.0000000000
79342  33.004  -32.589  33.472 0.0000000000
99896  58.899  -16.869  22.706 0.0000000000
99933  58.267  -17.473  20.556 0.0000000000
88520  40.273  -25.011  29.718 0.0000000000
87211  39.708  -25.736  30.120 0.0000000000
84458  40.842  -27.533  32.140 0.0000000000
84474  40.237  -27.828  31.537 0.0000000000
84475  39.622  -27.962  31.163 0.0000000000
83160  39.381  -28.775  31.322 0.0000000000
91076  45.109  -23.961  34.327 0.0000000000
91075  45.886  -23.675  33.841 0.0000000000
88476  46.312  -24.605  31.322 0.0000000000
87154  45.683  -24.919  31.052 0.0000000000
87207  43.582  -24.915  30.374 0.0000000000
67304  32.564  -41.314  50.506 0.0000000000
67318  33.101  -40.754  49.933 0.0000000000
67319  32.301  -41.239  49.784 0.0000000000
67334  31.757  -41.297  49.246 0.0000000000
66119  29.655  -42.380  48.157 0.0000000000
66118  30.177  -41.852  47.959 0.0000000000
66135  30.181  -41.639  47.025 0.0000000000
64905  29.678  -42.137  46.373 0.0000000000
62314  26.545  -44.250  46.039 0.0000000000
62313  27.209  -44.230  46.267 0.0000000000
62325  27.078  -44.309  45.392 0.0000000000
61028  25.766  -44.633  43.057 0.0000000000
61016  26.584  -44.548  44.430 0.0000000000
62324  27.694  -44.080  45.249 0.0000000000
62339  27.791  -44.124  44.139 0.0000000000
62338  28.270  -43.575  44.558 0.0000000000
62337  28.460  -43.321  44.139 0.0000000000
61069  27.957  -44.730  42.465 0.0000000000
61095  26.242  -45.374  40.060 0.0000000000
61094  26.933  -45.322  40.440 0.0000000000
62486  22.360  -45.890  36.983 0.0000000000
75454  33.547  -36.653  35.626 0.0000000000
97576  53.478  -19.400  25.609 0.0000000000
97577  49.407  -18.892  24.972 0.0000000000
97595  50.768  -19.026  24.848 0.0000000000
97594  51.582  -19.022  24.866 0.0000000000
97593  52.357  -19.016  25.108 0.0000000000
97592  53.177  -18.972  25.399 0.0000000000
97591  53.492  -18.560  25.562 0.0000000000
98698  53.905  -17.948  25.863 0.0000000000
98699  53.641  -17.634  25.553 0.0000000000
99885  53.756  -17.010  25.521 0.0000000000
101140  52.663  -16.427  24.045 0.0000000000
101130  53.655  -16.254  24.835 0.0000000000
101129  54.138  -16.151  25.234 0.0000000000
102352  54.217  -15.623  24.369 0.0000000000
102372  55.263  -15.381  22.362 0.0000000000
61029  19.827  -45.918  44.273 0.0000000000
62318  20.552  -45.501  46.202 0.0000000000
62317  20.451  -45.678  46.908 0.0000000000
63644  21.079  -44.549  48.131 0.0000000000
62298  20.581  -45.330  47.592 0.0000000000
61008  20.306  -45.910  47.266 0.0000000000
60998  20.339  -45.884  47.969 0.0000000000
60988  20.035  -46.331  48.125 0.0000000000
63588  22.584  -44.019  51.314 0.0000000000
62247  21.884  -44.600  51.119 0.0000000000
62234  21.404  -44.833  51.270 0.0000000000
62248  21.114  -44.994  50.587 0.0000000000
60978  20.448  -45.730  49.908 0.0000000000
59821  20.104  -46.300  49.494 0.0000000000
59806  19.852  -46.825  49.671 0.0000000000
58580  19.528  -47.413  50.809 0.0000000000
58574  19.655  -47.487  51.591 0.0000000000
66056  30.560  -41.954  50.301 0.0000000000
66038  30.051  -42.365  50.617 0.0000000000
66057  29.960  -42.459  49.939 0.0000000000
64837  29.339  -42.850  49.467 0.0000000000
63621  28.360  -43.387  49.067 0.0000000000
63640  27.541  -43.684  48.768 0.0000000000
62261  26.994  -44.049  48.867 0.0000000000
62278  26.599  -44.091  47.897 0.0000000000
63659  25.755  -43.880  47.301 0.0000000000
64907  24.279  -43.397  46.282 0.0000000000
64908  23.490  -43.321  46.103 0.0000000000
64925  22.231  -43.244  45.445 0.0000000000
92526  51.574  -22.650  25.569 0.0000000000
91221  49.964  -23.041  26.387 0.0000000000
92527  50.695  -22.713  26.098 0.0000000000
95095  49.218  -20.814  25.580 0.0000000000
92506  46.690  -22.269  26.935 0.0000000000
92487  47.054  -22.226  26.777 0.0000000000
93787  47.275  -21.901  26.574 0.0000000000
95057  47.100  -21.179  26.239 0.0000000000
95076  47.468  -20.693  25.777 0.0000000000
58678  19.703  -47.436  43.673 0.0000000000
56268  18.062  -49.827  42.193 0.0000000000
58635  19.203  -48.174  47.063 0.0000000000
57372  19.145  -48.306  46.522 0.0000000000
57389  18.961  -48.676  45.573 0.0000000000
56192  17.930  -49.273  46.014 0.0000000000
56213  18.489  -49.113  45.475 0.0000000000
56232  18.763  -49.003  44.889 0.0000000000
56269  17.555  -50.423  41.700 0.0000000000
54949  16.998  -50.920  41.147 0.0000000000
54950  16.304  -51.414  41.731 0.0000000000
56143  16.381  -49.407  49.527 0.0000000000
54881  15.221  -51.235  46.079 0.0000000000
53563  13.864  -51.983  48.647 0.0000000000
53574  13.902  -52.128  47.910 0.0000000000
52322  13.649  -52.922  46.897 0.0000000000
53586  13.908  -52.297  47.039 0.0000000000
54867  14.228  -51.715  47.662 0.0000000000
53585  14.491  -51.714  46.415 0.0000000000
54897  15.205  -51.627  45.302 0.0000000000
53654  15.064  -52.244  44.108 0.0000000000
53669  14.582  -52.845  42.625 0.0000000000
45893  9.666  -58.584  47.875 0.0000000000
44522  9.387  -59.226  47.200 0.0000000000
44538  8.768  -59.987  46.444 0.0000000000
44511  9.234  -59.143  48.005 0.0000000000
81793  41.676  -29.945  35.846 0.0000000000
79303  38.842  -30.459  36.821 0.0000000000
79304  37.657  -30.630  37.049 0.0000000000
78066  34.399  -34.879  37.629 0.0000000000
73981  33.776  -37.307  35.765 0.0000000000
75440  34.602  -37.251  37.015 0.0000000000
73997  33.904  -38.419  35.208 0.0000000000
71208  33.927  -39.484  34.210 0.0000000000
69993  33.815  -39.790  33.715 0.0000000000
71171  35.385  -39.495  36.683 0.0000000000
69954  35.757  -39.890  36.810 0.0000000000
69955  35.109  -39.863  36.158 0.0000000000
69971  34.301  -39.988  34.486 0.0000000000
68852  33.579  -40.236  32.460 0.0000000000
68832  33.328  -40.525  33.071 0.0000000000
67602  32.503  -41.262  32.216 0.0000000000
67576  32.463  -40.752  33.519 0.0000000000
69861  38.196  -39.493  43.611 0.0000000000
67332  33.116  -40.551  49.304 0.0000000000
68623  34.012  -40.204  48.245 0.0000000000
68640  33.345  -40.293  47.596 0.0000000000
68637  35.637  -39.707  46.605 0.0000000000
66153  32.075  -40.603  44.216 0.0000000000
67375  32.707  -40.355  44.961 0.0000000000
68654  34.808  -39.848  45.973 0.0000000000
68653  35.655  -39.992  45.683 0.0000000000
67372  35.489  -40.455  44.039 0.0000000000
68669  37.306  -40.155  44.171 0.0000000000
68686  37.652  -40.283  43.253 0.0000000000
68701  38.174  -40.011  42.523 0.0000000000
67406  37.031  -40.595  41.688 0.0000000000
66195  35.919  -41.228  40.357 0.0000000000
66196  35.396  -41.176  40.837 0.0000000000
66213  35.410  -41.286  39.997 0.0000000000
66249  34.549  -41.153  39.016 0.0000000000
66273  34.285  -40.947  38.442 0.0000000000
66293  33.479  -40.675  37.525 0.0000000000
66230  31.911  -40.960  40.020 0.0000000000
66275  32.803  -40.619  37.994 0.0000000000
66294  32.854  -40.613  37.296 0.0000000000
67498  32.265  -40.538  36.660 0.0000000000
67525  29.621  -41.070  34.560 0.0000000000
68806  30.020  -41.332  33.415 0.0000000000
81794  41.402  -30.176  35.616 0.0000000000
80546  41.013  -30.407  34.964 0.0000000000
80548  39.873  -30.574  34.459 0.0000000000
80530  39.388  -30.565  35.015 0.0000000000
80549  39.093  -30.482  34.348 0.0000000000
80568  39.700  -30.451  33.714 0.0000000000
81851  37.378  -30.156  32.117 0.0000000000
80533  36.056  -30.611  35.163 0.0000000000
80553  34.492  -30.832  33.834 0.0000000000
81852  36.941  -30.120  31.969 0.0000000000
101155  56.145  -16.056  21.331 0.0000000000
101163  56.410  -16.319  21.134 0.0000000000
99935  56.603  -16.703  20.542 0.0000000000
49781  12.224  -56.442  44.088 0.0000000000
56212  18.759  -48.932  45.315 0.0000000000
56313  17.998  -51.459  40.230 0.0000000000
57343  17.581  -49.145  49.721 0.0000000000
57371  19.365  -48.050  46.503 0.0000000000
57390  18.666  -48.875  45.804 0.0000000000
58619  19.113  -48.017  47.625 0.0000000000
60951  21.362  -44.854  51.584 0.0000000000
61014  27.341  -44.276  44.923 0.0000000000
61015  27.029  -44.406  44.711 0.0000000000
61017  26.241  -44.655  44.155 0.0000000000
61024  27.448  -44.315  44.409 0.0000000000
61026  26.663  -44.735  43.709 0.0000000000
61039  27.149  -44.971  43.283 0.0000000000
61052  27.882  -44.519  43.124 0.0000000000
61055  26.588  -45.289  42.124 0.0000000000
61070  27.585  -45.105  42.048 0.0000000000
61092  27.918  -44.811  41.731 0.0000000000
61097  25.156  -44.706  39.633 0.0000000000
62262  26.786  -44.070  48.565 0.0000000000
62276  27.566  -43.704  48.366 0.0000000000
62277  27.217  -43.949  48.372 0.0000000000
62293  27.642  -43.774  47.786 0.0000000000
62296  25.960  -44.007  46.663 0.0000000000
62311  28.258  -43.682  46.382 0.0000000000
62315  25.962  -44.233  45.763 0.0000000000
62323  28.246  -43.705  45.764 0.0000000000
62328  25.463  -44.312  44.669 0.0000000000
62340  25.865  -44.590  44.231 0.0000000000
62352  28.017  -44.051  43.573 0.0000000000
62353  27.796  -44.286  43.646 0.0000000000
62438  21.862  -44.884  39.311 0.0000000000
62463  24.475  -44.332  37.822 0.0000000000
63609  21.611  -44.502  49.940 0.0000000000
63623  27.254  -43.794  49.239 0.0000000000
63658  28.114  -43.569  47.520 0.0000000000
63660  25.307  -43.711  46.995 0.0000000000
63661  20.883  -44.632  47.323 0.0000000000
63662  20.817  -44.728  46.676 0.0000000000
63690  28.585  -43.316  45.471 0.0000000000
63705  28.797  -42.970  44.375 0.0000000000
63706  28.621  -43.203  44.905 0.0000000000
63723  28.838  -42.957  43.574 0.0000000000
63740  28.805  -43.094  42.877 0.0000000000
63756  28.948  -43.282  42.061 0.0000000000
63758  22.097  -43.958  41.269 0.0000000000
63799  21.208  -45.308  40.140 0.0000000000
63841  22.664  -45.299  37.398 0.0000000000
64795  24.388  -43.499  51.095 0.0000000000
64818  23.798  -43.378  50.460 0.0000000000
64819  22.822  -43.616  50.718 0.0000000000
64841  21.984  -43.808  49.457 0.0000000000
64883  28.912  -43.084  47.858 0.0000000000
64923  29.265  -42.601  45.803 0.0000000000
64959  22.088  -43.416  43.708 0.0000000000
64989  29.165  -43.061  41.637 0.0000000000
66058  23.248  -43.432  50.351 0.0000000000
66060  22.542  -43.608  49.761 0.0000000000
66076  29.849  -42.421  49.319 0.0000000000
66079  22.622  -43.545  49.352 0.0000000000
66096  23.579  -43.307  49.296 0.0000000000
66098  22.420  -43.540  48.950 0.0000000000
66212  35.949  -41.195  39.760 0.0000000000
66225  35.939  -41.131  39.407 0.0000000000
66226  35.563  -41.209  39.337 0.0000000000
66248  35.139  -41.212  38.998 0.0000000000
66271  35.402  -41.054  38.743 0.0000000000
66291  34.643  -40.717  38.068 0.0000000000
67317  33.735  -40.610  50.471 0.0000000000
67429  36.876  -40.508  39.970 0.0000000000
67430  36.426  -40.963  40.201 0.0000000000
67439  35.900  -41.072  39.190 0.0000000000
67448  37.009  -40.331  38.940 0.0000000000
67449  36.440  -40.573  38.756 0.0000000000
67450  35.821  -40.984  38.951 0.0000000000
67454  29.166  -41.639  37.565 0.0000000000
67470  36.182  -40.609  38.286 0.0000000000
67494  35.538  -40.517  37.611 0.0000000000
68609  33.135  -40.461  48.999 0.0000000000
68685  38.211  -40.032  43.066 0.0000000000
68702  37.784  -40.273  42.344 0.0000000000
68721  37.320  -40.198  40.518 0.0000000000
68728  37.419  -39.854  40.285 0.0000000000
68736  37.287  -39.880  39.657 0.0000000000
68739  29.616  -41.209  37.588 0.0000000000
68740  29.438  -41.386  37.604 0.0000000000
68753  36.931  -40.068  38.364 0.0000000000
68754  36.532  -40.350  38.177 0.0000000000
68755  29.464  -41.265  37.362 0.0000000000
68771  35.702  -40.324  37.082 0.0000000000
68787  34.758  -40.327  35.827 0.0000000000
68833  30.215  -41.427  33.106 0.0000000000
69890  37.624  -38.953  42.419 0.0000000000
69899  37.492  -39.429  40.854 0.0000000000
69913  37.126  -39.684  39.386 0.0000000000
69941  36.652  -40.049  37.583 0.0000000000
71095  37.696  -38.677  42.676 0.0000000000
71142  36.575  -39.405  38.549 0.0000000000
71190  33.857  -39.253  34.290 0.0000000000
72489  37.112  -38.305  40.359 0.0000000000
72549  35.593  -39.134  37.165 0.0000000000
73896  37.862  -37.503  43.110 0.0000000000
73946  35.939  -37.434  39.104 0.0000000000
73955  36.266  -38.433  38.754 0.0000000000
75386  36.143  -36.511  39.843 0.0000000000
76716  37.141  -36.734  41.803 0.0000000000
76744  35.837  -35.582  39.930 0.0000000000
77990  36.865  -35.363  42.387 0.0000000000
80513  40.882  -30.422  35.828 0.0000000000
80515  39.660  -30.569  35.594 0.0000000000
80527  41.144  -30.336  35.462 0.0000000000
80547  40.532  -30.462  34.616 0.0000000000
80607  38.249  -30.211  32.175 0.0000000000
81802  41.347  -30.148  35.171 0.0000000000
81818  40.991  -30.112  34.513 0.0000000000
81835  40.417  -30.168  33.452 0.0000000000
81849  39.818  -30.252  32.578 0.0000000000
81877  37.868  -29.600  31.099 0.0000000000
84420  41.156  -28.782  34.180 0.0000000000
84447  40.896  -27.919  32.831 0.0000000000
85765  42.365  -28.002  35.863 0.0000000000
87099  42.392  -26.755  35.740 0.0000000000
87111  42.291  -27.445  35.661 0.0000000000
87112  42.253  -26.942  35.346 0.0000000000
87121  41.869  -27.077  34.415 0.0000000000
87133  42.008  -26.363  34.066 0.0000000000
87146  42.125  -26.021  33.562 0.0000000000
87164  45.122  -25.084  30.913 0.0000000000
87165  44.228  -25.244  31.126 0.0000000000
88428  42.554  -26.447  36.024 0.0000000000
88443  44.463  -24.426  33.438 0.0000000000
88446  42.200  -26.156  34.979 0.0000000000
88458  42.210  -25.944  34.356 0.0000000000
88465  45.560  -24.661  31.961 0.0000000000
88469  42.322  -25.847  33.845 0.0000000000
89762  42.872  -25.986  36.270 0.0000000000
89773  42.645  -25.817  35.787 0.0000000000
89785  43.932  -24.510  34.092 0.0000000000
89846  40.467  -24.618  29.077 0.0000000000
91041  43.545  -25.202  36.351 0.0000000000
91077  44.257  -24.290  34.666 0.0000000000
91093  43.743  -24.498  34.647 0.0000000000
91220  50.577  -23.267  26.386 0.0000000000
92488  46.818  -22.083  26.766 0.0000000000
92503  51.499  -23.368  25.982 0.0000000000
92530  48.320  -22.173  26.580 0.0000000000
93774  47.215  -22.116  26.688 0.0000000000
93775  47.014  -22.012  26.652 0.0000000000
93776  45.304  -21.993  26.989 0.0000000000
93809  50.987  -22.135  25.634 0.0000000000
95074  49.469  -21.193  25.697 0.0000000000
95094  49.628  -20.691  25.543 0.0000000000
96389  53.263  -20.407  25.542 0.0000000000
96390  49.098  -19.577  25.341 0.0000000000
97575  53.707  -18.896  25.756 0.0000000000
97596  49.929  -19.085  24.959 0.0000000000
97597  49.489  -19.220  25.149 0.0000000000
98715  53.635  -18.359  25.656 0.0000000000
99905  48.977  -18.123  23.743 0.0000000000
101139  53.221  -16.386  24.444 0.0000000000
101147  52.352  -16.198  23.371 0.0000000000
102339  54.675  -15.648  24.997 0.0000000000
102380  56.153  -15.858  21.646 0.0000000000
165724  46.396  -24.936  30.265 0.0000000000
