#!ascii label  , from subject sub-01 vox2ras=TkReg
1216
48459  29.981  -57.432  50.686 0.0000000000
76691  48.656  -35.940  41.391 0.0000000000
81738  54.045  -31.659  39.435 0.0000000000
63653  44.824  -45.601  47.047 0.0000000000
56095  34.743  -52.470  51.744 0.0000000000
48440  35.303  -57.157  51.453 0.0000000000
81711  51.473  -32.121  40.930 0.0000000000
76596  49.743  -35.156  46.547 0.0000000000
58594  43.204  -48.699  47.898 0.0000000000
53677  36.591  -53.680  42.014 0.0000000000
85812  59.085  -28.557  30.504 0.0000000000
85777  53.677  -29.076  34.003 0.0000000000
69813  44.119  -40.776  47.993 0.0000000000
73758  46.673  -36.910  49.672 0.0000000000
50890  32.680  -54.373  53.257 0.0000000000
49706  32.715  -56.622  51.296 0.0000000000
79203  50.336  -33.998  41.271 0.0000000000
81611  51.497  -32.543  44.946 0.0000000000
81614  49.576  -33.176  45.543 0.0000000000
51073  44.998  -55.724  43.898 0.0000000000
50999  36.775  -55.555  48.067 0.0000000000
53593  35.709  -53.886  46.272 0.0000000000
51041  36.893  -56.135  45.266 0.0000000000
88462  59.289  -27.288  31.891 0.0000000000
81841  56.443  -30.819  31.724 0.0000000000
84391  57.068  -29.257  33.673 0.0000000000
85741  51.496  -28.885  37.245 0.0000000000
85779  51.942  -29.408  34.725 0.0000000000
85739  53.686  -29.255  37.170 0.0000000000
81781  51.923  -31.219  36.058 0.0000000000
79274  52.685  -32.633  38.017 0.0000000000
62271  44.447  -46.686  48.402 0.0000000000
64757  42.632  -44.062  51.936 0.0000000000
67258  44.854  -42.329  50.788 0.0000000000
73779  44.864  -38.465  48.510 0.0000000000
67296  46.205  -41.203  49.557 0.0000000000
69819  46.697  -39.827  47.444 0.0000000000
66128  45.488  -43.419  46.783 0.0000000000
52221  35.999  -54.483  52.379 0.0000000000
83026  49.540  -30.246  37.548 0.0000000000
84295  52.870  -30.602  40.248 0.0000000000
79170  53.079  -33.509  42.902 0.0000000000
75278  51.732  -36.382  44.533 0.0000000000
54941  41.049  -51.505  42.363 0.0000000000
54902  43.089  -52.306  44.740 0.0000000000
54870  45.084  -52.467  46.001 0.0000000000
57400  44.545  -50.709  45.175 0.0000000000
59864  43.370  -48.653  44.186 0.0000000000
57445  38.228  -50.155  41.779 0.0000000000
53685  40.152  -53.508  40.329 0.0000000000
84483  57.863  -28.858  28.099 0.0000000000
85803  55.442  -28.588  32.651 0.0000000000
84409  53.963  -29.926  33.514 0.0000000000
80542  51.070  -32.067  33.452 0.0000000000
79145  47.440  -34.192  46.172 0.0000000000
76555  47.528  -35.806  48.068 0.0000000000
73824  47.427  -37.196  46.160 0.0000000000
47156  30.274  -58.383  51.087 0.0000000000
48458  31.024  -57.526  50.849 0.0000000000
47154  32.358  -58.623  51.389 0.0000000000
77983  49.652  -34.926  41.301 0.0000000000
79172  50.253  -33.939  43.597 0.0000000000
77935  49.172  -35.006  43.494 0.0000000000
51024  36.826  -55.983  46.221 0.0000000000
87151  57.939  -27.696  31.439 0.0000000000
87114  58.393  -28.152  32.609 0.0000000000
87138  57.455  -28.124  32.198 0.0000000000
87050  53.695  -28.765  38.384 0.0000000000
87078  53.254  -28.484  37.496 0.0000000000
84349  54.455  -30.022  38.065 0.0000000000
81779  53.093  -31.037  37.331 0.0000000000
62290  44.703  -46.726  47.426 0.0000000000
63596  44.611  -44.830  49.853 0.0000000000
63616  45.286  -44.347  49.196 0.0000000000
67298  45.559  -42.318  50.052 0.0000000000
64850  45.584  -43.830  48.261 0.0000000000
66110  45.714  -43.089  47.511 0.0000000000
64875  45.378  -44.411  47.516 0.0000000000
53503  34.356  -54.203  53.118 0.0000000000
52267  35.253  -55.698  51.890 0.0000000000
49686  37.000  -55.840  51.197 0.0000000000
80434  49.742  -32.413  39.405 0.0000000000
81751  49.585  -31.315  37.959 0.0000000000
83006  50.524  -31.033  38.861 0.0000000000
84316  51.381  -30.274  38.985 0.0000000000
82993  51.850  -31.057  40.491 0.0000000000
81687  53.204  -32.346  41.444 0.0000000000
81689  52.619  -32.510  42.144 0.0000000000
77878  50.735  -34.082  46.020 0.0000000000
77909  51.622  -34.376  45.120 0.0000000000
76613  50.830  -35.343  45.569 0.0000000000
72378  50.733  -37.089  45.160 0.0000000000
73820  50.278  -36.326  45.590 0.0000000000
53663  41.946  -53.060  42.037 0.0000000000
54921  42.322  -51.874  44.053 0.0000000000
53648  43.034  -53.495  43.468 0.0000000000
52337  45.221  -54.320  45.219 0.0000000000
56201  45.028  -51.932  45.643 0.0000000000
53649  35.823  -53.679  43.892 0.0000000000
56240  35.828  -51.860  43.630 0.0000000000
56280  36.989  -51.749  41.244 0.0000000000
56300  38.747  -51.989  40.578 0.0000000000
53687  38.261  -53.569  40.430 0.0000000000
89793  60.361  -26.727  30.559 0.0000000000
84462  58.382  -28.867  29.243 0.0000000000
81843  54.847  -31.588  31.616 0.0000000000
85778  52.976  -29.165  34.510 0.0000000000
84411  52.595  -29.417  33.142 0.0000000000
85805  53.490  -28.906  32.940 0.0000000000
84426  54.161  -29.318  32.379 0.0000000000
87131  54.286  -28.527  33.634 0.0000000000
87118  55.292  -28.569  33.608 0.0000000000
84395  53.152  -29.510  34.246 0.0000000000
80495  51.795  -32.008  36.391 0.0000000000
81790  51.486  -31.360  35.152 0.0000000000
58595  42.482  -48.457  47.840 0.0000000000
60957  42.267  -46.723  50.045 0.0000000000
69806  43.773  -41.617  49.628 0.0000000000
67299  42.835  -42.666  49.989 0.0000000000
73777  45.628  -37.485  49.240 0.0000000000
75246  45.203  -37.119  46.992 0.0000000000
76579  45.638  -35.957  48.129 0.0000000000
79147  45.802  -35.403  45.430 0.0000000000
77868  46.220  -34.993  48.003 0.0000000000
79108  47.267  -34.503  48.103 0.0000000000
76540  46.912  -35.796  49.559 0.0000000000
68629  46.459  -40.765  46.236 0.0000000000
72362  46.939  -38.064  46.959 0.0000000000
71037  46.727  -39.189  45.652 0.0000000000
72435  47.391  -38.576  43.908 0.0000000000
50933  32.473  -55.156  52.280 0.0000000000
49705  33.885  -56.624  51.422 0.0000000000
48454  34.857  -57.768  51.552 0.0000000000
47153  33.438  -58.747  51.636 0.0000000000
80398  50.991  -33.219  41.157 0.0000000000
81663  52.592  -33.045  43.342 0.0000000000
80368  51.305  -33.438  43.497 0.0000000000
81591  50.414  -33.156  45.956 0.0000000000
79118  50.083  -33.746  46.779 0.0000000000
54832  35.978  -54.217  49.601 0.0000000000
53557  35.190  -53.612  49.137 0.0000000000
52320  36.131  -54.558  47.633 0.0000000000
51042  36.520  -55.227  45.491 0.0000000000
51076  36.751  -55.446  43.509 0.0000000000
51116  37.576  -55.175  41.642 0.0000000000
49802  37.736  -56.496  42.960 0.0000000000
87136  60.031  -27.599  31.768 0.0000000000
83119  57.338  -30.059  31.040 0.0000000000
83098  58.494  -29.417  32.215 0.0000000000
81810  56.555  -30.503  32.634 0.0000000000
81825  55.372  -31.006  32.369 0.0000000000
85743  50.055  -29.277  36.465 0.0000000000
87110  51.669  -28.648  36.341 0.0000000000
87108  52.793  -28.493  36.014 0.0000000000
85757  53.109  -28.999  35.473 0.0000000000
84380  53.030  -29.360  35.727 0.0000000000
83041  53.007  -30.424  36.728 0.0000000000
80494  52.428  -31.853  36.823 0.0000000000
60983  44.074  -47.519  48.686 0.0000000000
62241  43.292  -46.102  49.985 0.0000000000
62240  43.952  -45.798  49.692 0.0000000000
66013  43.677  -43.192  51.553 0.0000000000
69783  44.234  -41.196  50.191 0.0000000000
72349  44.725  -39.143  48.397 0.0000000000
70975  44.816  -40.827  50.335 0.0000000000
69781  45.928  -40.360  49.933 0.0000000000
70989  46.371  -39.137  49.456 0.0000000000
70998  46.713  -38.633  48.917 0.0000000000
68586  46.476  -40.432  48.854 0.0000000000
68630  46.322  -41.470  46.894 0.0000000000
67356  45.639  -42.520  45.995 0.0000000000
54755  32.609  -52.451  54.910 0.0000000000
54767  34.541  -52.657  53.524 0.0000000000
54785  35.578  -53.322  52.195 0.0000000000
53543  36.935  -54.902  50.252 0.0000000000
50986  37.492  -56.251  49.220 0.0000000000
85723  50.900  -29.349  37.627 0.0000000000
84332  52.126  -29.748  38.846 0.0000000000
84293  54.098  -30.734  39.480 0.0000000000
81708  53.555  -32.258  40.545 0.0000000000
77957  53.370  -34.601  42.332 0.0000000000
75306  53.098  -36.133  42.818 0.0000000000
79142  52.239  -33.297  44.316 0.0000000000
76640  52.379  -35.362  43.805 0.0000000000
57422  40.589  -49.719  43.309 0.0000000000
57401  41.632  -49.900  44.428 0.0000000000
56204  42.553  -50.982  45.269 0.0000000000
57366  43.174  -50.471  46.238 0.0000000000
53628  43.804  -53.463  44.825 0.0000000000
54886  44.079  -52.499  45.792 0.0000000000
57355  43.950  -50.048  47.144 0.0000000000
58606  44.419  -49.761  47.056 0.0000000000
59838  44.559  -48.827  46.852 0.0000000000
59839  44.480  -48.790  46.313 0.0000000000
62308  44.126  -46.839  45.949 0.0000000000
57419  44.142  -50.524  44.443 0.0000000000
56258  39.531  -50.876  41.549 0.0000000000
54977  40.587  -52.505  40.835 0.0000000000
53684  41.114  -53.522  40.660 0.0000000000
51138  39.176  -55.322  40.700 0.0000000000
51137  40.199  -55.485  40.407 0.0000000000
85865  59.354  -27.896  27.723 0.0000000000
85813  56.377  -28.611  31.752 0.0000000000
87117  56.124  -28.425  33.576 0.0000000000
83064  55.877  -30.172  33.774 0.0000000000
81813  53.846  -31.205  32.951 0.0000000000
84396  52.547  -30.090  34.471 0.0000000000
81797  52.091  -31.194  33.467 0.0000000000
81815  51.896  -31.656  32.916 0.0000000000
66015  41.906  -43.626  52.442 0.0000000000
79176  46.712  -35.276  44.290 0.0000000000
77936  48.166  -35.215  43.658 0.0000000000
80340  48.142  -33.846  46.022 0.0000000000
80269  48.606  -34.243  47.142 0.0000000000
76576  48.670  -35.233  47.123 0.0000000000
73791  47.049  -37.377  48.397 0.0000000000
75244  48.024  -36.314  46.949 0.0000000000
75260  48.698  -36.122  46.074 0.0000000000
73838  48.876  -37.220  45.004 0.0000000000
63672  44.105  -46.231  45.585 0.0000000000
64913  44.266  -44.969  45.050 0.0000000000
45814  29.673  -58.970  51.554 0.0000000000
47157  29.189  -58.293  51.136 0.0000000000
76690  49.250  -35.551  41.845 0.0000000000
77959  49.528  -35.324  42.499 0.0000000000
87137  58.109  -27.635  31.922 0.0000000000
87152  56.841  -28.396  31.881 0.0000000000
84313  54.372  -29.965  39.115 0.0000000000
85701  54.074  -28.928  38.299 0.0000000000
81749  54.287  -30.790  38.632 0.0000000000
81765  53.882  -30.961  38.297 0.0000000000
80475  53.832  -31.895  38.778 0.0000000000
63635  45.058  -45.574  47.989 0.0000000000
63617  45.100  -45.127  49.001 0.0000000000
64851  45.373  -44.692  48.353 0.0000000000
64830  45.494  -43.591  49.249 0.0000000000
49690  34.730  -56.514  51.507 0.0000000000
52268  34.607  -55.258  52.208 0.0000000000
50929  35.225  -56.139  51.622 0.0000000000
49703  35.591  -56.805  51.464 0.0000000000
81726  50.857  -31.929  40.190 0.0000000000
81727  50.346  -31.892  39.474 0.0000000000
82995  50.857  -31.327  39.629 0.0000000000
82994  51.425  -31.178  40.142 0.0000000000
82981  51.753  -31.450  40.744 0.0000000000
82963  52.409  -31.958  41.387 0.0000000000
81710  51.852  -31.808  41.146 0.0000000000
77879  50.512  -34.325  46.286 0.0000000000
77897  50.704  -34.830  45.788 0.0000000000
76595  50.382  -35.117  46.177 0.0000000000
75241  50.126  -35.648  46.059 0.0000000000
53674  42.238  -53.601  41.808 0.0000000000
54939  42.474  -52.982  43.167 0.0000000000
53662  42.472  -53.463  42.607 0.0000000000
53664  36.211  -53.724  42.905 0.0000000000
54922  35.918  -52.761  43.174 0.0000000000
54942  36.303  -52.822  42.278 0.0000000000
56281  36.465  -52.254  41.795 0.0000000000
54962  36.709  -52.809  41.540 0.0000000000
54980  37.748  -52.866  40.472 0.0000000000
53676  37.047  -53.634  41.298 0.0000000000
87149  60.360  -27.385  30.982 0.0000000000
88482  60.630  -27.016  30.422 0.0000000000
85820  59.587  -28.117  30.197 0.0000000000
85821  59.089  -28.530  29.774 0.0000000000
84449  58.528  -28.952  30.280 0.0000000000
85793  53.935  -28.746  33.605 0.0000000000
87120  54.148  -28.720  33.727 0.0000000000
87119  54.467  -28.656  33.664 0.0000000000
79295  51.178  -32.741  36.641 0.0000000000
79311  50.829  -32.583  35.694 0.0000000000
59813  42.708  -48.106  48.487 0.0000000000
59794  43.030  -47.718  48.989 0.0000000000
69820  44.021  -40.886  47.039 0.0000000000
73776  46.145  -36.808  49.313 0.0000000000
75211  45.526  -36.871  48.674 0.0000000000
76558  45.777  -36.340  48.585 0.0000000000
77869  46.009  -35.238  47.878 0.0000000000
76556  46.663  -36.216  49.343 0.0000000000
77840  46.847  -35.220  49.590 0.0000000000
75189  46.934  -36.386  49.730 0.0000000000
68645  46.432  -40.768  45.695 0.0000000000
69833  46.528  -40.194  45.479 0.0000000000
69846  46.459  -40.450  44.859 0.0000000000
71050  46.525  -39.929  44.687 0.0000000000
49707  31.650  -56.604  51.150 0.0000000000
50956  32.135  -55.730  51.578 0.0000000000
50955  33.147  -55.694  51.679 0.0000000000
48455  34.111  -57.773  51.445 0.0000000000
48456  33.145  -57.674  51.318 0.0000000000
78002  49.437  -34.341  40.592 0.0000000000
79217  49.221  -33.674  40.150 0.0000000000
79216  49.894  -33.895  40.692 0.0000000000
80416  50.182  -32.866  40.223 0.0000000000
80399  50.371  -33.491  40.815 0.0000000000
80385  51.309  -33.507  42.493 0.0000000000
79202  50.663  -34.008  41.993 0.0000000000
81637  49.755  -33.236  45.002 0.0000000000
81636  50.226  -32.977  44.889 0.0000000000
81613  50.318  -32.925  45.415 0.0000000000
81572  50.657  -32.981  46.709 0.0000000000
81573  49.710  -33.702  46.972 0.0000000000
52312  36.620  -55.054  48.816 0.0000000000
52313  36.350  -54.767  48.268 0.0000000000
51000  36.433  -54.980  47.839 0.0000000000
51025  36.440  -55.167  46.452 0.0000000000
51059  36.580  -55.356  44.484 0.0000000000
51075  37.308  -56.042  43.323 0.0000000000
88474  58.874  -27.039  31.042 0.0000000000
88473  59.782  -26.790  31.347 0.0000000000
88461  59.834  -27.296  31.870 0.0000000000
83097  59.086  -29.279  32.109 0.0000000000
84407  59.013  -28.521  32.208 0.0000000000
84390  57.760  -29.116  33.386 0.0000000000
83061  57.920  -29.335  33.012 0.0000000000
83081  56.890  -30.118  33.130 0.0000000000
81811  55.912  -30.716  32.657 0.0000000000
83082  56.263  -30.398  33.210 0.0000000000
85742  51.018  -29.041  36.801 0.0000000000
85760  51.250  -29.001  35.953 0.0000000000
87095  51.864  -28.589  36.812 0.0000000000
87077  53.708  -28.614  37.697 0.0000000000
87094  52.691  -28.371  36.758 0.0000000000
87093  53.266  -28.583  36.627 0.0000000000
87107  53.063  -28.653  35.849 0.0000000000
85740  53.435  -29.046  36.479 0.0000000000
84368  53.386  -29.670  36.690 0.0000000000
80493  52.899  -31.861  37.390 0.0000000000
79293  52.604  -32.164  37.333 0.0000000000
79294  52.153  -32.384  37.223 0.0000000000
79275  51.923  -33.201  38.080 0.0000000000
62272  44.211  -47.002  48.785 0.0000000000
62256  44.017  -46.740  49.229 0.0000000000
64808  44.939  -44.086  50.172 0.0000000000
63575  44.500  -44.120  50.603 0.0000000000
66012  44.559  -43.008  51.053 0.0000000000
68539  43.733  -42.300  51.348 0.0000000000
68538  44.538  -41.927  50.886 0.0000000000
70982  44.678  -40.539  50.077 0.0000000000
69768  44.899  -41.223  50.494 0.0000000000
67297  45.876  -41.820  49.740 0.0000000000
69782  45.608  -40.915  50.180 0.0000000000
68572  46.128  -41.056  49.755 0.0000000000
70979  46.043  -39.541  49.756 0.0000000000
68571  46.335  -40.628  49.397 0.0000000000
69804  46.490  -39.863  48.949 0.0000000000
67313  46.364  -41.283  49.058 0.0000000000
67342  46.187  -42.175  47.659 0.0000000000
67349  45.668  -42.746  46.625 0.0000000000
66137  45.077  -43.477  45.688 0.0000000000
53489  31.783  -53.852  54.004 0.0000000000
54757  31.843  -52.924  54.992 0.0000000000
52200  32.684  -53.668  53.935 0.0000000000
53515  35.088  -54.464  52.704 0.0000000000
53487  34.198  -53.153  53.570 0.0000000000
53486  34.853  -53.310  53.250 0.0000000000
54778  35.218  -52.977  53.012 0.0000000000
53513  36.096  -53.748  52.083 0.0000000000
53533  36.442  -54.235  50.675 0.0000000000
52244  36.475  -54.430  51.654 0.0000000000
83015  49.465  -30.907  37.595 0.0000000000
84353  49.381  -29.760  37.203 0.0000000000
84352  50.054  -29.862  37.751 0.0000000000
84297  51.979  -30.588  39.912 0.0000000000
84333  51.684  -29.810  38.650 0.0000000000
85670  52.400  -30.229  39.593 0.0000000000
85668  53.572  -29.822  39.376 0.0000000000
85650  53.302  -30.439  39.860 0.0000000000
82989  53.791  -31.617  39.918 0.0000000000
82977  53.393  -31.725  40.609 0.0000000000
80366  53.217  -32.962  42.305 0.0000000000
79187  53.501  -33.724  42.047 0.0000000000
77934  53.190  -34.341  42.864 0.0000000000
76656  53.073  -35.180  42.800 0.0000000000
76639  52.743  -34.879  43.357 0.0000000000
81634  51.851  -32.858  44.523 0.0000000000
81633  52.058  -32.497  44.054 0.0000000000
80336  51.958  -32.697  44.447 0.0000000000
76625  51.638  -35.450  44.794 0.0000000000
76624  52.037  -34.937  44.385 0.0000000000
75277  52.033  -35.838  44.192 0.0000000000
75293  52.115  -36.619  44.007 0.0000000000
73854  52.006  -37.395  44.216 0.0000000000
57442  40.754  -50.254  43.084 0.0000000000
57421  41.156  -50.237  43.529 0.0000000000
56239  41.781  -51.026  43.679 0.0000000000
54903  42.564  -51.714  44.612 0.0000000000
56223  42.284  -51.052  44.596 0.0000000000
56222  42.688  -51.527  44.995 0.0000000000
57382  42.659  -50.420  45.753 0.0000000000
56203  43.226  -51.390  45.632 0.0000000000
52360  43.459  -54.060  43.659 0.0000000000
52359  44.013  -54.526  44.092 0.0000000000
53591  45.094  -52.962  45.907 0.0000000000
53608  44.626  -53.392  45.501 0.0000000000
54872  44.429  -52.135  46.138 0.0000000000
56183  43.901  -51.568  46.265 0.0000000000
56182  44.489  -51.427  46.333 0.0000000000
57354  44.110  -50.425  46.767 0.0000000000
56163  44.639  -51.109  46.275 0.0000000000
57399  44.752  -51.147  45.519 0.0000000000
58638  44.583  -50.167  45.958 0.0000000000
57381  44.656  -50.610  45.725 0.0000000000
58639  44.496  -49.789  45.776 0.0000000000
59846  44.242  -48.790  45.666 0.0000000000
58652  44.197  -49.709  45.071 0.0000000000
53579  35.671  -53.957  47.167 0.0000000000
53569  34.869  -53.250  48.422 0.0000000000
53580  35.089  -53.286  47.449 0.0000000000
57446  37.167  -50.550  41.998 0.0000000000
58675  37.298  -49.681  42.799 0.0000000000
58696  38.319  -49.638  42.374 0.0000000000
58695  39.262  -49.445  42.735 0.0000000000
57465  38.821  -50.660  41.573 0.0000000000
54978  39.484  -52.680  40.421 0.0000000000
56299  39.622  -51.920  40.721 0.0000000000
54976  41.288  -52.971  41.010 0.0000000000
51115  38.269  -55.535  41.420 0.0000000000
51136  41.280  -55.567  40.436 0.0000000000
85850  58.844  -28.401  28.353 0.0000000000
83120  56.681  -30.592  31.398 0.0000000000
84398  51.310  -29.989  34.423 0.0000000000
84397  51.825  -29.698  34.174 0.0000000000
85804  54.766  -28.626  32.854 0.0000000000
84442  54.898  -29.335  31.712 0.0000000000
85815  55.052  -28.944  32.252 0.0000000000
85814  55.776  -28.757  32.034 0.0000000000
87140  55.725  -28.343  32.869 0.0000000000
87139  56.616  -28.270  32.666 0.0000000000
87129  55.533  -28.248  33.398 0.0000000000
84394  54.371  -29.567  33.608 0.0000000000
84393  55.432  -29.597  33.828 0.0000000000
83065  55.005  -30.128  33.564 0.0000000000
83084  54.319  -30.628  33.140 0.0000000000
84381  52.606  -29.863  35.320 0.0000000000
83052  51.978  -30.509  35.156 0.0000000000
80523  50.866  -31.835  34.567 0.0000000000
81798  51.429  -31.218  33.934 0.0000000000
63577  43.262  -45.401  50.791 0.0000000000
63556  42.505  -45.096  51.594 0.0000000000
65997  42.488  -43.524  52.918 0.0000000000
76614  45.127  -36.352  46.198 0.0000000000
79146  46.347  -34.817  45.846 0.0000000000
79161  46.154  -35.335  44.861 0.0000000000
79160  47.060  -34.785  45.201 0.0000000000
77937  47.169  -35.361  43.604 0.0000000000
79175  47.641  -34.902  44.422 0.0000000000
79159  48.201  -34.282  45.432 0.0000000000
80341  47.872  -33.760  46.423 0.0000000000
77852  47.546  -35.108  48.396 0.0000000000
80270  47.869  -34.459  47.558 0.0000000000
77850  48.406  -34.984  47.511 0.0000000000
77866  48.794  -34.957  47.127 0.0000000000
77867  48.150  -35.293  47.580 0.0000000000
69811  46.700  -39.014  48.552 0.0000000000
72331  46.872  -38.063  48.799 0.0000000000
72347  46.964  -38.114  48.360 0.0000000000
72381  47.134  -38.071  46.217 0.0000000000
73806  47.255  -37.243  47.187 0.0000000000
75245  47.728  -36.680  46.547 0.0000000000
75261  48.257  -36.400  46.115 0.0000000000
73822  49.121  -36.631  45.503 0.0000000000
73823  48.223  -36.729  45.615 0.0000000000
72417  48.114  -38.004  44.221 0.0000000000
61011  43.803  -47.806  45.574 0.0000000000
61020  43.453  -47.668  44.679 0.0000000000
48457  32.071  -57.608  51.119 0.0000000000
47155  31.305  -58.533  51.144 0.0000000000
78003  48.872  -34.860  40.288 0.0000000000
77982  50.268  -34.425  41.691 0.0000000000
79189  50.508  -34.165  43.086 0.0000000000
77958  50.194  -34.666  42.280 0.0000000000
79173  49.697  -34.067  43.930 0.0000000000
80355  49.581  -33.662  44.723 0.0000000000
49738  37.453  -56.508  48.368 0.0000000000
51011  36.757  -55.820  47.117 0.0000000000
49758  37.292  -56.553  46.934 0.0000000000
49767  37.403  -56.764  46.050 0.0000000000
87150  58.408  -27.461  31.659 0.0000000000
88451  58.742  -27.696  32.380 0.0000000000
88441  57.660  -28.154  32.855 0.0000000000
88442  57.341  -28.206  32.972 0.0000000000
87065  52.735  -28.863  38.088 0.0000000000
87079  52.545  -28.606  37.496 0.0000000000
87063  53.794  -28.440  38.095 0.0000000000
87062  54.062  -28.573  38.182 0.0000000000
84366  54.153  -29.717  37.598 0.0000000000
84367  53.771  -29.755  37.286 0.0000000000
83039  54.036  -30.257  37.674 0.0000000000
80492  53.294  -31.615  37.839 0.0000000000
62255  44.459  -45.790  49.310 0.0000000000
63595  45.143  -44.273  49.606 0.0000000000
64807  45.283  -43.599  50.082 0.0000000000
66031  45.193  -42.875  50.498 0.0000000000
66049  45.519  -42.844  49.963 0.0000000000
66069  45.722  -42.604  49.321 0.0000000000
67314  46.077  -42.070  49.066 0.0000000000
66087  45.842  -42.735  48.520 0.0000000000
66111  45.546  -43.680  47.399 0.0000000000
64896  44.876  -44.473  46.452 0.0000000000
52225  33.196  -54.199  53.351 0.0000000000
52248  34.169  -54.572  52.864 0.0000000000
52247  34.870  -54.915  52.470 0.0000000000
52246  35.479  -55.107  52.335 0.0000000000
50904  36.904  -55.066  51.187 0.0000000000
50928  35.980  -55.964  52.004 0.0000000000
81740  49.199  -32.183  38.409 0.0000000000
81739  49.713  -31.758  38.599 0.0000000000
83014  49.964  -30.745  38.034 0.0000000000
84335  50.509  -30.258  38.304 0.0000000000
83005  51.063  -30.789  39.356 0.0000000000
84298  51.572  -30.572  39.534 0.0000000000
84281  52.240  -31.104  40.661 0.0000000000
82978  53.091  -31.353  40.714 0.0000000000
82962  52.796  -31.914  41.307 0.0000000000
81688  52.833  -32.403  41.866 0.0000000000
80351  52.605  -32.751  43.423 0.0000000000
79129  51.108  -33.566  45.608 0.0000000000
79143  51.683  -33.262  44.943 0.0000000000
77896  50.935  -34.317  45.710 0.0000000000
76612  51.126  -35.057  45.327 0.0000000000
75258  51.315  -35.989  45.278 0.0000000000
72377  51.129  -37.136  45.022 0.0000000000
73819  50.967  -36.593  45.326 0.0000000000
72397  49.842  -37.444  44.882 0.0000000000
54940  41.824  -52.208  42.788 0.0000000000
54920  42.632  -52.693  43.741 0.0000000000
52358  44.697  -54.919  44.471 0.0000000000
54884  45.190  -52.717  45.625 0.0000000000
56181  44.923  -51.755  46.054 0.0000000000
54899  45.177  -52.478  44.965 0.0000000000
53630  35.604  -53.533  44.982 0.0000000000
53611  35.482  -53.321  45.718 0.0000000000
53631  35.483  -52.953  45.277 0.0000000000
56241  35.728  -51.187  43.765 0.0000000000
57424  36.219  -50.720  43.169 0.0000000000
56259  36.718  -51.230  41.974 0.0000000000
57467  37.530  -51.026  41.262 0.0000000000
56278  38.996  -51.259  41.084 0.0000000000
56301  37.863  -52.134  40.572 0.0000000000
54979  38.527  -52.780  40.359 0.0000000000
53686  39.138  -53.557  40.369 0.0000000000
85830  59.574  -28.011  29.395 0.0000000000
85831  59.148  -28.406  29.059 0.0000000000
80599  55.727  -31.555  31.564 0.0000000000
85795  52.117  -29.529  34.016 0.0000000000
85794  52.700  -29.170  33.636 0.0000000000
85806  52.878  -29.129  33.002 0.0000000000
85792  54.459  -28.496  33.372 0.0000000000
87141  55.114  -28.305  33.156 0.0000000000
85776  54.890  -29.059  33.699 0.0000000000
81789  51.732  -30.993  35.397 0.0000000000
80507  51.195  -32.095  35.651 0.0000000000
58610  41.853  -48.435  47.164 0.0000000000
68556  43.171  -42.278  50.858 0.0000000000
68557  42.443  -42.826  51.533 0.0000000000
68573  43.077  -42.312  50.332 0.0000000000
68602  43.419  -42.364  48.565 0.0000000000
73778  45.024  -37.993  48.948 0.0000000000
73793  45.013  -37.776  47.964 0.0000000000
75229  45.336  -36.975  48.024 0.0000000000
76599  45.513  -36.235  47.195 0.0000000000
77900  45.560  -35.642  46.498 0.0000000000
79162  45.596  -35.703  44.894 0.0000000000
77910  45.750  -35.279  45.999 0.0000000000
77899  46.054  -34.887  46.698 0.0000000000
77881  46.685  -34.431  47.278 0.0000000000
80304  47.243  -33.891  46.913 0.0000000000
79109  46.976  -34.255  47.984 0.0000000000
79086  46.998  -35.046  48.867 0.0000000000
77837  47.377  -35.519  48.499 0.0000000000
71016  46.882  -38.911  47.618 0.0000000000
71025  46.851  -38.928  46.607 0.0000000000
72398  47.101  -38.390  45.721 0.0000000000
73858  47.355  -38.041  45.282 0.0000000000
72418  47.188  -38.391  44.891 0.0000000000
50891  31.977  -54.497  53.211 0.0000000000
50910  31.756  -54.852  52.753 0.0000000000
50909  32.603  -54.695  52.873 0.0000000000
50932  33.483  -55.073  52.432 0.0000000000
49691  34.278  -56.051  51.590 0.0000000000
49704  34.583  -57.167  51.417 0.0000000000
80417  49.330  -32.906  39.720 0.0000000000
80415  50.915  -32.510  40.578 0.0000000000
81690  51.990  -32.565  42.024 0.0000000000
81691  51.528  -32.825  41.621 0.0000000000
81664  51.755  -33.167  43.746 0.0000000000
80369  50.530  -33.661  43.736 0.0000000000
81635  50.943  -32.838  44.754 0.0000000000
81590  51.162  -32.810  45.899 0.0000000000
80299  50.819  -32.863  46.551 0.0000000000
77880  49.844  -34.537  46.716 0.0000000000
52371  43.337  -54.460  42.999 0.0000000000
54809  35.484  -53.460  50.573 0.0000000000
54821  35.331  -53.508  49.940 0.0000000000
54833  35.649  -54.104  49.210 0.0000000000
53568  35.617  -54.129  48.346 0.0000000000
52327  36.076  -54.509  46.776 0.0000000000
51012  36.428  -55.097  47.324 0.0000000000
52338  35.994  -54.398  45.769 0.0000000000
52350  36.103  -54.484  44.716 0.0000000000
52361  36.350  -54.572  43.676 0.0000000000
52373  36.714  -54.759  42.569 0.0000000000
52384  36.934  -54.332  41.710 0.0000000000
51096  37.038  -55.474  42.919 0.0000000000
51095  37.455  -55.614  42.343 0.0000000000
51094  38.070  -56.375  42.297 0.0000000000
88472  60.355  -26.920  31.103 0.0000000000
85810  59.955  -28.144  31.569 0.0000000000
84440  58.102  -29.408  30.887 0.0000000000
83117  58.767  -28.987  31.985 0.0000000000
83118  58.062  -29.577  31.763 0.0000000000
81839  57.516  -29.833  32.050 0.0000000000
84408  58.565  -29.021  32.300 0.0000000000
81822  57.421  -29.912  32.547 0.0000000000
81824  56.624  -30.642  32.113 0.0000000000
80559  55.856  -31.101  32.226 0.0000000000
81842  55.373  -31.425  31.974 0.0000000000
81826  54.526  -31.372  32.414 0.0000000000
85780  50.695  -29.586  35.110 0.0000000000
87109  52.114  -28.517  36.208 0.0000000000
85759  52.349  -28.790  35.457 0.0000000000
85758  52.961  -28.947  35.271 0.0000000000
84369  52.885  -29.899  36.148 0.0000000000
83042  52.481  -30.491  36.073 0.0000000000
83040  53.507  -30.324  37.243 0.0000000000
81780  52.617  -31.165  36.772 0.0000000000
59812  43.568  -48.093  48.585 0.0000000000
59793  43.405  -47.728  48.909 0.0000000000
62257  43.475  -46.733  49.509 0.0000000000
63598  43.644  -45.562  50.167 0.0000000000
64787  43.574  -44.973  50.790 0.0000000000
62239  44.312  -45.434  49.725 0.0000000000
63555  44.089  -44.221  50.890 0.0000000000
65995  43.246  -43.484  51.657 0.0000000000
68526  43.044  -42.685  51.851 0.0000000000
69797  43.672  -41.670  50.315 0.0000000000
69805  44.356  -40.879  48.860 0.0000000000
71008  44.445  -39.934  48.194 0.0000000000
70999  44.556  -40.052  48.934 0.0000000000
70991  44.622  -40.299  49.632 0.0000000000
72335  44.833  -39.216  49.153 0.0000000000
68537  45.192  -41.539  50.464 0.0000000000
70973  45.369  -40.536  50.190 0.0000000000
73760  44.869  -38.748  49.351 0.0000000000
73737  45.436  -38.698  49.501 0.0000000000
72317  45.766  -38.210  49.502 0.0000000000
72316  46.256  -38.217  49.545 0.0000000000
73757  46.847  -37.315  49.530 0.0000000000
70988  46.822  -38.444  49.030 0.0000000000
69803  46.620  -39.147  48.800 0.0000000000
69812  46.645  -39.589  48.372 0.0000000000
67328  46.416  -41.323  48.561 0.0000000000
68599  46.511  -40.762  48.241 0.0000000000
68614  46.517  -40.724  47.192 0.0000000000
68646  46.228  -41.315  45.754 0.0000000000
57301  34.657  -51.917  52.668 0.0000000000
52199  33.367  -53.553  53.749 0.0000000000
56059  34.373  -51.919  53.877 0.0000000000
56071  34.892  -52.175  53.001 0.0000000000
56082  35.240  -52.975  51.857 0.0000000000
54820  35.952  -53.928  50.152 0.0000000000
53545  36.485  -54.552  49.720 0.0000000000
52304  36.784  -55.091  49.353 0.0000000000
50950  37.055  -55.475  50.835 0.0000000000
50973  37.371  -55.896  49.623 0.0000000000
50987  37.230  -55.741  48.981 0.0000000000
85724  50.063  -29.444  37.126 0.0000000000
84351  50.665  -29.770  38.019 0.0000000000
85703  51.420  -29.514  38.103 0.0000000000
85702  52.217  -29.395  38.288 0.0000000000
87051  52.961  -29.032  38.386 0.0000000000
85667  54.013  -29.733  39.288 0.0000000000
83004  54.169  -31.067  39.468 0.0000000000
80433  53.755  -32.414  39.793 0.0000000000
81725  53.793  -32.106  39.981 0.0000000000
80397  53.727  -32.937  40.611 0.0000000000
77981  53.694  -34.380  41.220 0.0000000000
81686  53.489  -32.555  41.147 0.0000000000
79186  53.648  -33.795  41.477 0.0000000000
81632  52.613  -32.381  43.371 0.0000000000
79155  52.480  -33.387  43.787 0.0000000000
77908  52.254  -34.036  44.595 0.0000000000
79156  52.557  -33.850  44.115 0.0000000000
77920  52.487  -34.532  43.983 0.0000000000
75291  52.741  -35.731  43.305 0.0000000000
58654  40.718  -48.889  44.613 0.0000000000
58641  41.684  -49.314  45.375 0.0000000000
57383  42.265  -50.212  45.156 0.0000000000
58640  42.263  -49.674  45.748 0.0000000000
58625  42.589  -49.534  46.413 0.0000000000
58624  43.254  -49.796  46.732 0.0000000000
53629  43.234  -53.131  44.141 0.0000000000
53627  44.293  -53.818  45.015 0.0000000000
53609  44.026  -53.071  45.423 0.0000000000
54887  43.557  -52.200  45.478 0.0000000000
56184  43.523  -51.024  46.239 0.0000000000
57365  43.771  -50.499  46.658 0.0000000000
58608  43.614  -49.519  47.308 0.0000000000
58592  44.107  -49.054  47.771 0.0000000000
59828  44.321  -49.193  47.453 0.0000000000
59827  44.441  -48.864  47.393 0.0000000000
57363  44.697  -50.856  46.187 0.0000000000
58622  44.549  -49.969  46.526 0.0000000000
60995  44.559  -47.847  47.516 0.0000000000
61004  44.540  -47.812  46.860 0.0000000000
62307  44.511  -46.754  46.625 0.0000000000
61005  44.263  -47.824  46.233 0.0000000000
59854  43.732  -48.747  44.978 0.0000000000
58670  43.738  -49.608  44.331 0.0000000000
56238  44.037  -51.154  43.879 0.0000000000
57420  43.675  -50.435  43.682 0.0000000000
53547  34.756  -53.016  49.505 0.0000000000
54873  34.928  -52.429  46.637 0.0000000000
58694  40.009  -49.273  43.085 0.0000000000
57443  40.275  -50.032  42.621 0.0000000000
56257  40.301  -51.012  42.080 0.0000000000
56277  40.083  -51.467  41.214 0.0000000000
54960  40.916  -51.874  41.793 0.0000000000
54959  41.402  -52.662  41.623 0.0000000000
53675  41.734  -53.432  41.315 0.0000000000
52381  42.170  -53.916  41.369 0.0000000000
52383  37.532  -54.552  41.172 0.0000000000
52382  38.201  -54.743  40.881 0.0000000000
52396  39.678  -54.463  40.330 0.0000000000
52395  40.725  -54.490  40.400 0.0000000000
47158  28.481  -57.761  51.218 0.0000000000
85866  58.562  -28.287  27.394 0.0000000000
87127  56.929  -28.177  32.931 0.0000000000
85774  56.641  -28.783  33.713 0.0000000000
85775  55.900  -29.029  33.834 0.0000000000
84392  56.290  -29.458  33.876 0.0000000000
83083  55.343  -30.548  32.940 0.0000000000
83103  54.807  -30.845  32.679 0.0000000000
81827  53.553  -31.618  32.472 0.0000000000
83067  52.915  -30.228  33.776 0.0000000000
83069  51.691  -30.881  34.636 0.0000000000
83068  52.195  -30.633  33.922 0.0000000000
83086  52.814  -30.661  33.492 0.0000000000
81814  52.824  -31.211  33.121 0.0000000000
81829  52.137  -32.100  32.337 0.0000000000
76692  47.665  -36.339  41.595 0.0000000000
60956  42.972  -46.716  49.719 0.0000000000
62208  42.068  -45.666  51.277 0.0000000000
77921  45.574  -35.706  44.206 0.0000000000
77962  46.700  -35.735  42.816 0.0000000000
77961  47.675  -35.715  42.961 0.0000000000
77960  48.674  -35.669  42.950 0.0000000000
79174  48.652  -34.573  44.284 0.0000000000
80356  48.925  -33.808  45.395 0.0000000000
81615  48.927  -33.286  45.797 0.0000000000
80303  47.971  -33.469  46.918 0.0000000000
80302  48.487  -33.603  46.969 0.0000000000
81559  49.295  -33.047  47.686 0.0000000000
79107  49.194  -34.116  46.956 0.0000000000
77865  49.320  -34.496  46.847 0.0000000000
73756  46.951  -37.360  49.330 0.0000000000
75208  46.963  -36.693  48.764 0.0000000000
75228  47.412  -36.460  47.921 0.0000000000
72348  46.994  -38.140  47.785 0.0000000000
73805  47.263  -36.973  47.707 0.0000000000
76577  47.927  -35.830  47.413 0.0000000000
76598  48.579  -35.670  46.869 0.0000000000
76597  49.117  -35.272  46.668 0.0000000000
75242  49.621  -35.569  46.253 0.0000000000
73803  49.674  -35.984  45.877 0.0000000000
72380  49.776  -36.916  45.297 0.0000000000
73856  48.427  -37.559  44.681 0.0000000000
63671  44.457  -45.660  45.947 0.0000000000
62333  43.554  -46.560  44.427 0.0000000000
63684  43.951  -45.654  45.042 0.0000000000
64912  44.574  -44.492  45.284 0.0000000000
64931  44.640  -44.182  44.615 0.0000000000
48441  35.040  -57.186  51.463 0.0000000000
49674  36.805  -55.481  51.338 0.0000000000
49675  36.570  -55.374  51.705 0.0000000000
49676  36.389  -55.288  52.021 0.0000000000
49687  36.515  -55.809  51.584 0.0000000000
49688  36.230  -55.566  52.002 0.0000000000
49689  35.258  -56.617  51.510 0.0000000000
49700  37.256  -56.342  50.931 0.0000000000
49748  37.203  -56.297  47.642 0.0000000000
50886  36.441  -54.714  52.057 0.0000000000
50887  36.277  -54.835  52.194 0.0000000000
50888  36.050  -55.009  52.319 0.0000000000
50889  32.995  -54.369  53.232 0.0000000000
50905  36.500  -54.968  51.975 0.0000000000
50906  36.173  -55.294  52.170 0.0000000000
50907  35.852  -55.149  52.302 0.0000000000
50926  36.904  -55.220  51.005 0.0000000000
50927  36.371  -56.075  51.593 0.0000000000
50930  34.904  -55.927  51.691 0.0000000000
50951  36.229  -56.277  51.582 0.0000000000
50953  35.538  -56.281  51.607 0.0000000000
50954  33.891  -55.700  51.719 0.0000000000
50974  37.097  -55.440  49.434 0.0000000000
51057  45.300  -55.001  44.761 0.0000000000
51139  38.573  -55.007  40.834 0.0000000000
52179  33.059  -53.242  54.284 0.0000000000
52180  32.429  -53.312  54.433 0.0000000000
52181  31.795  -53.374  54.573 0.0000000000
52198  33.832  -53.416  53.608 0.0000000000
52201  31.968  -53.732  54.098 0.0000000000
52202  31.438  -53.754  54.230 0.0000000000
52220  36.343  -54.479  52.133 0.0000000000
52222  35.722  -54.711  52.431 0.0000000000
52223  34.149  -53.578  53.436 0.0000000000
52224  33.957  -53.916  53.354 0.0000000000
52226  32.178  -54.041  53.662 0.0000000000
52243  36.702  -54.909  51.372 0.0000000000
52245  35.852  -55.470  52.180 0.0000000000
52264  36.678  -54.736  51.104 0.0000000000
52265  36.423  -54.111  51.332 0.0000000000
52266  35.716  -55.739  51.951 0.0000000000
52269  34.028  -54.979  52.499 0.0000000000
52282  36.864  -54.984  50.759 0.0000000000
52283  35.597  -55.965  51.723 0.0000000000
52284  35.302  -55.905  51.760 0.0000000000
52293  37.058  -55.201  50.442 0.0000000000
52294  37.132  -55.228  49.940 0.0000000000
52295  36.954  -55.092  49.716 0.0000000000
52348  44.599  -54.319  44.897 0.0000000000
52349  44.173  -54.033  44.713 0.0000000000
52372  37.188  -54.911  41.837 0.0000000000
52397  38.721  -54.395  40.579 0.0000000000
52398  38.006  -54.204  40.636 0.0000000000
53464  31.429  -53.020  55.094 0.0000000000
53472  32.833  -52.854  54.626 0.0000000000
53473  32.227  -52.960  54.801 0.0000000000
53474  31.579  -53.088  54.874 0.0000000000
53490  31.584  -53.970  53.922 0.0000000000
53499  36.314  -53.983  52.031 0.0000000000
53500  35.986  -53.903  52.380 0.0000000000
53501  35.444  -53.970  52.773 0.0000000000
53502  34.613  -53.877  53.188 0.0000000000
53504  31.990  -53.875  53.894 0.0000000000
53505  31.852  -54.070  53.841 0.0000000000
53512  36.301  -53.886  51.654 0.0000000000
53514  35.448  -54.558  52.566 0.0000000000
53516  34.623  -54.399  52.876 0.0000000000
53524  36.636  -54.597  50.861 0.0000000000
53525  36.381  -53.967  51.039 0.0000000000
53532  36.768  -54.745  50.527 0.0000000000
53544  36.624  -54.546  50.191 0.0000000000
53546  34.952  -53.270  49.553 0.0000000000
53556  36.383  -54.626  49.264 0.0000000000
53558  34.775  -53.113  49.141 0.0000000000
53567  36.187  -54.537  48.803 0.0000000000
53592  44.854  -52.867  45.961 0.0000000000
53594  35.325  -53.251  46.468 0.0000000000
53610  35.659  -53.813  45.687 0.0000000000
53647  43.487  -53.751  44.049 0.0000000000
53688  37.565  -53.623  40.705 0.0000000000
54743  31.838  -52.586  55.087 0.0000000000
54744  31.444  -52.701  55.094 0.0000000000
54753  33.801  -52.148  54.502 0.0000000000
54756  32.068  -52.642  55.006 0.0000000000
54768  33.931  -52.464  54.128 0.0000000000
54777  35.537  -53.559  52.580 0.0000000000
54784  36.031  -53.635  51.885 0.0000000000
54786  35.151  -52.765  52.675 0.0000000000
54795  36.029  -53.605  51.528 0.0000000000
54796  35.645  -53.375  51.466 0.0000000000
54807  36.098  -53.680  50.904 0.0000000000
54808  35.740  -53.517  50.855 0.0000000000
54819  36.202  -53.927  50.541 0.0000000000
54822  34.744  -52.901  49.835 0.0000000000
54845  36.026  -54.387  49.159 0.0000000000
54846  35.863  -54.340  48.878 0.0000000000
54871  44.858  -52.352  46.109 0.0000000000
54885  44.628  -52.657  45.933 0.0000000000
54901  43.696  -52.740  45.286 0.0000000000
54904  35.673  -52.757  44.128 0.0000000000
54961  37.269  -52.821  41.008 0.0000000000
56031  32.107  -52.302  55.149 0.0000000000
56032  31.758  -52.158  55.146 0.0000000000
56043  34.072  -52.021  54.408 0.0000000000
56058  34.710  -52.313  53.342 0.0000000000
56060  34.098  -51.761  54.341 0.0000000000
56072  34.734  -52.205  53.245 0.0000000000
56083  34.952  -52.561  52.390 0.0000000000
56094  35.236  -53.137  51.321 0.0000000000
56109  35.345  -53.294  50.928 0.0000000000
56110  34.922  -52.999  50.836 0.0000000000
56164  44.415  -50.949  46.434 0.0000000000
56202  43.706  -51.945  45.833 0.0000000000
56220  44.897  -51.659  45.470 0.0000000000
56225  35.619  -51.656  44.569 0.0000000000
56256  41.074  -50.883  42.832 0.0000000000
56260  36.304  -51.771  42.423 0.0000000000
56279  37.996  -51.367  40.820 0.0000000000
56302  37.444  -52.366  40.781 0.0000000000
57284  34.083  -51.363  54.232 0.0000000000
57293  34.698  -51.741  52.978 0.0000000000
57302  34.514  -51.492  52.838 0.0000000000
57310  34.644  -52.129  52.287 0.0000000000
57353  44.469  -50.501  46.481 0.0000000000
57364  44.095  -51.006  46.547 0.0000000000
57380  44.810  -51.030  45.918 0.0000000000
57402  40.924  -49.540  43.911 0.0000000000
57423  36.810  -50.180  42.713 0.0000000000
57444  39.272  -50.230  42.059 0.0000000000
57447  36.582  -51.032  42.375 0.0000000000
57466  38.110  -50.718  41.288 0.0000000000
58593  43.843  -48.949  47.867 0.0000000000
58607  44.116  -49.481  47.457 0.0000000000
58609  42.846  -49.085  47.244 0.0000000000
58623  44.534  -49.548  46.322 0.0000000000
58697  37.712  -49.892  42.158 0.0000000000
59810  44.395  -48.523  47.766 0.0000000000
59811  44.213  -48.665  47.928 0.0000000000
60922  42.171  -46.007  50.846 0.0000000000
60938  42.565  -46.290  50.364 0.0000000000
60971  43.930  -47.232  49.046 0.0000000000
60972  43.539  -47.364  49.135 0.0000000000
60973  42.658  -47.213  49.470 0.0000000000
60982  44.494  -48.060  48.013 0.0000000000
60984  43.771  -47.680  48.834 0.0000000000
62224  42.645  -45.767  50.838 0.0000000000
62320  43.723  -46.775  45.291 0.0000000000
63538  42.190  -44.525  52.048 0.0000000000
63554  44.188  -43.963  51.045 0.0000000000
63557  41.917  -45.307  51.648 0.0000000000
63576  44.176  -44.636  50.460 0.0000000000
63597  44.073  -45.232  50.116 0.0000000000
63683  44.329  -45.185  45.364 0.0000000000
64756  43.040  -43.841  51.765 0.0000000000
64758  42.115  -44.191  52.535 0.0000000000
64769  44.291  -43.614  51.096 0.0000000000
64770  43.627  -43.944  51.415 0.0000000000
64771  43.278  -44.711  51.332 0.0000000000
64784  45.153  -43.348  50.393 0.0000000000
64785  44.871  -43.524  50.578 0.0000000000
64786  43.771  -44.548  50.886 0.0000000000
64809  43.850  -44.914  50.502 0.0000000000
64810  43.680  -45.230  50.449 0.0000000000
64831  45.388  -44.339  48.841 0.0000000000
64874  45.577  -43.768  47.692 0.0000000000
65996  42.916  -43.400  52.092 0.0000000000
65998  41.938  -43.679  52.842 0.0000000000
66014  43.120  -43.071  51.743 0.0000000000
66030  45.305  -43.199  50.255 0.0000000000
66050  45.432  -42.534  50.211 0.0000000000
66127  45.690  -42.865  46.926 0.0000000000
67243  43.078  -42.770  52.033 0.0000000000
67244  42.691  -42.830  52.570 0.0000000000
67245  42.268  -43.074  53.071 0.0000000000
67259  44.194  -42.575  51.355 0.0000000000
67260  43.423  -42.795  51.673 0.0000000000
67261  42.479  -42.763  52.782 0.0000000000
67262  41.883  -43.087  52.762 0.0000000000
67278  45.715  -41.609  50.049 0.0000000000
67279  45.452  -42.064  50.281 0.0000000000
67329  46.307  -41.798  48.462 0.0000000000
67348  45.916  -42.252  46.701 0.0000000000
67355  45.907  -41.957  46.116 0.0000000000
68527  42.934  -42.546  52.116 0.0000000000
68540  43.139  -42.441  51.813 0.0000000000
68541  42.602  -42.914  52.462 0.0000000000
68553  46.148  -40.506  49.744 0.0000000000
68554  45.897  -41.105  49.984 0.0000000000
68555  45.585  -41.447  50.185 0.0000000000
68574  42.546  -42.699  50.934 0.0000000000
68587  43.313  -42.264  49.494 0.0000000000
68600  46.428  -41.352  48.305 0.0000000000
68615  46.423  -41.417  47.811 0.0000000000
68647  45.865  -41.869  45.817 0.0000000000
69767  45.312  -40.835  50.299 0.0000000000
69769  44.291  -41.539  50.626 0.0000000000
69770  43.721  -42.004  51.129 0.0000000000
69780  46.176  -39.857  49.678 0.0000000000
69784  43.687  -41.882  50.860 0.0000000000
69794  46.543  -39.248  49.035 0.0000000000
69795  46.359  -40.028  49.370 0.0000000000
69796  44.327  -41.011  49.632 0.0000000000
69826  46.627  -39.958  46.451 0.0000000000
69834  46.438  -40.712  45.438 0.0000000000
69845  46.540  -40.006  44.926 0.0000000000
70974  45.164  -40.633  50.280 0.0000000000
70978  46.238  -39.515  49.600 0.0000000000
70980  45.510  -40.189  50.047 0.0000000000
70981  45.054  -40.255  50.085 0.0000000000
70990  46.179  -39.023  49.659 0.0000000000
71006  46.766  -38.609  48.654 0.0000000000
71007  46.846  -38.742  48.262 0.0000000000
71049  46.703  -39.382  44.668 0.0000000000
72296  45.816  -39.138  49.970 0.0000000000
72297  45.732  -39.085  49.700 0.0000000000
72298  45.227  -39.537  49.743 0.0000000000
72299  45.002  -39.914  49.862 0.0000000000
72314  47.108  -38.179  48.985 0.0000000000
72315  46.694  -38.081  49.361 0.0000000000
72318  44.974  -39.355  49.532 0.0000000000
72319  44.824  -39.851  49.658 0.0000000000
72332  46.098  -37.420  49.658 0.0000000000
72333  45.768  -37.648  49.569 0.0000000000
72334  45.080  -38.810  49.424 0.0000000000
72379  50.192  -37.017  45.239 0.0000000000
72394  51.285  -37.280  44.805 0.0000000000
73738  45.362  -39.062  49.592 0.0000000000
73759  45.244  -38.109  49.275 0.0000000000
73775  46.849  -37.537  48.961 0.0000000000
73792  47.121  -37.607  47.942 0.0000000000
73802  49.930  -35.874  45.959 0.0000000000
73804  49.274  -36.150  45.823 0.0000000000
73821  49.762  -36.509  45.540 0.0000000000
73836  51.423  -36.902  44.836 0.0000000000
73839  47.942  -37.195  45.240 0.0000000000
73840  47.413  -37.732  45.584 0.0000000000
73857  47.676  -37.709  44.923 0.0000000000
75188  47.007  -36.584  49.573 0.0000000000
75190  46.768  -36.416  49.560 0.0000000000
75209  46.490  -36.418  49.018 0.0000000000
75210  45.930  -36.640  48.965 0.0000000000
75243  48.971  -35.741  46.305 0.0000000000
75259  50.655  -35.848  45.659 0.0000000000
75262  47.850  -36.616  46.092 0.0000000000
75263  45.114  -36.814  46.310 0.0000000000
75292  52.405  -36.165  43.720 0.0000000000
76539  47.016  -36.002  48.849 0.0000000000
76541  46.854  -35.639  49.828 0.0000000000
76542  46.908  -35.447  49.356 0.0000000000
76557  45.798  -36.103  48.557 0.0000000000
76575  49.209  -34.872  46.827 0.0000000000
76578  45.979  -35.459  48.178 0.0000000000
76626  45.070  -36.243  45.648 0.0000000000
76672  48.900  -35.765  42.209 0.0000000000
76673  48.178  -36.063  42.274 0.0000000000
77838  47.055  -35.718  48.932 0.0000000000
77839  47.043  -35.234  49.460 0.0000000000
77851  47.846  -35.184  47.888 0.0000000000
77853  47.050  -34.941  49.131 0.0000000000
77854  46.713  -34.797  48.577 0.0000000000
77882  46.317  -34.732  47.499 0.0000000000
77883  45.804  -35.378  47.365 0.0000000000
77898  46.523  -34.555  46.953 0.0000000000
77919  52.833  -34.081  43.543 0.0000000000
77956  53.581  -34.407  41.726 0.0000000000
79087  47.206  -34.980  48.823 0.0000000000
79094  48.510  -34.782  47.386 0.0000000000
79095  48.175  -35.019  47.901 0.0000000000
79096  47.495  -34.784  48.294 0.0000000000
79097  47.035  -34.755  48.504 0.0000000000
79098  46.715  -34.627  48.232 0.0000000000
79106  49.660  -34.191  46.863 0.0000000000
79110  46.614  -34.453  47.944 0.0000000000
79116  50.895  -34.092  45.800 0.0000000000
79117  50.625  -33.657  46.117 0.0000000000
79119  46.826  -34.330  47.524 0.0000000000
79120  46.491  -34.584  47.769 0.0000000000
79130  51.006  -33.025  45.991 0.0000000000
79131  47.013  -34.243  46.841 0.0000000000
79132  46.657  -34.487  46.533 0.0000000000
79141  52.318  -33.176  44.063 0.0000000000
79144  47.978  -34.064  46.013 0.0000000000
79157  49.504  -33.904  44.469 0.0000000000
79158  49.181  -34.141  44.792 0.0000000000
79171  53.376  -33.354  42.252 0.0000000000
79188  53.485  -33.323  42.005 0.0000000000
79190  49.900  -34.706  43.113 0.0000000000
79201  53.748  -33.726  41.099 0.0000000000
79215  53.701  -33.540  40.700 0.0000000000
80271  47.538  -34.547  47.849 0.0000000000
80283  49.895  -33.414  47.534 0.0000000000
80284  49.578  -33.158  47.495 0.0000000000
80285  48.541  -33.897  47.189 0.0000000000
80286  47.501  -34.202  47.343 0.0000000000
80287  46.884  -34.056  47.303 0.0000000000
80300  49.946  -33.768  46.972 0.0000000000
80301  49.816  -33.225  47.563 0.0000000000
80318  51.388  -32.580  45.653 0.0000000000
80319  51.082  -32.783  46.132 0.0000000000
80320  48.488  -33.423  45.972 0.0000000000
80321  48.030  -33.474  46.467 0.0000000000
80322  47.684  -33.813  46.708 0.0000000000
80335  52.250  -32.951  44.006 0.0000000000
80337  51.524  -32.678  44.963 0.0000000000
80338  49.283  -33.451  45.443 0.0000000000
80339  48.664  -33.479  45.801 0.0000000000
80352  52.221  -32.673  43.995 0.0000000000
80353  50.857  -33.241  44.277 0.0000000000
80354  50.147  -33.345  44.488 0.0000000000
80357  48.463  -33.799  45.737 0.0000000000
80367  53.417  -33.214  42.117 0.0000000000
80370  49.985  -33.633  44.218 0.0000000000
80381  53.684  -33.134  41.218 0.0000000000
80382  53.496  -32.996  41.724 0.0000000000
80383  53.406  -33.082  42.057 0.0000000000
80384  51.859  -33.364  42.943 0.0000000000
80435  49.207  -32.631  38.951 0.0000000000
80453  53.923  -32.021  39.299 0.0000000000
80491  53.590  -31.473  38.244 0.0000000000
80508  50.698  -32.429  35.091 0.0000000000
80540  56.277  -30.650  32.530 0.0000000000
80541  56.068  -30.783  32.485 0.0000000000
80558  56.229  -30.784  32.326 0.0000000000
80578  56.146  -31.136  31.908 0.0000000000
80579  55.798  -31.469  31.798 0.0000000000
80598  55.952  -31.522  31.608 0.0000000000
81558  49.451  -33.015  47.616 0.0000000000
81571  50.866  -32.907  46.289 0.0000000000
81574  49.107  -33.714  46.847 0.0000000000
81575  48.552  -33.500  46.716 0.0000000000
81589  51.354  -32.535  45.435 0.0000000000
81592  49.647  -33.203  46.147 0.0000000000
81593  48.875  -33.291  46.180 0.0000000000
81594  48.302  -33.466  46.432 0.0000000000
81610  51.815  -32.483  44.468 0.0000000000
81612  51.024  -32.569  45.278 0.0000000000
81661  52.749  -32.565  42.566 0.0000000000
81662  52.676  -32.590  42.997 0.0000000000
81709  53.255  -32.003  41.047 0.0000000000
81737  54.392  -31.005  39.074 0.0000000000
81750  54.226  -31.434  38.916 0.0000000000
81764  53.990  -30.778  37.991 0.0000000000
81778  53.544  -30.911  37.790 0.0000000000
81782  51.589  -31.686  35.853 0.0000000000
81808  57.301  -29.896  32.762 0.0000000000
81809  57.220  -30.097  32.666 0.0000000000
81812  54.234  -31.117  32.841 0.0000000000
81823  57.219  -30.278  32.340 0.0000000000
81840  57.477  -30.116  31.831 0.0000000000
81855  56.195  -31.122  31.316 0.0000000000
82960  53.274  -31.960  41.006 0.0000000000
82961  53.104  -31.922  41.138 0.0000000000
82976  53.617  -31.945  40.297 0.0000000000
82979  52.600  -31.366  40.832 0.0000000000
82980  52.062  -31.445  40.957 0.0000000000
82990  53.703  -31.150  39.972 0.0000000000
82991  52.974  -30.969  40.556 0.0000000000
82992  52.626  -30.906  40.520 0.0000000000
83003  54.415  -30.503  39.106 0.0000000000
83013  54.428  -30.428  38.813 0.0000000000
83024  54.365  -30.313  38.385 0.0000000000
83025  54.244  -30.368  37.749 0.0000000000
83053  51.693  -30.929  35.091 0.0000000000
83062  57.324  -29.607  33.266 0.0000000000
83063  56.669  -29.904  33.595 0.0000000000
83066  54.459  -30.091  33.505 0.0000000000
83079  58.165  -29.456  32.383 0.0000000000
83080  57.496  -29.724  32.796 0.0000000000
83085  53.390  -30.699  33.335 0.0000000000
83099  57.827  -29.649  32.328 0.0000000000
83100  57.055  -30.435  31.794 0.0000000000
83101  56.711  -30.631  31.781 0.0000000000
83102  55.022  -30.916  32.496 0.0000000000
83116  59.142  -29.050  32.072 0.0000000000
84279  53.440  -30.961  40.240 0.0000000000
84280  53.150  -30.769  40.316 0.0000000000
84282  52.002  -30.873  40.438 0.0000000000
84294  53.642  -30.488  39.643 0.0000000000
84296  52.431  -30.616  40.180 0.0000000000
84312  54.577  -30.041  39.236 0.0000000000
84314  52.225  -29.831  39.052 0.0000000000
84315  51.987  -30.079  39.212 0.0000000000
84317  50.907  -30.442  38.784 0.0000000000
84330  54.437  -29.897  38.606 0.0000000000
84331  54.220  -29.376  38.570 0.0000000000
84334  51.066  -29.960  38.380 0.0000000000
84350  54.393  -29.944  37.830 0.0000000000
84389  58.254  -28.992  33.027 0.0000000000
84410  53.544  -30.167  33.553 0.0000000000
84423  59.039  -28.718  32.037 0.0000000000
84424  58.846  -29.449  32.168 0.0000000000
84425  54.733  -29.072  32.326 0.0000000000
84437  59.349  -28.662  31.999 0.0000000000
84438  59.232  -28.636  31.736 0.0000000000
84439  58.705  -28.854  31.227 0.0000000000
85651  53.029  -30.299  40.154 0.0000000000
85669  52.955  -30.113  39.668 0.0000000000
85671  51.934  -30.237  39.359 0.0000000000
85685  54.006  -29.073  38.691 0.0000000000
85686  53.830  -29.222  38.749 0.0000000000
85687  53.355  -29.415  38.876 0.0000000000
85688  52.550  -29.687  38.980 0.0000000000
85689  52.116  -29.977  39.171 0.0000000000
85700  54.271  -29.343  38.170 0.0000000000
85704  50.973  -29.609  38.031 0.0000000000
85719  54.337  -29.613  37.912 0.0000000000
85720  54.200  -29.408  37.773 0.0000000000
85721  52.387  -28.964  37.866 0.0000000000
85722  51.854  -29.066  37.662 0.0000000000
85738  53.970  -29.334  37.565 0.0000000000
85771  58.386  -28.598  32.672 0.0000000000
85772  58.030  -28.635  33.109 0.0000000000
85773  57.397  -28.686  33.441 0.0000000000
85790  59.399  -28.262  32.294 0.0000000000
85791  58.947  -28.260  32.421 0.0000000000
85802  59.763  -28.239  32.148 0.0000000000
85811  59.503  -28.365  31.011 0.0000000000
85819  60.105  -27.751  30.637 0.0000000000
87049  54.013  -28.651  38.418 0.0000000000
87052  52.696  -29.234  38.416 0.0000000000
87061  54.144  -28.846  38.008 0.0000000000
87064  52.920  -28.396  38.126 0.0000000000
87075  54.183  -29.148  37.930 0.0000000000
87076  54.015  -28.905  37.785 0.0000000000
87080  51.939  -28.719  37.297 0.0000000000
87091  53.832  -29.048  37.497 0.0000000000
87092  53.850  -29.069  37.052 0.0000000000
87096  51.460  -28.755  36.458 0.0000000000
87115  57.751  -28.314  33.002 0.0000000000
87116  57.026  -28.273  33.297 0.0000000000
87125  59.646  -27.824  32.320 0.0000000000
87126  59.102  -27.830  32.414 0.0000000000
87128  56.332  -28.207  33.207 0.0000000000
87130  54.728  -28.433  33.484 0.0000000000
87153  56.247  -28.389  32.409 0.0000000000
88440  58.117  -27.999  32.731 0.0000000000
88450  59.419  -27.561  32.222 0.0000000000
88452  58.152  -27.917  32.511 0.0000000000
88453  57.634  -28.106  32.639 0.0000000000
88463  58.526  -27.496  32.012 0.0000000000
88464  58.006  -27.810  32.294 0.0000000000
91108  60.301  -26.561  30.179 0.0000000000
91109  59.902  -26.241  30.080 0.0000000000
