#!ascii label  , from subject sub-01 vox2ras=TkReg
1169
62181  13.145  -47.743  54.765 0.0000000000
53714  8.436  -53.459  37.440 0.0000000000
50971  8.174  -54.580  51.835 0.0000000000
57378  7.935  -49.421  46.555 0.0000000000
66219  6.587  -43.179  41.526 0.0000000000
57291  8.704  -51.046  55.037 0.0000000000
60954  8.743  -48.606  50.718 0.0000000000
57264  15.624  -49.453  55.268 0.0000000000
52214  11.612  -52.883  53.814 0.0000000000
48448  9.394  -56.815  51.629 0.0000000000
64848  5.258  -44.478  48.857 0.0000000000
59886  6.663  -47.221  43.145 0.0000000000
69824  6.954  -41.614  47.976 0.0000000000
48491  7.143  -57.588  48.058 0.0000000000
53604  8.964  -54.789  46.517 0.0000000000
54844  8.801  -52.001  49.944 0.0000000000
61000  7.711  -46.707  47.344 0.0000000000
56251  11.714  -51.090  43.691 0.0000000000
62469  11.526  -46.501  38.398 0.0000000000
65067  7.661  -43.957  36.383 0.0000000000
72480  8.199  -39.435  39.852 0.0000000000
59737  11.311  -49.269  54.996 0.0000000000
62195  10.986  -48.495  52.851 0.0000000000
59718  13.484  -48.629  55.574 0.0000000000
56054  13.364  -51.041  55.206 0.0000000000
57268  12.075  -50.329  56.316 0.0000000000
53470  10.311  -51.814  55.531 0.0000000000
68613  5.863  -42.875  48.092 0.0000000000
49726  7.895  -56.509  49.785 0.0000000000
52311  8.525  -55.134  49.528 0.0000000000
54817  8.223  -52.543  51.424 0.0000000000
62283  9.839  -47.025  48.164 0.0000000000
60980  8.538  -48.041  49.037 0.0000000000
48424  8.394  -56.015  52.292 0.0000000000
44473  8.253  -58.673  49.905 0.0000000000
47169  7.652  -57.769  50.269 0.0000000000
45869  7.027  -58.578  48.502 0.0000000000
56177  9.854  -51.622  47.621 0.0000000000
54898  10.704  -52.540  45.597 0.0000000000
57410  10.111  -49.604  45.569 0.0000000000
63781  6.828  -45.100  42.332 0.0000000000
62389  9.943  -46.208  41.780 0.0000000000
65020  9.173  -44.172  40.192 0.0000000000
63843  9.051  -45.482  37.150 0.0000000000
67457  8.127  -42.158  38.426 0.0000000000
54776  7.407  -52.463  53.846 0.0000000000
56108  7.588  -51.562  52.765 0.0000000000
59760  8.394  -49.802  52.939 0.0000000000
62236  10.993  -47.781  50.701 0.0000000000
57288  17.113  -49.254  54.222 0.0000000000
56119  15.653  -49.795  51.365 0.0000000000
54792  14.159  -50.493  53.162 0.0000000000
53530  12.504  -52.601  51.820 0.0000000000
50901  10.324  -54.627  53.337 0.0000000000
50871  8.932  -54.085  54.264 0.0000000000
60994  6.485  -46.645  46.579 0.0000000000
57414  7.020  -48.512  44.759 0.0000000000
63694  6.047  -45.431  45.835 0.0000000000
66157  5.919  -43.911  45.030 0.0000000000
68675  7.131  -42.848  44.838 0.0000000000
64749  15.667  -46.123  54.626 0.0000000000
59747  19.679  -47.117  53.610 0.0000000000
60876  20.769  -45.370  56.051 0.0000000000
59714  17.482  -47.432  55.530 0.0000000000
63505  16.688  -45.704  55.753 0.0000000000
48512  6.359  -57.976  46.234 0.0000000000
52345  6.613  -56.255  45.303 0.0000000000
52325  7.914  -55.554  47.466 0.0000000000
54857  9.550  -52.631  48.809 0.0000000000
56180  8.285  -50.143  48.251 0.0000000000
58576  7.887  -50.074  51.266 0.0000000000
58590  7.486  -49.359  49.020 0.0000000000
58605  7.243  -48.535  47.479 0.0000000000
62268  5.572  -45.391  48.935 0.0000000000
53657  7.837  -54.628  43.726 0.0000000000
54954  9.882  -53.088  42.571 0.0000000000
57523  10.908  -52.036  39.874 0.0000000000
59881  10.683  -47.945  43.458 0.0000000000
59938  12.584  -48.509  40.229 0.0000000000
57564  11.001  -50.710  37.467 0.0000000000
59992  8.894  -49.179  36.517 0.0000000000
61190  7.260  -47.758  35.997 0.0000000000
71033  8.200  -40.563  47.263 0.0000000000
68672  8.807  -41.574  44.439 0.0000000000
71069  10.181  -40.240  43.023 0.0000000000
71102  6.753  -40.379  40.894 0.0000000000
69930  6.913  -40.565  37.623 0.0000000000
62182  12.649  -48.163  54.920 0.0000000000
62187  12.497  -48.266  54.247 0.0000000000
63526  13.862  -47.013  53.688 0.0000000000
62173  13.379  -47.658  54.763 0.0000000000
58517  12.670  -49.543  56.207 0.0000000000
60891  12.365  -48.445  55.007 0.0000000000
59720  11.558  -49.249  55.526 0.0000000000
53731  7.371  -53.976  36.932 0.0000000000
55021  7.929  -53.295  36.658 0.0000000000
50970  8.421  -55.103  51.273 0.0000000000
52291  8.443  -54.504  51.101 0.0000000000
52292  8.121  -54.131  51.660 0.0000000000
57327  17.634  -49.198  51.151 0.0000000000
49699  8.177  -54.946  52.115 0.0000000000
48439  8.192  -56.562  51.640 0.0000000000
49698  8.202  -55.969  51.521 0.0000000000
48475  7.631  -57.288  49.623 0.0000000000
56199  9.075  -50.123  47.254 0.0000000000
57376  9.964  -50.514  46.450 0.0000000000
57395  8.956  -49.601  46.040 0.0000000000
65004  6.634  -44.154  41.736 0.0000000000
63805  7.840  -44.953  41.096 0.0000000000
65022  7.785  -44.060  40.646 0.0000000000
66234  8.916  -43.423  39.701 0.0000000000
66259  7.593  -42.335  39.800 0.0000000000
56069  7.767  -51.747  54.343 0.0000000000
57299  7.711  -51.110  53.623 0.0000000000
58553  8.347  -50.583  53.731 0.0000000000
62221  11.222  -48.004  51.503 0.0000000000
62264  11.318  -47.175  49.467 0.0000000000
57263  16.300  -49.199  55.152 0.0000000000
56078  15.780  -50.146  53.620 0.0000000000
56066  14.992  -50.389  54.437 0.0000000000
53478  12.397  -51.927  54.177 0.0000000000
53494  12.854  -51.653  53.425 0.0000000000
53510  11.995  -52.610  53.281 0.0000000000
52241  11.313  -53.817  53.390 0.0000000000
57281  9.254  -50.964  55.737 0.0000000000
53483  9.272  -52.665  54.952 0.0000000000
54765  8.102  -52.321  54.940 0.0000000000
53497  7.656  -52.975  54.282 0.0000000000
63652  5.983  -45.048  47.458 0.0000000000
62319  6.145  -46.026  45.978 0.0000000000
64895  6.021  -44.687  47.030 0.0000000000
68627  6.271  -42.818  47.706 0.0000000000
67353  6.086  -43.164  47.213 0.0000000000
68662  6.587  -43.501  46.246 0.0000000000
67397  6.185  -43.627  44.232 0.0000000000
68642  7.092  -42.576  46.756 0.0000000000
59726  17.755  -47.783  55.265 0.0000000000
48511  6.658  -57.770  46.927 0.0000000000
49765  6.703  -57.247  46.437 0.0000000000
49756  7.338  -56.691  47.702 0.0000000000
53554  8.710  -53.379  50.284 0.0000000000
53578  8.787  -54.414  49.401 0.0000000000
54843  9.136  -52.565  49.670 0.0000000000
56160  9.314  -51.456  48.899 0.0000000000
56146  8.954  -51.602  49.580 0.0000000000
59768  8.037  -49.966  52.134 0.0000000000
58571  7.291  -50.108  52.097 0.0000000000
59778  8.172  -49.522  51.238 0.0000000000
60990  8.286  -47.478  47.899 0.0000000000
59807  7.812  -48.444  49.404 0.0000000000
59823  7.763  -48.115  48.460 0.0000000000
58591  7.351  -48.823  48.169 0.0000000000
59824  7.527  -47.871  47.757 0.0000000000
60992  7.051  -46.658  47.275 0.0000000000
62286  7.123  -45.363  47.889 0.0000000000
54828  14.086  -50.913  50.962 0.0000000000
56145  15.027  -50.237  50.090 0.0000000000
48465  9.905  -56.828  51.161 0.0000000000
47196  9.757  -57.731  49.052 0.0000000000
47181  9.398  -57.709  50.374 0.0000000000
44489  8.101  -59.002  49.360 0.0000000000
43199  8.498  -59.121  48.843 0.0000000000
47213  6.976  -58.165  48.194 0.0000000000
47229  6.677  -58.189  47.510 0.0000000000
53605  8.144  -55.236  45.819 0.0000000000
53624  7.193  -55.386  44.592 0.0000000000
53622  8.563  -54.864  45.325 0.0000000000
56236  11.389  -52.005  44.241 0.0000000000
54933  10.447  -52.930  43.368 0.0000000000
56271  11.090  -52.136  42.307 0.0000000000
56294  10.303  -52.445  41.185 0.0000000000
57477  11.278  -51.515  41.145 0.0000000000
58685  6.730  -47.969  44.101 0.0000000000
58682  8.902  -48.475  44.473 0.0000000000
59883  8.705  -47.434  43.058 0.0000000000
62441  11.921  -46.143  40.231 0.0000000000
61099  12.381  -47.287  40.864 0.0000000000
61145  12.633  -47.992  39.537 0.0000000000
58771  12.184  -49.852  38.268 0.0000000000
59976  11.617  -49.090  37.748 0.0000000000
58796  10.031  -49.656  36.772 0.0000000000
61170  10.069  -47.658  37.183 0.0000000000
65051  8.765  -44.411  36.952 0.0000000000
62489  8.232  -46.581  36.664 0.0000000000
62510  7.285  -46.569  36.152 0.0000000000
71031  9.309  -39.123  46.699 0.0000000000
69840  9.032  -41.168  45.916 0.0000000000
69839  9.587  -40.674  45.345 0.0000000000
71112  10.512  -39.293  41.020 0.0000000000
71099  9.180  -39.829  41.275 0.0000000000
71085  8.309  -40.292  41.778 0.0000000000
72465  7.804  -39.797  40.692 0.0000000000
71126  6.367  -40.132  39.025 0.0000000000
72495  6.525  -39.749  38.625 0.0000000000
59729  10.440  -50.031  55.205 0.0000000000
59749  9.927  -49.707  53.870 0.0000000000
60909  11.463  -48.711  53.931 0.0000000000
58515  14.703  -48.946  55.535 0.0000000000
56036  14.327  -50.157  55.447 0.0000000000
58516  13.730  -49.296  56.050 0.0000000000
56029  12.581  -50.862  56.279 0.0000000000
54748  12.001  -51.579  55.689 0.0000000000
53481  10.869  -52.576  55.056 0.0000000000
56040  10.851  -51.074  56.227 0.0000000000
58520  10.470  -50.645  55.896 0.0000000000
67312  4.981  -43.235  50.465 0.0000000000
66108  5.474  -43.658  48.233 0.0000000000
67326  5.862  -42.896  49.210 0.0000000000
69818  6.262  -41.603  48.839 0.0000000000
69817  6.668  -41.111  48.589 0.0000000000
48490  7.392  -57.207  48.606 0.0000000000
51010  7.864  -55.903  48.872 0.0000000000
50998  8.156  -55.826  49.706 0.0000000000
53555  8.472  -53.654  50.792 0.0000000000
54831  8.649  -52.499  50.423 0.0000000000
60968  9.307  -48.099  49.822 0.0000000000
60969  8.749  -48.217  49.915 0.0000000000
60979  9.094  -47.960  49.231 0.0000000000
62285  8.646  -47.041  47.663 0.0000000000
62303  8.039  -46.258  47.431 0.0000000000
63650  6.867  -45.118  48.036 0.0000000000
48437  8.722  -56.621  52.047 0.0000000000
45804  8.895  -57.738  50.973 0.0000000000
47128  8.387  -57.215  51.517 0.0000000000
45806  7.925  -58.070  50.935 0.0000000000
44490  7.676  -58.969  49.222 0.0000000000
45868  7.106  -58.860  48.665 0.0000000000
47182  7.480  -57.858  49.588 0.0000000000
48476  7.358  -57.675  48.984 0.0000000000
54869  9.985  -52.589  47.399 0.0000000000
53620  9.875  -53.722  45.590 0.0000000000
54883  10.345  -52.515  46.518 0.0000000000
57392  11.118  -50.772  45.701 0.0000000000
57408  11.507  -50.367  44.716 0.0000000000
61105  7.126  -46.040  42.814 0.0000000000
59903  8.597  -46.698  42.558 0.0000000000
62415  7.891  -45.694  41.854 0.0000000000
63778  9.546  -45.331  40.928 0.0000000000
65018  10.640  -44.932  39.465 0.0000000000
62487  10.671  -46.517  37.670 0.0000000000
65049  10.411  -44.788  38.146 0.0000000000
66278  9.292  -43.624  37.381 0.0000000000
66280  8.271  -43.216  36.730 0.0000000000
72492  9.933  -39.131  39.489 0.0000000000
72508  8.059  -38.769  38.280 0.0000000000
72521  8.671  -38.624  37.477 0.0000000000
52263  7.716  -53.653  52.603 0.0000000000
53531  7.771  -53.103  52.468 0.0000000000
56093  7.536  -51.685  53.336 0.0000000000
58562  6.807  -49.911  53.518 0.0000000000
59767  8.329  -49.723  52.536 0.0000000000
60911  9.403  -49.476  53.149 0.0000000000
60920  9.702  -48.827  52.390 0.0000000000
62223  9.901  -48.293  50.759 0.0000000000
62251  10.132  -47.513  49.773 0.0000000000
57307  16.983  -49.287  53.032 0.0000000000
56104  16.517  -49.540  51.824 0.0000000000
56077  16.324  -49.639  53.338 0.0000000000
54772  14.165  -50.406  54.281 0.0000000000
54793  13.469  -51.191  52.669 0.0000000000
53529  12.993  -52.067  51.619 0.0000000000
49697  10.725  -55.655  51.516 0.0000000000
48435  9.895  -55.917  52.376 0.0000000000
52193  10.401  -53.291  54.583 0.0000000000
49658  9.538  -54.972  53.547 0.0000000000
49670  9.179  -55.579  53.253 0.0000000000
49661  8.267  -54.855  53.532 0.0000000000
50903  7.719  -54.239  53.126 0.0000000000
58620  6.629  -48.347  46.667 0.0000000000
57397  7.431  -48.974  45.668 0.0000000000
58636  6.181  -48.395  45.866 0.0000000000
59853  5.521  -47.432  45.119 0.0000000000
61045  5.780  -46.617  44.185 0.0000000000
67354  6.064  -43.551  47.195 0.0000000000
64945  5.809  -44.699  45.068 0.0000000000
62371  6.378  -45.984  43.775 0.0000000000
64976  5.997  -44.611  43.655 0.0000000000
66203  6.264  -43.967  43.118 0.0000000000
67411  6.635  -42.940  43.118 0.0000000000
63515  14.258  -46.802  54.579 0.0000000000
58561  18.884  -48.281  52.731 0.0000000000
62158  22.698  -44.578  55.978 0.0000000000
62160  21.411  -44.623  56.631 0.0000000000
60881  21.433  -45.537  55.394 0.0000000000
59722  20.122  -46.532  54.457 0.0000000000
59736  19.021  -47.358  54.426 0.0000000000
58552  18.173  -48.395  53.848 0.0000000000
58512  17.229  -48.248  55.312 0.0000000000
58513  16.523  -48.523  55.338 0.0000000000
60887  16.504  -46.896  55.830 0.0000000000
59716  15.553  -47.933  55.446 0.0000000000
62171  15.678  -46.660  55.382 0.0000000000
62172  14.605  -47.002  55.136 0.0000000000
52333  7.009  -55.897  46.111 0.0000000000
52331  8.509  -55.130  47.234 0.0000000000
52319  8.427  -55.132  48.542 0.0000000000
52318  8.730  -54.617  48.282 0.0000000000
53590  8.979  -54.387  47.798 0.0000000000
54856  9.823  -52.626  48.069 0.0000000000
56178  9.502  -50.915  47.982 0.0000000000
56200  8.501  -49.828  47.393 0.0000000000
54805  7.926  -52.059  51.848 0.0000000000
56121  8.197  -51.644  51.713 0.0000000000
56135  8.531  -50.999  50.872 0.0000000000
59791  8.071  -48.996  50.366 0.0000000000
58582  7.736  -49.856  50.276 0.0000000000
57344  7.802  -50.214  49.689 0.0000000000
56162  8.211  -50.516  49.264 0.0000000000
57352  7.373  -49.110  47.801 0.0000000000
57362  7.305  -49.024  47.304 0.0000000000
59836  6.674  -47.885  47.001 0.0000000000
62288  6.607  -45.618  47.386 0.0000000000
62254  5.389  -45.490  49.152 0.0000000000
63613  6.174  -45.358  49.566 0.0000000000
63593  5.306  -44.896  50.333 0.0000000000
64806  4.992  -44.059  50.420 0.0000000000
45893  9.666  -58.584  47.875 0.0000000000
45844  9.105  -58.377  49.618 0.0000000000
53640  9.587  -53.999  44.842 0.0000000000
54935  8.635  -54.363  43.496 0.0000000000
56342  9.762  -52.660  38.432 0.0000000000
57432  8.878  -48.781  45.176 0.0000000000
58680  10.582  -48.795  44.548 0.0000000000
58701  12.093  -49.136  43.088 0.0000000000
59901  10.558  -47.286  42.860 0.0000000000
59900  11.975  -47.943  42.599 0.0000000000
57475  12.514  -49.919  41.752 0.0000000000
57497  11.656  -50.952  40.520 0.0000000000
56329  11.402  -51.397  38.878 0.0000000000
55010  9.948  -52.230  37.610 0.0000000000
56362  9.250  -51.200  36.472 0.0000000000
61171  8.918  -47.762  36.741 0.0000000000
59994  7.592  -48.658  36.096 0.0000000000
71024  7.258  -40.735  48.289 0.0000000000
71023  7.922  -39.703  48.011 0.0000000000
69823  7.627  -41.183  47.528 0.0000000000
68659  7.908  -41.864  45.637 0.0000000000
68674  7.601  -42.305  44.578 0.0000000000
69867  6.701  -41.517  42.528 0.0000000000
68687  9.588  -41.081  43.908 0.0000000000
69865  7.934  -41.107  42.795 0.0000000000
69894  6.336  -41.375  41.061 0.0000000000
67460  7.074  -41.734  39.716 0.0000000000
68741  7.299  -41.562  38.325 0.0000000000
67503  7.510  -42.102  36.897 0.0000000000
66313  6.992  -42.083  36.142 0.0000000000
62186  13.288  -47.584  53.990 0.0000000000
63516  13.765  -47.125  54.274 0.0000000000
62174  12.877  -47.983  54.843 0.0000000000
60897  12.718  -48.269  55.098 0.0000000000
53715  8.284  -53.730  37.629 0.0000000000
53730  7.989  -53.708  37.066 0.0000000000
55020  8.489  -53.057  36.997 0.0000000000
57305  18.130  -48.656  52.363 0.0000000000
57317  17.420  -49.105  51.900 0.0000000000
49717  8.310  -55.385  51.500 0.0000000000
57377  8.573  -49.663  46.747 0.0000000000
56218  9.243  -50.090  46.630 0.0000000000
56219  8.841  -49.745  46.527 0.0000000000
65023  7.299  -43.857  41.056 0.0000000000
65024  6.927  -43.373  41.121 0.0000000000
66236  7.759  -43.120  40.343 0.0000000000
66238  6.933  -42.663  40.803 0.0000000000
56068  8.249  -51.391  54.681 0.0000000000
58544  8.176  -50.825  53.708 0.0000000000
58543  8.579  -50.727  54.215 0.0000000000
57280  15.914  -49.732  55.060 0.0000000000
56051  15.861  -50.025  54.742 0.0000000000
56052  15.045  -50.270  55.095 0.0000000000
53479  11.954  -52.168  54.445 0.0000000000
53496  11.992  -52.483  53.710 0.0000000000
52239  11.859  -52.845  53.029 0.0000000000
52240  11.587  -53.421  53.187 0.0000000000
50899  11.464  -54.021  53.080 0.0000000000
57290  9.202  -50.841  55.475 0.0000000000
56055  8.943  -51.392  55.513 0.0000000000
56056  8.322  -51.627  55.070 0.0000000000
56057  7.799  -52.011  54.864 0.0000000000
64849  5.479  -44.774  48.507 0.0000000000
64873  5.588  -44.496  47.995 0.0000000000
69825  6.420  -42.011  48.194 0.0000000000
68643  6.672  -43.001  47.010 0.0000000000
48500  6.945  -57.589  47.495 0.0000000000
49757  7.105  -57.086  47.154 0.0000000000
49747  7.202  -57.180  47.747 0.0000000000
54830  8.832  -52.995  50.083 0.0000000000
56147  8.577  -51.400  49.946 0.0000000000
60937  8.371  -49.433  51.543 0.0000000000
60991  7.744  -47.490  47.636 0.0000000000
61001  7.238  -46.425  47.356 0.0000000000
61002  6.909  -46.043  47.362 0.0000000000
62304  7.168  -45.759  47.526 0.0000000000
47144  9.693  -56.980  51.210 0.0000000000
47167  9.753  -57.195  50.793 0.0000000000
47168  9.385  -57.507  50.811 0.0000000000
43201  7.906  -59.355  48.709 0.0000000000
47243  6.318  -58.499  46.717 0.0000000000
53621  9.293  -54.360  45.569 0.0000000000
56252  11.205  -52.128  43.233 0.0000000000
56270  11.596  -51.354  42.549 0.0000000000
56292  11.391  -51.635  41.813 0.0000000000
58705  7.052  -47.591  43.312 0.0000000000
58704  7.863  -47.598  43.370 0.0000000000
58722  7.288  -47.394  42.988 0.0000000000
62468  12.254  -46.580  39.145 0.0000000000
62467  12.503  -47.363  39.508 0.0000000000
61147  11.940  -47.110  38.441 0.0000000000
61168  11.971  -48.354  38.098 0.0000000000
61169  11.379  -47.704  37.854 0.0000000000
59977  10.557  -48.763  37.223 0.0000000000
65066  8.048  -44.545  36.623 0.0000000000
63844  8.131  -45.387  36.679 0.0000000000
63863  7.759  -44.986  36.408 0.0000000000
72393  8.737  -38.544  47.263 0.0000000000
71043  9.246  -40.233  46.373 0.0000000000
71042  9.859  -39.630  45.930 0.0000000000
71113  9.838  -39.549  40.865 0.0000000000
71098  10.131  -39.642  41.545 0.0000000000
72464  8.488  -39.683  40.704 0.0000000000
71115  7.100  -39.674  39.679 0.0000000000
71123  7.843  -39.264  39.168 0.0000000000
59738  10.680  -49.558  54.694 0.0000000000
60904  11.560  -48.899  54.559 0.0000000000
62193  12.737  -47.766  53.450 0.0000000000
59717  14.552  -48.284  55.437 0.0000000000
57266  14.133  -49.865  55.948 0.0000000000
57267  12.506  -49.995  56.387 0.0000000000
58511  12.716  -49.872  56.474 0.0000000000
57262  12.368  -50.646  56.427 0.0000000000
56038  12.502  -51.203  55.960 0.0000000000
54742  11.793  -51.234  56.482 0.0000000000
54749  11.375  -51.462  56.056 0.0000000000
56039  11.541  -50.911  56.455 0.0000000000
59728  11.258  -49.387  55.712 0.0000000000
58519  11.046  -49.909  55.991 0.0000000000
58531  10.856  -50.045  55.811 0.0000000000
58532  9.978  -50.783  55.539 0.0000000000
67311  5.589  -42.801  50.245 0.0000000000
69810  6.194  -41.265  49.571 0.0000000000
71015  6.402  -40.793  49.047 0.0000000000
48482  7.528  -57.200  49.090 0.0000000000
49736  7.690  -56.601  49.050 0.0000000000
52303  8.624  -54.895  50.380 0.0000000000
62252  9.635  -47.729  49.478 0.0000000000
62267  9.459  -47.539  48.687 0.0000000000
62302  8.721  -46.266  47.520 0.0000000000
63668  8.067  -45.339  47.589 0.0000000000
63649  7.341  -44.864  47.975 0.0000000000
48423  8.557  -56.062  52.594 0.0000000000
48438  8.423  -56.574  51.890 0.0000000000
48449  7.797  -56.922  50.963 0.0000000000
47148  7.872  -57.541  51.049 0.0000000000
45827  7.765  -58.327  50.238 0.0000000000
45846  7.423  -58.468  49.252 0.0000000000
54868  10.057  -52.543  46.978 0.0000000000
56176  10.114  -51.984  47.040 0.0000000000
57393  10.351  -50.248  45.995 0.0000000000
57375  10.448  -50.929  46.328 0.0000000000
57391  11.510  -51.113  45.139 0.0000000000
57409  10.998  -49.855  45.480 0.0000000000
62417  7.017  -45.603  42.583 0.0000000000
61103  8.076  -45.985  42.200 0.0000000000
62416  7.469  -45.651  42.167 0.0000000000
63804  8.501  -44.879  40.680 0.0000000000
62443  8.566  -45.263  40.898 0.0000000000
63802  10.173  -45.001  40.305 0.0000000000
65035  10.526  -44.687  38.871 0.0000000000
65019  10.005  -44.437  39.694 0.0000000000
66257  8.587  -42.667  39.162 0.0000000000
66256  9.325  -42.901  38.768 0.0000000000
67456  8.745  -42.492  38.086 0.0000000000
67477  9.107  -43.146  37.232 0.0000000000
72491  10.672  -38.750  39.784 0.0000000000
72507  8.905  -38.889  38.341 0.0000000000
72506  9.827  -38.900  38.573 0.0000000000
53511  7.563  -53.013  53.490 0.0000000000
53523  7.786  -53.000  53.006 0.0000000000
54783  7.584  -52.389  53.429 0.0000000000
59751  7.502  -49.917  53.551 0.0000000000
57308  6.979  -50.487  53.793 0.0000000000
59761  7.626  -49.745  53.058 0.0000000000
60921  8.849  -49.438  52.657 0.0000000000
60910  10.639  -48.931  53.560 0.0000000000
60919  10.463  -48.655  52.743 0.0000000000
62206  10.634  -48.422  52.074 0.0000000000
62222  10.541  -48.207  51.114 0.0000000000
62207  10.026  -48.498  51.519 0.0000000000
62238  9.762  -47.932  50.099 0.0000000000
62237  10.316  -47.827  50.387 0.0000000000
57298  17.057  -49.301  53.687 0.0000000000
56079  15.068  -50.361  53.783 0.0000000000
56092  15.021  -50.384  53.090 0.0000000000
56053  13.719  -50.504  55.005 0.0000000000
56067  14.220  -50.383  54.600 0.0000000000
54773  13.414  -51.063  54.240 0.0000000000
53508  12.811  -51.750  52.850 0.0000000000
54782  13.437  -51.056  53.334 0.0000000000
53521  12.878  -51.880  52.236 0.0000000000
54804  13.496  -51.372  52.058 0.0000000000
50968  11.724  -54.188  50.914 0.0000000000
49667  10.647  -54.998  52.626 0.0000000000
49682  10.681  -55.414  52.145 0.0000000000
48434  10.302  -55.720  52.215 0.0000000000
49668  10.168  -55.155  52.947 0.0000000000
53469  10.767  -51.940  55.528 0.0000000000
53482  10.086  -52.419  55.201 0.0000000000
52195  9.080  -53.357  54.500 0.0000000000
50870  9.568  -53.889  54.316 0.0000000000
50881  9.347  -54.527  53.954 0.0000000000
49659  9.006  -55.138  53.648 0.0000000000
49671  8.719  -55.590  53.210 0.0000000000
50883  8.372  -54.585  53.810 0.0000000000
53498  7.330  -53.091  53.960 0.0000000000
50885  7.760  -54.130  53.549 0.0000000000
52219  7.645  -53.611  53.547 0.0000000000
52242  7.681  -53.599  53.073 0.0000000000
59837  6.354  -47.465  46.428 0.0000000000
58621  6.012  -47.925  46.129 0.0000000000
61010  6.062  -46.595  45.700 0.0000000000
61019  5.813  -46.770  45.299 0.0000000000
59860  5.513  -47.171  44.471 0.0000000000
62344  5.887  -46.298  45.040 0.0000000000
66107  5.628  -43.233  48.370 0.0000000000
66125  5.654  -43.510  47.657 0.0000000000
67346  5.823  -43.286  47.609 0.0000000000
66144  6.386  -43.720  45.746 0.0000000000
66145  6.167  -44.106  45.780 0.0000000000
63727  5.962  -45.445  44.458 0.0000000000
64961  5.813  -44.678  44.310 0.0000000000
63745  6.096  -45.392  43.792 0.0000000000
66171  5.861  -44.040  44.199 0.0000000000
67377  6.784  -43.166  44.715 0.0000000000
67396  6.592  -43.242  44.148 0.0000000000
67395  6.914  -42.835  43.935 0.0000000000
63524  15.323  -46.298  54.245 0.0000000000
63523  15.817  -45.787  54.072 0.0000000000
59746  20.335  -46.638  53.471 0.0000000000
58559  19.819  -47.270  52.588 0.0000000000
59759  19.836  -47.212  53.159 0.0000000000
58550  19.293  -47.681  53.244 0.0000000000
62161  20.383  -44.911  56.809 0.0000000000
63493  21.326  -44.189  57.314 0.0000000000
62168  21.409  -45.004  56.098 0.0000000000
60882  20.879  -45.612  55.609 0.0000000000
60895  20.667  -46.108  54.994 0.0000000000
60896  20.138  -46.275  55.244 0.0000000000
58540  18.722  -47.839  54.048 0.0000000000
58526  18.555  -47.829  54.437 0.0000000000
59715  16.533  -47.632  55.556 0.0000000000
62170  16.547  -46.249  55.815 0.0000000000
60888  15.547  -47.249  55.486 0.0000000000
64740  15.872  -45.992  54.856 0.0000000000
63507  15.314  -46.627  54.973 0.0000000000
63514  15.182  -46.570  54.752 0.0000000000
48525  6.096  -58.100  45.631 0.0000000000
49766  6.391  -57.390  45.800 0.0000000000
51036  7.059  -56.525  46.612 0.0000000000
52326  7.365  -55.886  46.807 0.0000000000
52332  7.874  -55.423  46.527 0.0000000000
51022  7.632  -56.035  48.032 0.0000000000
53577  9.128  -53.907  48.891 0.0000000000
53576  9.479  -53.472  48.260 0.0000000000
56161  8.813  -50.810  49.095 0.0000000000
56179  9.004  -50.425  48.199 0.0000000000
54806  7.788  -52.453  52.155 0.0000000000
56107  7.788  -51.609  52.207 0.0000000000
57329  8.085  -50.507  51.980 0.0000000000
57319  8.068  -51.105  52.154 0.0000000000
57328  8.384  -51.053  51.542 0.0000000000
57338  8.271  -50.568  50.933 0.0000000000
60970  8.191  -48.307  49.987 0.0000000000
59792  7.684  -49.106  49.795 0.0000000000
59809  7.408  -48.305  47.843 0.0000000000
58604  7.379  -49.120  48.157 0.0000000000
59825  7.045  -47.632  47.275 0.0000000000
62287  6.528  -45.369  47.788 0.0000000000
62269  5.920  -45.229  48.364 0.0000000000
63631  6.576  -45.322  48.876 0.0000000000
56118  16.425  -49.507  51.060 0.0000000000
56132  15.624  -49.728  50.607 0.0000000000
45843  9.469  -58.124  49.131 0.0000000000
45825  8.637  -58.379  50.228 0.0000000000
45824  9.110  -57.822  50.662 0.0000000000
45845  8.886  -58.503  49.699 0.0000000000
47244  5.986  -58.730  46.100 0.0000000000
53643  7.440  -54.897  44.167 0.0000000000
53644  7.162  -55.333  44.035 0.0000000000
53659  7.229  -55.369  43.726 0.0000000000
54936  7.996  -54.615  43.316 0.0000000000
53619  10.423  -53.178  45.514 0.0000000000
53639  10.167  -53.521  44.943 0.0000000000
54934  9.512  -53.619  43.322 0.0000000000
54956  8.350  -54.595  42.734 0.0000000000
56273  9.698  -52.963  41.734 0.0000000000
57499  10.689  -52.205  40.519 0.0000000000
56295  9.667  -52.927  40.862 0.0000000000
56314  10.156  -52.556  40.361 0.0000000000
56332  9.411  -53.116  39.126 0.0000000000
56331  10.237  -52.477  39.422 0.0000000000
57413  7.886  -48.810  45.246 0.0000000000
57412  8.603  -49.058  45.523 0.0000000000
58702  9.364  -48.224  43.937 0.0000000000
58681  9.787  -48.477  44.474 0.0000000000
59869  10.549  -48.414  44.025 0.0000000000
59868  10.992  -48.696  44.155 0.0000000000
59880  11.300  -48.547  43.613 0.0000000000
61078  9.376  -46.384  42.211 0.0000000000
59902  9.485  -47.049  42.706 0.0000000000
61077  10.227  -46.617  42.310 0.0000000000
59919  12.536  -48.039  41.449 0.0000000000
59920  12.305  -47.681  41.934 0.0000000000
58720  12.494  -48.932  42.191 0.0000000000
58737  12.614  -49.193  41.036 0.0000000000
57496  12.347  -50.200  40.725 0.0000000000
58753  12.479  -49.453  39.957 0.0000000000
58794  11.636  -50.245  37.698 0.0000000000
57545  11.783  -50.774  38.594 0.0000000000
56349  11.044  -51.156  37.745 0.0000000000
56341  10.518  -52.123  38.348 0.0000000000
56350  10.538  -51.472  37.488 0.0000000000
55019  9.323  -52.065  36.876 0.0000000000
56351  9.860  -51.286  36.877 0.0000000000
58811  9.210  -49.671  36.552 0.0000000000
58813  7.991  -49.569  36.114 0.0000000000
63842  10.138  -45.496  37.611 0.0000000000
62488  9.481  -46.581  37.214 0.0000000000
62509  7.622  -47.156  36.353 0.0000000000
61189  7.979  -47.761  36.414 0.0000000000
59995  6.690  -48.661  35.623 0.0000000000
72375  7.686  -38.379  48.127 0.0000000000
68641  7.468  -41.885  46.604 0.0000000000
69832  8.020  -41.300  46.648 0.0000000000
68658  8.566  -41.621  45.295 0.0000000000
68673  8.166  -41.890  44.487 0.0000000000
68691  7.024  -42.132  43.498 0.0000000000
68690  7.674  -41.731  43.543 0.0000000000
71068  10.819  -39.641  43.295 0.0000000000
71053  11.325  -39.090  44.153 0.0000000000
71054  10.888  -39.536  44.546 0.0000000000
71055  10.322  -40.085  45.022 0.0000000000
69863  9.678  -40.650  43.250 0.0000000000
71101  7.464  -40.276  41.309 0.0000000000
69879  8.259  -40.509  42.200 0.0000000000
71086  6.991  -40.708  41.810 0.0000000000
71087  6.459  -40.967  41.851 0.0000000000
71103  6.345  -40.853  40.968 0.0000000000
68730  6.768  -41.426  39.928 0.0000000000
69900  6.454  -41.099  40.373 0.0000000000
69917  6.831  -40.650  38.464 0.0000000000
69916  6.927  -41.563  38.291 0.0000000000
67481  7.339  -41.699  37.498 0.0000000000
67502  7.855  -42.392  36.990 0.0000000000
67504  7.307  -41.839  36.818 0.0000000000
72523  7.063  -38.844  37.331 0.0000000000
60899  11.642  -49.022  55.118 0.0000000000
60903  12.220  -48.537  54.818 0.0000000000
62192  13.420  -47.310  53.290 0.0000000000
60890  13.355  -47.997  55.223 0.0000000000
59719  12.373  -49.047  55.606 0.0000000000
58518  11.725  -49.803  56.024 0.0000000000
59727  11.834  -49.125  55.698 0.0000000000
55032  7.729  -52.663  36.221 0.0000000000
50985  8.324  -55.585  50.537 0.0000000000
53541  8.115  -53.526  51.483 0.0000000000
49684  8.291  -55.586  52.232 0.0000000000
48466  7.742  -57.264  50.245 0.0000000000
49716  7.997  -56.277  50.698 0.0000000000
56198  9.529  -50.687  47.190 0.0000000000
56197  9.977  -51.101  46.879 0.0000000000
56217  9.628  -50.452  46.683 0.0000000000
57394  9.573  -50.011  46.098 0.0000000000
65003  7.110  -44.628  41.623 0.0000000000
63779  7.620  -45.339  41.661 0.0000000000
63806  7.480  -44.587  41.243 0.0000000000
65021  8.374  -44.166  40.382 0.0000000000
66233  9.664  -43.660  39.282 0.0000000000
66235  8.264  -43.277  40.041 0.0000000000
66258  8.006  -42.478  39.493 0.0000000000
56070  7.478  -52.087  54.088 0.0000000000
56081  7.529  -51.784  53.820 0.0000000000
58554  7.642  -50.373  53.689 0.0000000000
59750  8.570  -50.114  53.471 0.0000000000
62205  11.481  -48.113  52.380 0.0000000000
62235  11.695  -47.603  51.027 0.0000000000
62250  10.771  -47.515  49.992 0.0000000000
62249  11.506  -47.417  50.265 0.0000000000
57289  16.462  -49.555  54.459 0.0000000000
56064  16.405  -49.687  53.967 0.0000000000
56065  15.878  -50.234  54.253 0.0000000000
54761  12.868  -51.486  54.900 0.0000000000
54774  12.795  -51.633  54.264 0.0000000000
53509  12.292  -52.357  53.068 0.0000000000
53522  12.342  -52.496  52.485 0.0000000000
50900  11.001  -54.305  53.215 0.0000000000
56042  9.467  -51.182  55.808 0.0000000000
54763  9.429  -52.068  55.340 0.0000000000
54752  9.259  -51.608  55.519 0.0000000000
54764  8.784  -52.079  55.234 0.0000000000
53484  8.604  -52.772  54.676 0.0000000000
52196  8.363  -53.557  54.309 0.0000000000
53485  8.043  -52.873  54.497 0.0000000000
54775  7.494  -52.451  54.198 0.0000000000
62289  6.402  -45.739  46.993 0.0000000000
61003  6.239  -46.676  46.117 0.0000000000
63670  6.229  -45.319  46.851 0.0000000000
63682  6.157  -45.352  46.394 0.0000000000
64911  6.078  -44.831  46.320 0.0000000000
68628  6.015  -43.026  47.765 0.0000000000
68644  6.166  -43.493  47.116 0.0000000000
66156  6.271  -43.682  45.317 0.0000000000
67379  6.047  -43.745  44.651 0.0000000000
68676  6.819  -43.329  45.408 0.0000000000
68660  7.415  -42.518  45.756 0.0000000000
59734  20.171  -46.610  54.000 0.0000000000
60877  20.223  -45.547  56.269 0.0000000000
59725  18.241  -47.623  55.065 0.0000000000
60885  18.487  -46.545  56.117 0.0000000000
60886  17.631  -46.456  56.236 0.0000000000
51023  7.391  -56.298  47.283 0.0000000000
53566  8.758  -54.201  50.100 0.0000000000
53565  8.942  -53.579  49.802 0.0000000000
58563  6.692  -50.177  52.788 0.0000000000
57320  7.162  -50.831  52.400 0.0000000000
59769  7.922  -49.952  51.501 0.0000000000
60981  8.133  -48.044  48.774 0.0000000000
59808  7.516  -48.556  48.664 0.0000000000
56120  14.838  -50.249  51.608 0.0000000000
56133  14.849  -50.264  50.738 0.0000000000
47166  10.141  -56.985  50.367 0.0000000000
47180  9.666  -57.611  49.867 0.0000000000
44472  8.477  -58.625  49.834 0.0000000000
47197  7.183  -58.059  48.650 0.0000000000
45895  6.657  -58.658  47.835 0.0000000000
52343  7.466  -55.462  45.752 0.0000000000
52344  6.897  -55.734  45.250 0.0000000000
53623  7.698  -55.200  45.028 0.0000000000
53642  8.174  -54.609  44.385 0.0000000000
54914  10.709  -52.799  44.614 0.0000000000
54932  11.000  -52.519  43.859 0.0000000000
54953  10.328  -52.776  42.670 0.0000000000
56272  10.336  -52.517  42.120 0.0000000000
56293  10.898  -52.088  41.573 0.0000000000
57498  11.146  -51.659  40.465 0.0000000000
57435  7.168  -48.252  44.326 0.0000000000
57434  7.634  -48.415  44.554 0.0000000000
58683  8.120  -48.190  44.168 0.0000000000
58703  8.726  -48.001  43.694 0.0000000000
59882  9.613  -47.727  43.378 0.0000000000
62442  11.213  -45.837  40.690 0.0000000000
62411  11.454  -46.365  41.261 0.0000000000
62410  12.126  -46.730  40.840 0.0000000000
61125  12.530  -47.670  40.267 0.0000000000
59955  12.629  -48.713  39.248 0.0000000000
59956  12.300  -48.901  38.429 0.0000000000
58795  10.896  -49.838  37.250 0.0000000000
57565  10.355  -50.579  36.997 0.0000000000
59978  9.383  -48.709  36.703 0.0000000000
62490  7.730  -46.036  36.525 0.0000000000
71032  8.687  -39.732  47.204 0.0000000000
69831  8.624  -40.778  46.643 0.0000000000
68657  9.127  -41.356  45.127 0.0000000000
71082  10.685  -39.540  42.260 0.0000000000
71083  9.826  -40.201  42.339 0.0000000000
69877  9.528  -40.495  42.669 0.0000000000
71084  8.802  -40.290  41.866 0.0000000000
71100  8.217  -40.087  41.381 0.0000000000
72466  7.199  -39.983  40.616 0.0000000000
71117  6.521  -40.523  40.122 0.0000000000
71116  6.633  -39.964  39.939 0.0000000000
71137  6.529  -40.175  38.094 0.0000000000
58542  9.249  -50.741  55.048 0.0000000000
59739  9.526  -50.347  54.446 0.0000000000
59748  10.533  -49.363  54.106 0.0000000000
62194  11.762  -48.341  53.413 0.0000000000
62188  11.852  -48.591  54.082 0.0000000000
57265  14.895  -49.539  55.476 0.0000000000
56035  15.015  -49.959  55.385 0.0000000000
56037  13.270  -50.764  55.756 0.0000000000
58510  13.066  -49.788  56.487 0.0000000000
57260  13.397  -50.128  56.369 0.0000000000
54747  12.587  -51.372  55.542 0.0000000000
54762  12.216  -51.652  55.131 0.0000000000
53467  11.759  -51.878  55.055 0.0000000000
52191  11.439  -52.846  54.251 0.0000000000
53468  11.363  -51.949  55.363 0.0000000000
54750  10.531  -51.453  55.810 0.0000000000
57269  11.242  -50.379  56.251 0.0000000000
57270  10.636  -50.612  56.096 0.0000000000
56041  10.112  -51.125  55.849 0.0000000000
58521  9.864  -50.957  55.788 0.0000000000
66086  5.173  -43.816  49.308 0.0000000000
67327  5.333  -43.310  49.749 0.0000000000
66085  5.593  -43.328  48.898 0.0000000000
67340  5.825  -42.986  48.458 0.0000000000
68585  6.072  -41.972  50.288 0.0000000000
68598  6.078  -42.169  49.404 0.0000000000
68612  6.074  -42.535  48.423 0.0000000000
49746  7.426  -56.763  48.297 0.0000000000
60953  9.290  -48.336  50.413 0.0000000000
62284  9.198  -47.071  47.892 0.0000000000
60989  8.868  -47.617  48.378 0.0000000000
63669  7.451  -45.410  47.631 0.0000000000
47126  9.109  -57.023  51.629 0.0000000000
47145  9.286  -57.236  51.296 0.0000000000
47127  8.898  -57.218  51.514 0.0000000000
45782  8.647  -57.519  51.293 0.0000000000
45805  8.328  -57.903  51.021 0.0000000000
47129  7.993  -57.034  51.519 0.0000000000
47147  7.991  -57.621  51.255 0.0000000000
45826  8.088  -58.440  50.489 0.0000000000
44474  7.918  -58.661  49.967 0.0000000000
45847  7.278  -58.213  48.978 0.0000000000
47183  7.294  -57.964  49.048 0.0000000000
48483  7.260  -57.694  48.583 0.0000000000
53589  9.582  -53.582  47.382 0.0000000000
53603  9.596  -53.795  46.377 0.0000000000
53588  10.000  -53.093  46.869 0.0000000000
53602  10.208  -53.276  46.204 0.0000000000
54882  10.562  -52.498  46.063 0.0000000000
56196  10.397  -51.660  46.519 0.0000000000
57374  10.762  -51.429  46.000 0.0000000000
56216  11.198  -51.758  45.277 0.0000000000
56215  11.473  -51.392  45.047 0.0000000000
56235  11.578  -51.303  44.700 0.0000000000
61080  6.996  -46.791  42.756 0.0000000000
59904  7.738  -47.040  42.738 0.0000000000
59922  7.530  -46.564  42.592 0.0000000000
61102  8.663  -46.042  42.058 0.0000000000
62413  9.497  -45.840  41.467 0.0000000000
62444  8.143  -45.382  41.171 0.0000000000
62414  8.637  -45.609  41.336 0.0000000000
63777  10.308  -45.434  40.819 0.0000000000
63776  10.815  -45.618  40.684 0.0000000000
63801  11.156  -45.453  39.924 0.0000000000
63824  11.072  -45.364  38.471 0.0000000000
66255  9.724  -43.528  38.200 0.0000000000
65050  9.743  -44.454  37.612 0.0000000000
66279  8.783  -43.487  36.921 0.0000000000
65052  8.251  -43.927  36.694 0.0000000000
72478  10.229  -39.255  40.315 0.0000000000
72493  9.054  -39.217  39.221 0.0000000000
72494  8.318  -39.108  38.933 0.0000000000
72520  9.672  -38.613  37.610 0.0000000000
55013  8.451  -53.827  38.332 0.0000000000
50949  7.864  -54.239  52.258 0.0000000000
52281  7.814  -53.836  52.122 0.0000000000
54794  7.696  -52.366  52.880 0.0000000000
57300  7.464  -51.335  53.518 0.0000000000
57309  6.914  -50.856  53.314 0.0000000000
58570  6.938  -49.672  52.687 0.0000000000
60936  8.705  -49.182  51.793 0.0000000000
59740  8.729  -50.454  53.976 0.0000000000
60935  9.360  -48.609  51.282 0.0000000000
62266  10.078  -47.457  48.968 0.0000000000
62265  10.673  -47.343  49.252 0.0000000000
57297  17.704  -48.739  53.393 0.0000000000
57306  17.516  -48.902  52.675 0.0000000000
56090  16.323  -49.596  52.612 0.0000000000
56105  15.653  -49.890  52.137 0.0000000000
56091  15.640  -49.949  52.909 0.0000000000
54816  13.470  -51.544  51.347 0.0000000000
54781  14.160  -50.439  53.850 0.0000000000
52290  12.386  -53.330  51.202 0.0000000000
48464  10.318  -56.469  51.076 0.0000000000
48447  9.750  -56.613  51.575 0.0000000000
52192  11.030  -53.108  54.488 0.0000000000
52216  10.716  -53.561  54.179 0.0000000000
50880  10.266  -54.168  53.866 0.0000000000
52194  9.743  -53.248  54.681 0.0000000000
50869  10.006  -53.698  54.401 0.0000000000
49657  9.965  -54.892  53.392 0.0000000000
49669  9.625  -55.369  53.161 0.0000000000
48421  9.388  -55.889  52.781 0.0000000000
48436  9.233  -56.621  51.996 0.0000000000
48422  8.938  -56.156  52.767 0.0000000000
49672  8.160  -55.245  53.079 0.0000000000
52217  8.173  -54.136  54.027 0.0000000000
50902  7.858  -54.577  53.307 0.0000000000
49673  7.858  -54.735  53.066 0.0000000000
49685  7.975  -54.824  52.724 0.0000000000
50925  7.778  -54.242  52.646 0.0000000000
57379  7.069  -48.952  46.355 0.0000000000
57398  6.529  -48.545  45.260 0.0000000000
59845  5.929  -47.278  45.760 0.0000000000
58651  5.519  -47.903  45.258 0.0000000000
57415  6.511  -48.375  44.730 0.0000000000
58666  6.114  -48.066  44.498 0.0000000000
58686  6.236  -47.533  43.913 0.0000000000
58707  6.294  -47.343  43.659 0.0000000000
66109  5.441  -44.139  48.061 0.0000000000
66126  5.690  -43.992  47.485 0.0000000000
66136  6.123  -44.140  46.605 0.0000000000
64927  6.010  -44.755  45.775 0.0000000000
62357  5.991  -46.162  44.598 0.0000000000
61060  6.102  -46.268  44.015 0.0000000000
61059  6.147  -46.536  43.722 0.0000000000
62391  6.593  -45.942  43.394 0.0000000000
62418  6.807  -45.744  42.940 0.0000000000
63760  6.468  -45.410  42.955 0.0000000000
66184  6.102  -43.963  43.574 0.0000000000
64990  6.400  -44.681  42.629 0.0000000000
66202  6.363  -43.726  42.544 0.0000000000
67424  6.487  -42.706  42.013 0.0000000000
63525  14.430  -46.691  53.926 0.0000000000
63535  15.104  -46.309  53.567 0.0000000000
57296  18.145  -48.527  52.943 0.0000000000
62159  22.203  -44.561  56.362 0.0000000000
60902  20.805  -46.190  54.456 0.0000000000
59735  19.424  -47.044  54.114 0.0000000000
58539  19.133  -47.584  53.708 0.0000000000
58551  18.615  -48.206  53.460 0.0000000000
58528  17.453  -48.482  55.061 0.0000000000
57278  17.264  -49.008  54.653 0.0000000000
57279  16.590  -49.303  54.913 0.0000000000
58514  15.617  -48.678  55.358 0.0000000000
62164  18.023  -45.475  56.653 0.0000000000
62169  17.290  -45.874  56.313 0.0000000000
60889  14.504  -47.608  55.319 0.0000000000
63506  15.954  -46.165  55.258 0.0000000000
62179  14.828  -46.826  54.960 0.0000000000
62180  14.087  -46.881  54.992 0.0000000000
51037  6.674  -56.674  45.993 0.0000000000
52334  6.682  -56.252  45.610 0.0000000000
56159  9.665  -51.795  48.353 0.0000000000
53542  7.848  -53.339  51.947 0.0000000000
54818  7.926  -52.978  51.768 0.0000000000
56134  8.566  -51.503  50.965 0.0000000000
60955  8.406  -49.013  50.942 0.0000000000
59779  7.923  -49.588  50.775 0.0000000000
56148  8.356  -50.873  50.289 0.0000000000
57351  7.638  -49.658  48.336 0.0000000000
57361  7.801  -49.494  47.345 0.0000000000
59826  6.644  -47.290  46.827 0.0000000000
60993  6.728  -46.643  46.964 0.0000000000
62270  5.752  -45.153  47.612 0.0000000000
63634  5.712  -44.960  48.166 0.0000000000
63633  5.386  -45.097  48.818 0.0000000000
63651  6.523  -45.281  48.306 0.0000000000
63632  6.075  -45.389  48.899 0.0000000000
64828  5.825  -45.234  50.125 0.0000000000
63614  5.465  -45.442  49.578 0.0000000000
62253  5.186  -45.627  49.348 0.0000000000
63615  5.060  -45.203  49.564 0.0000000000
64829  4.949  -44.381  49.799 0.0000000000
66068  4.961  -43.719  50.142 0.0000000000
56103  17.035  -49.352  51.322 0.0000000000
56117  17.086  -49.349  50.738 0.0000000000
56131  16.386  -49.422  50.337 0.0000000000
45867  9.305  -58.617  48.677 0.0000000000
52354  6.900  -55.803  44.552 0.0000000000
53641  8.951  -54.478  44.713 0.0000000000
54917  8.726  -54.392  44.175 0.0000000000
54915  9.983  -53.560  44.169 0.0000000000
54916  9.268  -54.151  44.094 0.0000000000
56343  9.240  -53.137  38.364 0.0000000000
57396  8.292  -49.393  46.000 0.0000000000
57411  9.299  -49.284  45.530 0.0000000000
58664  9.334  -48.747  45.030 0.0000000000
58662  10.730  -49.313  45.008 0.0000000000
58661  11.222  -49.659  44.890 0.0000000000
58679  11.335  -49.288  44.238 0.0000000000
57431  11.809  -50.035  43.681 0.0000000000
59884  8.178  -47.236  42.885 0.0000000000
61076  11.256  -46.816  42.200 0.0000000000
58721  12.244  -48.661  42.635 0.0000000000
58700  12.368  -49.519  42.568 0.0000000000
57455  12.194  -50.254  42.670 0.0000000000
57476  12.002  -50.932  41.587 0.0000000000
57522  11.445  -51.304  39.587 0.0000000000
57521  12.170  -50.420  39.594 0.0000000000
56330  10.993  -51.852  39.067 0.0000000000
55011  9.276  -52.811  37.662 0.0000000000
55031  8.545  -52.038  36.393 0.0000000000
56363  8.671  -51.191  36.231 0.0000000000
59979  8.915  -48.387  36.624 0.0000000000
59993  8.506  -48.704  36.455 0.0000000000
71013  7.519  -39.148  48.473 0.0000000000
68625  7.145  -41.971  47.313 0.0000000000
69841  8.399  -41.382  46.058 0.0000000000
68703  6.488  -42.057  42.921 0.0000000000
68704  6.481  -42.107  42.269 0.0000000000
69852  9.900  -40.741  44.332 0.0000000000
68688  9.150  -41.307  43.717 0.0000000000
69878  9.132  -40.571  42.500 0.0000000000
69864  8.752  -41.002  42.955 0.0000000000
69866  7.159  -41.254  42.540 0.0000000000
69882  6.404  -41.498  41.738 0.0000000000
68715  6.524  -41.984  41.473 0.0000000000
67440  6.966  -41.951  40.446 0.0000000000
66260  7.296  -42.172  40.140 0.0000000000
67458  7.556  -41.925  38.779 0.0000000000
69907  6.663  -40.828  39.473 0.0000000000
68742  7.141  -41.540  38.541 0.0000000000
67479  8.194  -42.444  37.306 0.0000000000
66296  7.992  -42.982  36.657 0.0000000000
71135  7.641  -39.154  38.662 0.0000000000
72511  6.570  -39.727  37.738 0.0000000000
67527  7.106  -41.750  36.541 0.0000000000
66298  7.303  -42.303  36.385 0.0000000000
44488  8.594  -58.809  49.285 0.0000000000
45781  8.989  -57.522  51.247 0.0000000000
45803  9.088  -57.612  51.027 0.0000000000
47146  9.103  -57.410  51.266 0.0000000000
48420  9.718  -55.574  52.833 0.0000000000
48446  10.314  -56.013  51.838 0.0000000000
49660  8.538  -55.048  53.564 0.0000000000
49683  10.325  -55.446  52.468 0.0000000000
50872  8.503  -54.226  54.104 0.0000000000
50879  10.817  -54.043  53.615 0.0000000000
50882  8.777  -54.639  53.918 0.0000000000
50884  8.037  -54.471  53.636 0.0000000000
52197  7.921  -53.285  54.310 0.0000000000
52215  11.119  -53.595  53.770 0.0000000000
52218  7.783  -53.702  54.030 0.0000000000
52324  8.530  -55.017  47.864 0.0000000000
53480  11.410  -52.424  54.783 0.0000000000
53495  12.496  -51.961  53.709 0.0000000000
53601  10.527  -52.854  46.023 0.0000000000
53729  8.271  -53.525  37.272 0.0000000000
53747  7.558  -53.493  36.574 0.0000000000
54741  12.102  -51.329  56.310 0.0000000000
54751  9.862  -51.587  55.567 0.0000000000
54760  13.384  -51.089  54.894 0.0000000000
54766  7.745  -52.397  54.545 0.0000000000
55012  8.731  -53.396  37.873 0.0000000000
55018  9.906  -51.769  37.215 0.0000000000
55030  8.936  -51.637  36.465 0.0000000000
56028  13.004  -50.549  56.259 0.0000000000
56030  12.113  -50.963  56.606 0.0000000000
56080  7.669  -51.540  53.952 0.0000000000
56195  10.665  -52.068  46.022 0.0000000000
56253  10.674  -52.525  42.718 0.0000000000
56340  11.130  -51.421  38.271 0.0000000000
57261  12.715  -50.283  56.456 0.0000000000
57271  9.947  -51.055  55.866 0.0000000000
57282  8.826  -51.235  55.343 0.0000000000
57292  8.220  -51.137  54.224 0.0000000000
57318  16.949  -49.320  52.402 0.0000000000
57337  8.524  -51.037  51.122 0.0000000000
57433  8.330  -48.622  44.880 0.0000000000
57454  12.449  -49.678  42.289 0.0000000000
57478  10.865  -51.980  40.994 0.0000000000
57524  10.522  -52.342  40.064 0.0000000000
57544  12.295  -50.230  38.819 0.0000000000
57563  11.371  -50.894  37.906 0.0000000000
58529  16.850  -48.822  55.232 0.0000000000
58530  11.054  -49.638  56.102 0.0000000000
58560  19.581  -47.575  52.688 0.0000000000
58567  19.740  -47.375  52.284 0.0000000000
58637  5.689  -47.907  45.584 0.0000000000
58650  5.733  -48.192  45.143 0.0000000000
58663  9.974  -48.949  45.134 0.0000000000
58665  6.560  -48.243  44.507 0.0000000000
58684  7.403  -47.991  43.984 0.0000000000
58706  6.537  -47.469  43.534 0.0000000000
58723  7.053  -47.416  42.967 0.0000000000
58770  12.547  -49.641  38.996 0.0000000000
59721  11.148  -49.446  55.979 0.0000000000
59724  18.859  -47.339  54.818 0.0000000000
59730  9.825  -50.613  55.104 0.0000000000
59758  20.161  -46.932  52.753 0.0000000000
59852  5.468  -47.858  45.024 0.0000000000
59859  5.605  -47.711  44.691 0.0000000000
59870  9.980  -48.108  43.890 0.0000000000
59871  5.776  -47.309  44.041 0.0000000000
59872  5.522  -47.043  44.149 0.0000000000
59885  6.810  -47.413  43.161 0.0000000000
59887  6.342  -47.054  43.433 0.0000000000
59899  12.439  -48.276  42.115 0.0000000000
59905  7.070  -47.113  42.782 0.0000000000
59906  6.771  -46.991  42.900 0.0000000000
59907  6.737  -46.759  43.006 0.0000000000
59921  8.069  -46.399  42.454 0.0000000000
59923  7.259  -46.672  42.659 0.0000000000
60892  12.011  -48.850  55.478 0.0000000000
60898  12.121  -48.623  55.266 0.0000000000
60905  10.870  -49.214  54.249 0.0000000000
60912  8.764  -49.685  53.069 0.0000000000
61030  5.643  -46.751  44.766 0.0000000000
61044  5.663  -46.882  43.936 0.0000000000
61079  8.913  -46.234  42.220 0.0000000000
61081  6.918  -46.529  42.868 0.0000000000
61082  6.754  -46.303  43.199 0.0000000000
61100  12.104  -47.188  41.645 0.0000000000
61101  9.143  -46.095  41.943 0.0000000000
61104  7.372  -46.306  42.600 0.0000000000
61106  7.010  -45.913  42.969 0.0000000000
61146  12.384  -47.791  38.654 0.0000000000
62156  22.240  -44.333  56.749 0.0000000000
62305  7.023  -45.904  47.448 0.0000000000
62306  6.306  -45.954  46.453 0.0000000000
62330  6.065  -46.130  45.470 0.0000000000
62372  6.211  -46.026  44.143 0.0000000000
62388  10.682  -46.377  41.754 0.0000000000
62390  9.459  -46.124  41.824 0.0000000000
62412  10.564  -45.904  41.235 0.0000000000
62440  12.421  -46.900  40.131 0.0000000000
62445  7.814  -45.455  41.552 0.0000000000
63513  15.787  -46.210  55.007 0.0000000000
63537  13.883  -46.887  53.047 0.0000000000
63710  5.953  -45.563  45.157 0.0000000000
63744  6.325  -45.610  43.401 0.0000000000
63780  7.338  -45.173  41.812 0.0000000000
63800  11.874  -45.915  39.537 0.0000000000
63803  9.211  -44.952  40.597 0.0000000000
63823  11.769  -45.806  38.996 0.0000000000
63845  7.628  -45.663  36.393 0.0000000000
64872  5.386  -44.154  48.306 0.0000000000
64975  6.158  -45.060  43.209 0.0000000000
64991  6.214  -44.374  43.119 0.0000000000
65036  10.159  -44.165  38.614 0.0000000000
66183  6.368  -43.644  43.213 0.0000000000
66237  7.328  -42.906  40.573 0.0000000000
66314  6.827  -41.886  36.135 0.0000000000
67341  5.706  -43.118  48.021 0.0000000000
67347  5.796  -43.482  47.453 0.0000000000
67364  6.422  -43.586  46.425 0.0000000000
67365  6.249  -43.762  46.493 0.0000000000
67378  6.407  -43.538  45.176 0.0000000000
67410  6.740  -42.458  43.389 0.0000000000
67412  6.395  -43.489  43.667 0.0000000000
67431  6.641  -42.355  41.153 0.0000000000
67455  9.271  -42.958  37.759 0.0000000000
67459  7.267  -41.846  39.278 0.0000000000
67478  8.779  -42.825  37.224 0.0000000000
67480  7.669  -41.961  37.749 0.0000000000
67482  7.229  -41.493  37.360 0.0000000000
67505  7.177  -41.446  36.922 0.0000000000
67528  6.896  -41.481  36.367 0.0000000000
68626  6.688  -42.372  47.526 0.0000000000
68661  7.163  -43.151  46.012 0.0000000000
68671  9.417  -41.236  44.472 0.0000000000
68689  8.400  -41.508  43.609 0.0000000000
68722  6.597  -41.680  40.739 0.0000000000
68743  7.068  -41.294  38.891 0.0000000000
68757  7.096  -41.516  38.217 0.0000000000
68758  7.176  -41.435  38.036 0.0000000000
68759  7.101  -40.990  37.730 0.0000000000
68772  6.988  -41.007  36.993 0.0000000000
69851  10.408  -40.246  43.974 0.0000000000
69862  10.290  -40.236  43.368 0.0000000000
69880  7.567  -40.650  42.080 0.0000000000
69881  6.479  -41.595  42.267 0.0000000000
69892  8.061  -40.310  41.743 0.0000000000
69893  7.834  -40.376  41.725 0.0000000000
69915  6.668  -41.682  38.397 0.0000000000
69928  6.564  -41.645  38.187 0.0000000000
69929  6.754  -41.532  38.069 0.0000000000
71070  6.822  -40.936  42.146 0.0000000000
71071  6.733  -41.137  42.271 0.0000000000
71088  6.299  -41.127  41.432 0.0000000000
71111  10.987  -39.075  41.180 0.0000000000
71114  7.585  -39.493  39.602 0.0000000000
71124  7.352  -39.462  39.121 0.0000000000
71125  6.767  -39.680  39.017 0.0000000000
71134  7.962  -39.025  38.773 0.0000000000
71136  7.180  -39.369  38.588 0.0000000000
71144  6.793  -38.901  37.180 0.0000000000
71145  6.532  -38.911  37.013 0.0000000000
71157  6.984  -38.736  37.111 0.0000000000
71158  6.817  -38.841  36.975 0.0000000000
72467  6.864  -40.032  40.416 0.0000000000
72479  9.245  -39.482  40.236 0.0000000000
72481  7.462  -39.677  40.123 0.0000000000
72482  7.006  -39.833  40.178 0.0000000000
72496  6.472  -39.829  38.326 0.0000000000
72509  7.383  -38.978  38.076 0.0000000000
72510  6.779  -39.414  38.125 0.0000000000
72524  6.694  -39.209  37.323 0.0000000000
