#!ascii label  , from subject sub-01 vox2ras=TkReg
1095
65143  31.526  -44.098  32.319 0.0000000000
93876  46.746  -21.784  21.697 0.0000000000
79416  37.417  -33.767  27.624 0.0000000000
51147  15.167  -54.717  40.340 0.0000000000
61139  27.311  -44.972  38.067 0.0000000000
87213  37.366  -27.296  28.551 0.0000000000
56339  21.267  -51.243  37.645 0.0000000000
52403  20.309  -55.188  39.871 0.0000000000
59972  24.494  -49.361  36.937 0.0000000000
93871  51.738  -22.658  21.237 0.0000000000
68852  33.579  -40.236  32.460 0.0000000000
72612  37.292  -38.468  30.892 0.0000000000
66325  38.152  -44.124  33.881 0.0000000000
99928  50.248  -17.043  21.523 0.0000000000
97639  53.506  -19.171  19.284 0.0000000000
93813  43.110  -21.980  24.771 0.0000000000
88588  45.978  -26.723  23.998 0.0000000000
88569  41.518  -26.309  24.977 0.0000000000
81908  41.821  -31.700  27.371 0.0000000000
61160  32.590  -49.024  36.670 0.0000000000
47283  15.233  -59.265  42.646 0.0000000000
45990  11.215  -59.520  43.128 0.0000000000
44538  8.768  -59.987  46.444 0.0000000000
63881  28.474  -45.234  35.428 0.0000000000
57559  29.087  -50.849  37.281 0.0000000000
79356  32.650  -33.502  31.476 0.0000000000
76815  39.277  -36.077  33.232 0.0000000000
98758  58.538  -18.577  19.203 0.0000000000
93874  48.756  -22.279  21.368 0.0000000000
89956  49.371  -25.154  22.529 0.0000000000
67626  32.651  -42.320  31.373 0.0000000000
67623  35.922  -42.636  30.728 0.0000000000
65124  34.986  -45.273  32.797 0.0000000000
97612  46.693  -19.271  23.081 0.0000000000
99904  49.416  -17.812  23.743 0.0000000000
97619  48.538  -19.236  21.277 0.0000000000
97629  50.359  -19.346  20.488 0.0000000000
39486  9.165  -64.483  45.547 0.0000000000
91226  41.595  -24.354  24.551 0.0000000000
91189  40.123  -24.056  26.914 0.0000000000
83194  37.166  -30.172  27.643 0.0000000000
84539  39.137  -29.488  26.381 0.0000000000
80666  39.340  -32.516  27.212 0.0000000000
78185  40.448  -34.950  29.461 0.0000000000
52406  17.334  -54.450  39.602 0.0000000000
51122  19.358  -55.982  41.485 0.0000000000
49818  17.424  -57.001  41.499 0.0000000000
48554  17.407  -58.443  43.382 0.0000000000
48600  14.821  -57.513  41.281 0.0000000000
47284  11.592  -57.942  42.808 0.0000000000
44552  9.555  -60.136  44.792 0.0000000000
62503  28.260  -45.881  36.224 0.0000000000
59985  29.080  -48.784  35.100 0.0000000000
59987  27.672  -48.226  35.614 0.0000000000
56309  24.651  -52.137  39.445 0.0000000000
57492  25.775  -51.339  39.892 0.0000000000
69990  39.902  -40.283  33.896 0.0000000000
74014  38.761  -37.318  32.948 0.0000000000
89847  39.750  -24.952  28.981 0.0000000000
84478  37.319  -29.150  29.875 0.0000000000
81879  35.842  -30.769  29.429 0.0000000000
53710  23.661  -53.261  38.483 0.0000000000
52387  23.169  -55.596  40.999 0.0000000000
53700  21.067  -53.384  38.630 0.0000000000
54999  18.523  -52.686  39.197 0.0000000000
54970  16.547  -51.649  40.584 0.0000000000
61185  25.332  -47.138  35.430 0.0000000000
62507  23.163  -46.316  36.272 0.0000000000
57561  23.056  -50.495  37.186 0.0000000000
73997  33.904  -38.419  35.208 0.0000000000
74032  33.485  -37.560  31.957 0.0000000000
71251  35.395  -40.204  30.392 0.0000000000
67598  38.437  -42.218  32.120 0.0000000000
101165  55.019  -16.123  20.259 0.0000000000
99939  52.150  -17.219  20.163 0.0000000000
96434  52.897  -20.487  20.187 0.0000000000
95115  44.738  -21.812  22.930 0.0000000000
91260  46.551  -24.429  22.613 0.0000000000
91241  44.612  -24.389  23.232 0.0000000000
88590  43.509  -26.613  24.397 0.0000000000
87242  43.422  -28.494  25.519 0.0000000000
88559  38.848  -26.315  26.714 0.0000000000
85905  41.518  -28.833  25.826 0.0000000000
63880  32.181  -46.210  34.310 0.0000000000
63857  34.882  -46.300  35.982 0.0000000000
96382  45.787  -20.308  25.451 0.0000000000
51105  13.558  -54.936  42.265 0.0000000000
48577  13.420  -57.452  41.914 0.0000000000
45988  13.476  -59.918  42.964 0.0000000000
43254  13.421  -61.800  44.947 0.0000000000
41999  11.488  -62.384  44.409 0.0000000000
43271  9.851  -62.234  44.397 0.0000000000
43258  8.375  -61.840  45.344 0.0000000000
41965  7.281  -61.437  46.988 0.0000000000
65105  28.968  -44.296  33.580 0.0000000000
61207  30.346  -47.553  34.034 0.0000000000
57556  31.340  -50.872  37.535 0.0000000000
58765  26.493  -50.039  37.671 0.0000000000
79395  34.589  -33.234  28.861 0.0000000000
75480  34.590  -36.573  30.942 0.0000000000
78144  35.290  -35.673  30.277 0.0000000000
78164  38.113  -35.601  30.104 0.0000000000
63814  38.100  -46.490  38.427 0.0000000000
97645  59.708  -19.626  18.835 0.0000000000
98760  56.344  -17.759  18.926 0.0000000000
96448  57.198  -20.525  17.781 0.0000000000
93875  47.532  -22.412  21.591 0.0000000000
92563  49.074  -23.786  21.757 0.0000000000
92564  48.165  -23.763  21.839 0.0000000000
66393  31.619  -43.153  31.581 0.0000000000
66374  33.837  -44.175  31.466 0.0000000000
65141  33.381  -44.738  32.161 0.0000000000
96430  46.644  -20.771  21.864 0.0000000000
97611  47.150  -19.219  22.553 0.0000000000
96429  47.363  -20.038  21.604 0.0000000000
96428  48.805  -20.343  20.928 0.0000000000
39487  8.518  -64.733  45.634 0.0000000000
92478  41.088  -23.347  27.355 0.0000000000
91174  40.630  -23.913  27.793 0.0000000000
80668  37.649  -32.348  27.421 0.0000000000
81911  38.653  -31.566  26.981 0.0000000000
79435  38.678  -33.014  27.314 0.0000000000
79414  39.655  -33.707  27.874 0.0000000000
78208  39.040  -34.851  28.076 0.0000000000
52407  16.223  -54.285  39.794 0.0000000000
51124  17.322  -56.420  40.689 0.0000000000
51125  16.073  -56.087  40.448 0.0000000000
49819  16.577  -57.034  41.258 0.0000000000
51126  14.844  -55.433  40.612 0.0000000000
62481  27.729  -44.760  37.853 0.0000000000
61161  28.127  -46.107  36.199 0.0000000000
61183  27.373  -46.754  35.607 0.0000000000
53678  24.908  -53.873  40.475 0.0000000000
76818  33.112  -35.325  35.073 0.0000000000
71170  40.405  -39.305  34.771 0.0000000000
83163  36.701  -29.800  29.649 0.0000000000
81878  36.397  -30.227  30.325 0.0000000000
55008  22.330  -52.391  37.894 0.0000000000
53699  22.381  -53.818  38.680 0.0000000000
53713  21.305  -52.773  38.270 0.0000000000
56327  19.210  -51.207  39.466 0.0000000000
56312  18.501  -51.235  40.016 0.0000000000
55000  17.885  -52.726  39.352 0.0000000000
63839  23.866  -45.143  36.918 0.0000000000
58769  21.004  -48.981  37.845 0.0000000000
59975  21.457  -48.459  37.508 0.0000000000
57562  22.082  -50.399  37.264 0.0000000000
55007  23.616  -52.518  38.058 0.0000000000
72588  33.639  -38.737  33.154 0.0000000000
70022  34.056  -39.994  31.448 0.0000000000
66371  37.008  -43.576  32.013 0.0000000000
67599  37.591  -42.672  31.667 0.0000000000
66351  38.422  -43.270  33.239 0.0000000000
67518  39.809  -42.869  34.273 0.0000000000
66290  39.772  -44.193  35.899 0.0000000000
99917  49.395  -17.303  22.992 0.0000000000
101167  52.498  -16.316  20.597 0.0000000000
99927  50.976  -16.753  21.050 0.0000000000
95148  50.999  -21.272  20.824 0.0000000000
97628  51.350  -19.433  20.223 0.0000000000
95147  51.613  -21.213  20.713 0.0000000000
95097  43.804  -21.642  23.886 0.0000000000
92549  44.136  -23.314  23.158 0.0000000000
93833  42.798  -23.095  23.885 0.0000000000
89922  41.563  -25.048  24.613 0.0000000000
89921  42.108  -25.127  24.321 0.0000000000
88568  42.542  -26.915  24.870 0.0000000000
87295  43.716  -27.403  24.747 0.0000000000
87269  42.727  -27.781  25.159 0.0000000000
89849  38.337  -25.886  28.808 0.0000000000
89890  38.759  -25.749  27.302 0.0000000000
88543  38.157  -26.500  27.403 0.0000000000
83191  40.245  -30.734  26.656 0.0000000000
84538  40.168  -29.642  26.274 0.0000000000
84522  40.912  -30.164  26.497 0.0000000000
84521  42.115  -30.028  26.498 0.0000000000
62502  32.352  -47.448  35.035 0.0000000000
62479  33.800  -47.665  36.965 0.0000000000
93790  44.345  -21.300  26.273 0.0000000000
95060  43.923  -21.171  25.248 0.0000000000
96395  44.781  -20.459  24.059 0.0000000000
51140  21.831  -55.717  40.752 0.0000000000
51120  21.548  -56.038  41.603 0.0000000000
47282  16.101  -59.042  43.427 0.0000000000
47265  16.971  -59.056  44.106 0.0000000000
45968  15.767  -59.811  44.213 0.0000000000
45969  14.917  -60.252  43.817 0.0000000000
51067  13.349  -54.819  43.661 0.0000000000
51106  13.328  -55.604  42.156 0.0000000000
49806  12.977  -56.357  42.400 0.0000000000
47285  11.272  -58.427  43.075 0.0000000000
47303  12.219  -58.296  42.431 0.0000000000
44587  12.459  -60.500  43.247 0.0000000000
44567  13.588  -60.793  43.673 0.0000000000
44568  12.663  -61.119  43.839 0.0000000000
43255  12.638  -62.220  45.068 0.0000000000
43284  11.392  -61.395  43.729 0.0000000000
44537  9.217  -59.596  45.930 0.0000000000
44571  9.561  -61.185  44.405 0.0000000000
43257  9.039  -61.560  44.996 0.0000000000
41991  9.142  -62.594  44.728 0.0000000000
43245  8.653  -60.979  45.942 0.0000000000
66295  28.354  -42.707  35.901 0.0000000000
67501  28.782  -41.653  35.270 0.0000000000
65084  28.414  -44.135  34.976 0.0000000000
63894  29.799  -45.765  33.483 0.0000000000
63895  28.817  -45.524  34.181 0.0000000000
58807  28.847  -49.785  35.744 0.0000000000
58806  29.866  -49.997  35.753 0.0000000000
57558  29.912  -50.928  37.307 0.0000000000
59990  24.873  -48.252  36.109 0.0000000000
59989  25.752  -48.435  35.694 0.0000000000
58766  25.545  -49.784  37.783 0.0000000000
57490  27.229  -51.984  39.933 0.0000000000
88608  46.542  -26.154  23.470 0.0000000000
89936  47.946  -25.770  22.982 0.0000000000
88586  48.014  -26.878  23.963 0.0000000000
80592  33.286  -32.357  31.467 0.0000000000
80629  33.950  -32.460  29.886 0.0000000000
78168  33.791  -34.228  29.767 0.0000000000
74044  34.946  -37.749  30.769 0.0000000000
75481  33.259  -36.628  32.131 0.0000000000
75492  35.304  -37.041  30.848 0.0000000000
75453  38.798  -36.600  33.122 0.0000000000
75467  37.272  -36.276  31.653 0.0000000000
76846  37.615  -35.663  31.673 0.0000000000
78165  37.117  -35.563  30.053 0.0000000000
78123  39.088  -35.493  31.698 0.0000000000
78140  39.698  -35.807  31.040 0.0000000000
63834  36.142  -46.750  36.796 0.0000000000
97637  58.993  -18.963  19.285 0.0000000000
101173  54.172  -16.694  19.760 0.0000000000
99936  55.540  -16.677  20.099 0.0000000000
98771  54.794  -18.624  18.579 0.0000000000
96449  56.108  -20.526  18.118 0.0000000000
95164  57.454  -21.831  17.672 0.0000000000
57520  20.439  -49.585  38.528 0.0000000000
56326  19.800  -50.673  38.963 0.0000000000
93872  50.783  -22.478  21.213 0.0000000000
91268  51.524  -24.071  21.797 0.0000000000
91269  50.613  -23.907  21.732 0.0000000000
68853  33.232  -41.018  31.941 0.0000000000
68871  33.949  -40.979  30.867 0.0000000000
66390  34.210  -43.403  30.906 0.0000000000
66372  36.085  -44.017  31.586 0.0000000000
65098  36.665  -45.179  33.680 0.0000000000
98701  49.017  -18.619  24.661 0.0000000000
98734  47.624  -18.505  23.153 0.0000000000
98742  48.360  -18.537  22.071 0.0000000000
98741  49.059  -18.310  21.543 0.0000000000
98753  50.047  -18.477  20.681 0.0000000000
96438  49.099  -19.593  20.805 0.0000000000
96427  49.889  -20.755  20.980 0.0000000000
40741  10.600  -64.512  46.188 0.0000000000
93779  42.852  -22.089  26.429 0.0000000000
92508  41.834  -22.944  24.833 0.0000000000
93793  41.733  -22.780  25.629 0.0000000000
91208  40.558  -24.255  25.856 0.0000000000
89908  40.229  -25.241  25.793 0.0000000000
85883  37.287  -28.233  28.040 0.0000000000
85882  37.796  -27.996  27.061 0.0000000000
83193  38.103  -30.446  26.867 0.0000000000
83192  39.177  -30.803  26.641 0.0000000000
81909  40.715  -31.760  27.172 0.0000000000
80644  41.554  -33.034  28.382 0.0000000000
79392  41.565  -34.093  29.544 0.0000000000
58747  32.975  -50.335  39.050 0.0000000000
52404  19.312  -55.093  39.775 0.0000000000
51142  19.850  -55.695  40.602 0.0000000000
51143  18.859  -55.652  40.379 0.0000000000
51104  18.038  -56.769  41.496 0.0000000000
49804  18.008  -57.292  42.186 0.0000000000
48599  15.947  -57.785  41.736 0.0000000000
47326  15.112  -58.256  41.579 0.0000000000
49793  12.142  -56.696  43.713 0.0000000000
48539  11.032  -57.211  44.487 0.0000000000
45971  10.451  -58.669  44.172 0.0000000000
45991  10.747  -60.430  43.488 0.0000000000
45953  10.007  -58.627  44.876 0.0000000000
45954  9.707  -59.176  45.324 0.0000000000
45916  9.806  -58.645  47.238 0.0000000000
63860  28.253  -44.872  36.676 0.0000000000
62535  28.887  -46.505  34.683 0.0000000000
61181  28.431  -47.107  35.554 0.0000000000
59986  28.342  -48.406  35.504 0.0000000000
58808  28.039  -49.554  35.795 0.0000000000
57541  24.526  -50.739  38.127 0.0000000000
58750  25.628  -50.504  38.891 0.0000000000
57493  25.141  -51.579  39.727 0.0000000000
87266  46.090  -28.040  24.994 0.0000000000
78109  32.548  -34.501  32.930 0.0000000000
71222  38.695  -39.418  32.069 0.0000000000
72602  38.085  -38.458  31.741 0.0000000000
71207  39.221  -39.246  33.182 0.0000000000
72570  39.619  -38.336  34.116 0.0000000000
99934  57.682  -17.318  20.431 0.0000000000
39473  6.397  -64.535  46.013 0.0000000000
87211  39.708  -25.736  30.120 0.0000000000
87187  38.211  -26.803  29.700 0.0000000000
85856  37.446  -27.886  29.200 0.0000000000
83177  36.774  -29.741  28.451 0.0000000000
81913  36.776  -30.763  27.890 0.0000000000
80649  36.214  -32.456  27.953 0.0000000000
52399  24.377  -54.245  39.952 0.0000000000
51117  24.202  -55.534  41.387 0.0000000000
52416  23.024  -54.434  39.395 0.0000000000
52417  21.885  -54.552  39.261 0.0000000000
52418  20.713  -54.437  39.257 0.0000000000
54997  19.860  -52.183  38.948 0.0000000000
53701  19.954  -53.415  39.015 0.0000000000
52419  19.700  -54.364  39.290 0.0000000000
53703  18.297  -53.438  39.202 0.0000000000
53690  16.620  -53.346  39.591 0.0000000000
53691  15.745  -53.349  40.003 0.0000000000
61184  26.256  -46.513  35.433 0.0000000000
62483  25.118  -45.246  36.510 0.0000000000
61186  24.416  -47.145  35.746 0.0000000000
59991  24.038  -48.176  36.137 0.0000000000
61143  21.877  -46.529  37.504 0.0000000000
59973  23.228  -48.446  36.704 0.0000000000
58791  23.920  -50.056  37.295 0.0000000000
56325  24.164  -51.871  38.001 0.0000000000
54994  24.472  -52.845  38.796 0.0000000000
75454  33.547  -36.653  35.626 0.0000000000
75455  33.209  -36.504  34.702 0.0000000000
74015  33.540  -38.121  32.613 0.0000000000
72614  34.880  -38.643  30.729 0.0000000000
71235  36.937  -39.432  30.474 0.0000000000
68885  36.007  -41.613  30.253 0.0000000000
68869  37.131  -41.619  30.565 0.0000000000
70008  38.536  -40.438  31.603 0.0000000000
68830  39.446  -41.323  32.932 0.0000000000
67516  41.001  -41.878  35.898 0.0000000000
102383  53.645  -15.455  21.484 0.0000000000
99938  52.945  -16.898  20.033 0.0000000000
98763  53.275  -18.352  19.434 0.0000000000
98752  50.864  -18.445  20.313 0.0000000000
97627  52.429  -19.466  19.883 0.0000000000
93849  45.715  -22.416  22.473 0.0000000000
92566  46.198  -23.299  22.393 0.0000000000
92567  45.420  -23.143  22.800 0.0000000000
91240  45.651  -24.499  23.013 0.0000000000
88610  44.753  -25.723  23.634 0.0000000000
91243  42.800  -23.889  23.743 0.0000000000
89941  43.705  -25.144  23.773 0.0000000000
88589  44.792  -26.541  24.035 0.0000000000
87267  45.009  -28.064  25.048 0.0000000000
85926  44.727  -28.722  25.527 0.0000000000
91175  39.916  -24.396  27.606 0.0000000000
89889  39.365  -25.481  26.633 0.0000000000
88557  40.435  -27.029  25.773 0.0000000000
87247  38.712  -27.446  26.549 0.0000000000
87246  39.962  -27.698  26.014 0.0000000000
87245  41.099  -27.818  25.783 0.0000000000
85904  42.442  -29.113  25.863 0.0000000000
65103  31.499  -44.898  33.554 0.0000000000
65101  33.533  -45.322  33.988 0.0000000000
63859  33.409  -46.468  35.510 0.0000000000
62478  34.799  -47.371  37.378 0.0000000000
96406  45.926  -19.683  24.030 0.0000000000
96419  45.291  -20.855  22.761 0.0000000000
54972  15.141  -52.673  41.298 0.0000000000
53670  14.105  -53.698  42.364 0.0000000000
52389  14.270  -54.476  41.279 0.0000000000
49821  14.383  -56.452  41.144 0.0000000000
48601  14.097  -57.117  41.507 0.0000000000
47301  14.388  -58.670  41.941 0.0000000000
48578  12.664  -57.673  42.349 0.0000000000
47302  13.196  -58.446  42.194 0.0000000000
45987  14.481  -59.705  42.842 0.0000000000
44566  14.353  -60.620  43.768 0.0000000000
44551  13.997  -61.400  44.680 0.0000000000
41990  11.369  -63.225  45.006 0.0000000000
43270  10.713  -61.809  44.039 0.0000000000
42000  10.892  -62.916  44.520 0.0000000000
40771  10.531  -63.307  44.740 0.0000000000
40757  9.625  -63.792  45.069 0.0000000000
40758  8.473  -63.965  45.243 0.0000000000
41993  7.630  -63.273  45.477 0.0000000000
43246  8.156  -61.292  46.299 0.0000000000
41977  7.711  -62.111  45.737 0.0000000000
40743  7.012  -63.798  45.783 0.0000000000
67579  30.331  -42.479  32.416 0.0000000000
67548  29.247  -42.212  33.321 0.0000000000
65129  29.724  -43.988  32.960 0.0000000000
63893  31.218  -45.879  33.683 0.0000000000
62521  31.742  -46.971  34.246 0.0000000000
60001  31.524  -48.486  34.854 0.0000000000
60003  29.768  -48.432  34.653 0.0000000000
59983  31.477  -49.264  35.520 0.0000000000
58782  32.287  -50.234  37.383 0.0000000000
59988  26.795  -48.156  35.523 0.0000000000
58809  27.192  -49.441  35.697 0.0000000000
58763  27.856  -50.713  37.136 0.0000000000
58749  26.280  -50.417  38.528 0.0000000000
57540  27.557  -51.199  38.329 0.0000000000
57513  28.919  -51.517  38.712 0.0000000000
91259  47.725  -24.432  22.229 0.0000000000
80609  35.142  -31.344  30.018 0.0000000000
80627  35.435  -32.329  28.623 0.0000000000
79417  36.227  -33.501  27.806 0.0000000000
75469  32.835  -35.989  33.422 0.0000000000
76850  32.799  -35.531  32.292 0.0000000000
78127  33.484  -35.310  31.009 0.0000000000
75479  36.285  -36.567  31.189 0.0000000000
76848  35.355  -36.153  30.658 0.0000000000
78145  33.813  -35.113  30.473 0.0000000000
78167  34.819  -35.090  29.548 0.0000000000
78187  36.506  -35.207  28.439 0.0000000000
76910  37.621  -35.322  28.121 0.0000000000
78186  39.499  -35.360  28.923 0.0000000000
65082  35.053  -45.845  34.476 0.0000000000
65080  36.972  -45.579  34.915 0.0000000000
65063  38.315  -45.383  36.205 0.0000000000
63813  38.926  -46.038  38.946 0.0000000000
65045  39.554  -44.914  37.458 0.0000000000
97644  60.456  -19.643  18.716 0.0000000000
99947  56.974  -17.276  19.688 0.0000000000
98759  57.528  -17.918  19.259 0.0000000000
97649  55.874  -19.495  18.234 0.0000000000
97648  56.900  -19.551  18.137 0.0000000000
98767  58.232  -19.099  18.697 0.0000000000
96446  59.171  -20.231  18.240 0.0000000000
95154  59.754  -20.866  17.778 0.0000000000
92587  47.830  -23.177  21.728 0.0000000000
93847  47.106  -22.782  21.811 0.0000000000
66376  31.946  -43.783  31.781 0.0000000000
66375  32.842  -44.053  31.594 0.0000000000
65142  32.427  -44.392  32.293 0.0000000000
95138  46.629  -21.297  21.771 0.0000000000
95137  47.118  -21.262  21.509 0.0000000000
95136  48.098  -21.302  21.206 0.0000000000
39488  7.952  -64.879  45.611 0.0000000000
80667  38.273  -32.344  27.248 0.0000000000
80647  37.922  -32.991  27.386 0.0000000000
79415  38.579  -33.792  27.608 0.0000000000
51146  15.689  -55.041  40.070 0.0000000000
51145  16.730  -55.396  39.930 0.0000000000
61162  27.714  -45.581  36.597 0.0000000000
61163  27.036  -45.569  36.585 0.0000000000
53667  25.331  -54.151  41.442 0.0000000000
76804  33.436  -35.111  35.855 0.0000000000
55009  21.512  -52.361  38.031 0.0000000000
57543  21.086  -49.938  37.415 0.0000000000
56348  22.181  -51.143  37.354 0.0000000000
70009  33.747  -39.667  32.628 0.0000000000
66352  37.666  -43.612  32.806 0.0000000000
66310  38.700  -44.038  34.713 0.0000000000
66324  39.123  -43.372  33.888 0.0000000000
99929  49.487  -17.364  21.997 0.0000000000
99916  50.347  -16.705  22.644 0.0000000000
101159  50.803  -16.381  21.789 0.0000000000
95133  51.281  -21.857  20.951 0.0000000000
95132  52.174  -21.950  20.956 0.0000000000
40740  11.829  -63.710  46.316 0.0000000000
95080  43.615  -21.603  24.471 0.0000000000
93832  43.441  -22.413  23.752 0.0000000000
88592  41.691  -25.519  24.684 0.0000000000
87270  41.825  -27.362  25.253 0.0000000000
88524  37.491  -26.668  28.339 0.0000000000
88523  37.889  -26.178  28.239 0.0000000000
87230  37.467  -27.159  27.663 0.0000000000
83190  41.403  -30.892  26.941 0.0000000000
61180  32.448  -48.408  35.792 0.0000000000
61179  33.071  -47.905  36.475 0.0000000000
61159  33.116  -48.590  37.281 0.0000000000
93791  43.345  -21.606  25.739 0.0000000000
95061  43.490  -21.580  25.056 0.0000000000
95079  44.245  -20.993  24.285 0.0000000000
51141  20.886  -55.785  40.674 0.0000000000
45986  15.341  -59.686  43.332 0.0000000000
51085  12.989  -55.544  43.086 0.0000000000
46008  11.501  -58.928  42.800 0.0000000000
44588  11.696  -60.983  43.518 0.0000000000
44553  9.041  -60.574  45.403 0.0000000000
65065  28.279  -43.834  36.378 0.0000000000
66277  28.649  -42.468  37.307 0.0000000000
58785  29.440  -50.481  36.565 0.0000000000
57537  30.265  -51.308  38.058 0.0000000000
57538  29.355  -51.153  37.985 0.0000000000
59971  25.233  -49.250  36.700 0.0000000000
59952  25.030  -49.483  37.351 0.0000000000
88587  47.013  -26.867  23.915 0.0000000000
80575  32.849  -32.671  32.048 0.0000000000
80593  32.839  -32.863  31.298 0.0000000000
79380  33.278  -33.037  30.461 0.0000000000
78169  33.341  -33.606  30.308 0.0000000000
72613  36.091  -38.477  30.619 0.0000000000
76816  38.612  -36.092  32.748 0.0000000000
76832  38.190  -35.737  32.224 0.0000000000
78124  38.145  -35.387  31.583 0.0000000000
78108  38.701  -35.478  32.148 0.0000000000
98757  59.105  -18.697  19.477 0.0000000000
98762  54.124  -18.198  19.036 0.0000000000
58736  20.193  -48.342  39.527 0.0000000000
58752  20.585  -48.501  38.574 0.0000000000
93873  49.810  -22.321  21.267 0.0000000000
92584  50.270  -23.156  21.442 0.0000000000
92585  49.361  -23.085  21.455 0.0000000000
91258  48.762  -24.474  22.146 0.0000000000
91257  49.864  -24.407  22.083 0.0000000000
68854  32.989  -41.678  31.454 0.0000000000
68872  33.472  -41.734  30.926 0.0000000000
67625  33.506  -42.560  30.809 0.0000000000
65140  34.406  -44.841  32.068 0.0000000000
66373  34.877  -44.164  31.432 0.0000000000
65139  35.306  -44.708  32.071 0.0000000000
65123  35.980  -44.961  32.666 0.0000000000
97599  47.261  -18.955  23.648 0.0000000000
97598  47.839  -18.767  23.945 0.0000000000
97620  47.814  -19.120  21.960 0.0000000000
98743  47.803  -18.677  22.508 0.0000000000
97618  49.094  -18.862  21.017 0.0000000000
97631  49.043  -19.207  20.896 0.0000000000
95135  49.296  -21.407  21.156 0.0000000000
40742  9.731  -64.548  45.715 0.0000000000
92492  42.416  -22.618  26.969 0.0000000000
93780  42.113  -22.474  26.195 0.0000000000
92493  41.447  -23.018  26.488 0.0000000000
92479  40.607  -23.688  27.195 0.0000000000
92510  40.989  -23.607  26.085 0.0000000000
89888  39.877  -24.794  26.385 0.0000000000
84524  37.588  -29.198  27.088 0.0000000000
81910  39.699  -31.611  26.933 0.0000000000
80665  40.047  -32.192  27.188 0.0000000000
81891  41.342  -32.329  27.653 0.0000000000
80645  40.390  -32.805  27.615 0.0000000000
78207  40.032  -34.466  28.598 0.0000000000
79413  40.640  -33.659  28.351 0.0000000000
79393  40.835  -34.206  28.926 0.0000000000
78184  41.094  -34.775  30.081 0.0000000000
52405  18.370  -54.921  39.669 0.0000000000
51144  17.865  -55.682  39.978 0.0000000000
49791  17.543  -57.790  42.567 0.0000000000
49805  17.162  -57.406  41.957 0.0000000000
49820  15.431  -56.779  40.938 0.0000000000
47300  15.580  -58.665  42.243 0.0000000000
48524  10.867  -57.085  45.103 0.0000000000
47267  10.830  -58.120  43.855 0.0000000000
47255  10.416  -57.637  45.102 0.0000000000
45936  9.711  -58.878  46.434 0.0000000000
63838  28.037  -44.193  38.067 0.0000000000
65048  28.399  -43.434  37.751 0.0000000000
62522  28.546  -46.217  35.623 0.0000000000
61182  28.013  -46.995  35.710 0.0000000000
57518  24.663  -51.263  38.669 0.0000000000
79332  32.680  -33.728  33.596 0.0000000000
69991  39.540  -40.363  33.292 0.0000000000
71206  39.620  -39.794  33.598 0.0000000000
72547  40.571  -38.648  35.194 0.0000000000
72548  40.093  -38.414  34.696 0.0000000000
73994  39.752  -37.911  34.482 0.0000000000
87186  38.956  -26.431  30.260 0.0000000000
84497  37.475  -28.326  29.662 0.0000000000
84498  37.248  -28.883  29.134 0.0000000000
83164  36.177  -30.508  28.867 0.0000000000
83178  36.481  -30.380  28.470 0.0000000000
81893  36.394  -31.451  28.144 0.0000000000
52414  24.236  -53.926  39.427 0.0000000000
52400  23.787  -54.836  40.069 0.0000000000
53698  23.367  -53.772  38.835 0.0000000000
56328  19.133  -51.865  39.431 0.0000000000
54998  19.206  -52.607  39.076 0.0000000000
53702  19.073  -53.479  39.019 0.0000000000
52420  18.783  -54.291  39.243 0.0000000000
54987  17.113  -52.337  39.696 0.0000000000
54988  16.129  -52.476  40.116 0.0000000000
62461  25.833  -44.885  36.865 0.0000000000
63862  23.337  -45.728  36.472 0.0000000000
62506  23.991  -45.788  36.101 0.0000000000
61187  23.466  -47.201  36.125 0.0000000000
58792  22.680  -49.514  37.098 0.0000000000
59974  22.132  -48.412  37.088 0.0000000000
57560  23.600  -50.824  37.432 0.0000000000
55006  24.046  -53.107  38.485 0.0000000000
53689  24.493  -53.587  39.584 0.0000000000
73981  33.776  -37.307  35.765 0.0000000000
73998  33.414  -37.774  34.529 0.0000000000
71237  34.736  -39.555  30.713 0.0000000000
72603  34.136  -38.765  31.750 0.0000000000
71249  36.354  -39.764  30.345 0.0000000000
67643  35.331  -42.207  30.465 0.0000000000
68886  35.093  -41.662  30.407 0.0000000000
67642  35.621  -42.060  30.395 0.0000000000
68851  38.124  -41.499  31.424 0.0000000000
70021  37.689  -40.474  30.782 0.0000000000
68850  38.874  -41.424  32.196 0.0000000000
67492  40.681  -42.825  36.062 0.0000000000
67517  40.499  -42.442  34.971 0.0000000000
98720  50.000  -18.207  24.480 0.0000000000
102373  54.257  -15.276  22.458 0.0000000000
99951  52.740  -17.764  19.705 0.0000000000
96435  51.929  -20.400  20.361 0.0000000000
95114  45.219  -21.707  22.676 0.0000000000
93850  44.807  -22.462  22.957 0.0000000000
92548  45.089  -23.719  23.036 0.0000000000
89939  45.162  -25.172  23.302 0.0000000000
89940  44.274  -25.117  23.538 0.0000000000
92532  41.649  -23.559  24.655 0.0000000000
92531  42.254  -23.543  24.149 0.0000000000
89920  43.090  -25.279  24.028 0.0000000000
89919  44.018  -25.738  23.897 0.0000000000
87293  45.442  -27.447  24.415 0.0000000000
87294  44.356  -27.415  24.575 0.0000000000
87268  43.773  -28.135  25.231 0.0000000000
85927  44.109  -28.698  25.673 0.0000000000
89867  40.191  -24.487  28.379 0.0000000000
88571  39.860  -25.750  25.995 0.0000000000
88558  39.610  -26.547  26.099 0.0000000000
85908  38.451  -28.722  26.585 0.0000000000
85906  40.566  -28.693  26.020 0.0000000000
87244  42.083  -28.273  25.491 0.0000000000
63892  32.201  -45.519  34.183 0.0000000000
63879  32.814  -46.151  34.935 0.0000000000
63837  33.809  -47.046  35.924 0.0000000000
97581  46.450  -19.570  24.386 0.0000000000
96394  45.357  -20.161  24.654 0.0000000000
96408  44.716  -20.899  23.424 0.0000000000
96407  45.333  -20.286  23.545 0.0000000000
51118  23.574  -55.768  41.472 0.0000000000
51098  24.183  -55.844  42.039 0.0000000000
51099  23.364  -56.060  42.260 0.0000000000
48536  17.732  -58.823  44.673 0.0000000000
52363  13.598  -54.264  42.939 0.0000000000
53656  14.086  -53.427  43.332 0.0000000000
52375  13.851  -54.424  41.986 0.0000000000
53680  14.161  -53.986  41.771 0.0000000000
51127  13.877  -55.423  41.536 0.0000000000
49822  13.604  -56.323  41.691 0.0000000000
48576  14.224  -57.821  41.509 0.0000000000
48557  12.033  -57.218  43.045 0.0000000000
46006  12.819  -59.182  42.470 0.0000000000
46005  13.677  -59.240  42.420 0.0000000000
45970  14.184  -60.313  43.357 0.0000000000
43267  13.283  -61.373  44.280 0.0000000000
43256  11.971  -62.314  44.662 0.0000000000
41989  11.909  -62.783  45.185 0.0000000000
45972  10.143  -59.592  44.136 0.0000000000
44570  10.138  -60.748  43.886 0.0000000000
42001  10.051  -63.126  44.579 0.0000000000
40772  10.276  -63.486  44.850 0.0000000000
41992  8.311  -62.932  44.937 0.0000000000
43234  8.541  -60.378  46.833 0.0000000000
43235  8.110  -60.921  46.862 0.0000000000
41964  7.745  -61.408  46.740 0.0000000000
41978  7.158  -62.471  46.272 0.0000000000
67578  30.752  -41.607  32.577 0.0000000000
66327  28.872  -42.967  33.521 0.0000000000
67526  28.810  -41.886  34.018 0.0000000000
67581  29.351  -42.847  33.166 0.0000000000
65104  30.278  -44.908  33.195 0.0000000000
62534  29.538  -46.718  33.851 0.0000000000
62533  30.637  -46.817  33.718 0.0000000000
61206  31.158  -47.605  34.186 0.0000000000
61196  31.803  -47.855  34.728 0.0000000000
61197  28.924  -47.484  34.936 0.0000000000
58805  30.973  -50.004  36.001 0.0000000000
59984  30.344  -49.373  35.146 0.0000000000
58804  31.630  -49.854  36.201 0.0000000000
58783  31.689  -50.420  37.109 0.0000000000
58761  32.385  -50.398  37.973 0.0000000000
57535  32.027  -50.926  38.165 0.0000000000
61198  25.848  -46.428  35.453 0.0000000000
61199  25.705  -46.624  35.414 0.0000000000
58789  25.999  -49.546  36.695 0.0000000000
58810  26.447  -49.256  35.885 0.0000000000
58788  26.819  -49.904  36.665 0.0000000000
58787  27.573  -50.237  36.532 0.0000000000
58764  27.264  -50.632  37.656 0.0000000000
57517  25.822  -50.940  39.384 0.0000000000
57516  26.181  -50.921  39.324 0.0000000000
56307  27.955  -52.226  40.307 0.0000000000
57489  27.733  -51.936  39.759 0.0000000000
56323  28.018  -51.900  39.700 0.0000000000
57514  27.902  -51.517  39.139 0.0000000000
89958  47.393  -25.133  22.661 0.0000000000
81866  35.872  -30.510  30.699 0.0000000000
80628  34.519  -32.292  29.444 0.0000000000
79394  35.400  -33.863  28.391 0.0000000000
74016  33.277  -37.340  33.133 0.0000000000
75456  32.829  -36.022  34.293 0.0000000000
75468  33.072  -36.652  33.625 0.0000000000
75493  34.220  -37.100  31.129 0.0000000000
76849  33.718  -35.810  31.204 0.0000000000
72587  38.615  -37.962  32.325 0.0000000000
74030  37.028  -36.978  31.377 0.0000000000
75478  37.331  -36.687  31.641 0.0000000000
78126  36.281  -35.688  30.882 0.0000000000
76861  34.361  -35.691  30.661 0.0000000000
76878  36.790  -35.580  29.416 0.0000000000
76893  36.846  -35.492  28.726 0.0000000000
76911  37.264  -35.417  28.355 0.0000000000
76892  37.802  -35.719  28.614 0.0000000000
76891  38.716  -35.599  28.654 0.0000000000
76876  38.433  -35.770  29.311 0.0000000000
78139  40.673  -35.686  31.272 0.0000000000
63877  34.548  -46.087  35.154 0.0000000000
65083  34.254  -45.860  34.416 0.0000000000
63833  37.032  -46.621  36.999 0.0000000000
63855  36.736  -46.228  36.010 0.0000000000
63854  37.568  -46.103  36.397 0.0000000000
65064  37.554  -45.689  35.688 0.0000000000
63832  38.076  -46.239  37.224 0.0000000000
65032  39.571  -45.328  38.456 0.0000000000
65044  40.068  -44.623  38.195 0.0000000000
97635  60.226  -19.113  19.518 0.0000000000
96445  59.949  -20.419  18.278 0.0000000000
102391  54.778  -15.708  20.857 0.0000000000
99948  55.894  -17.236  19.653 0.0000000000
98768  57.653  -18.848  18.611 0.0000000000
97647  57.861  -19.586  18.277 0.0000000000
96447  58.287  -20.233  17.968 0.0000000000
92586  48.447  -23.104  21.577 0.0000000000
66392  32.334  -43.253  31.376 0.0000000000
66391  33.218  -43.357  31.112 0.0000000000
96418  46.329  -20.016  22.689 0.0000000000
96417  46.942  -19.762  22.267 0.0000000000
92477  41.925  -22.977  27.556 0.0000000000
91173  41.535  -23.501  28.129 0.0000000000
81912  37.408  -31.510  27.444 0.0000000000
80646  39.649  -33.076  27.531 0.0000000000
79434  39.200  -33.254  27.435 0.0000000000
47242  10.507  -57.696  46.328 0.0000000000
62480  27.990  -45.120  37.150 0.0000000000
54984  24.787  -53.010  39.979 0.0000000000
56288  25.091  -52.426  40.417 0.0000000000
54968  25.274  -53.318  40.925 0.0000000000
76819  32.729  -35.220  34.228 0.0000000000
69953  40.607  -40.190  35.036 0.0000000000
69969  40.211  -40.025  34.436 0.0000000000
69952  41.067  -40.235  35.769 0.0000000000
53711  22.915  -53.183  38.302 0.0000000000
53712  21.933  -53.027  38.262 0.0000000000
56311  18.910  -50.120  40.123 0.0000000000
54985  18.707  -52.077  39.498 0.0000000000
54986  18.021  -51.958  39.685 0.0000000000
62485  22.883  -45.888  36.573 0.0000000000
59954  21.076  -47.984  38.116 0.0000000000
61167  21.632  -47.561  37.497 0.0000000000
58793  21.688  -49.298  37.281 0.0000000000
56347  22.781  -51.069  37.297 0.0000000000
56338  22.629  -51.711  37.505 0.0000000000
71224  33.946  -39.313  32.152 0.0000000000
67600  36.739  -43.126  31.341 0.0000000000
67573  38.213  -42.826  32.594 0.0000000000
67572  39.118  -42.495  32.878 0.0000000000
66309  39.613  -43.616  34.953 0.0000000000
66308  40.263  -43.432  35.614 0.0000000000
99902  51.229  -16.841  23.842 0.0000000000
102384  52.691  -15.488  21.944 0.0000000000
101158  51.741  -15.838  21.611 0.0000000000
101168  51.679  -16.636  20.676 0.0000000000
96436  50.731  -20.528  20.708 0.0000000000
95146  52.559  -21.224  20.634 0.0000000000
95096  44.263  -21.734  23.333 0.0000000000
93831  44.119  -22.476  23.221 0.0000000000
92550  43.208  -23.446  23.624 0.0000000000
88591  42.419  -25.948  24.582 0.0000000000
88567  43.249  -27.383  24.866 0.0000000000
87243  42.988  -28.455  25.504 0.0000000000
89848  38.849  -25.407  29.030 0.0000000000
89869  38.509  -25.736  28.114 0.0000000000
83211  39.609  -30.175  26.446 0.0000000000
84537  41.179  -29.481  26.163 0.0000000000
84536  41.808  -29.399  26.038 0.0000000000
62501  33.082  -47.215  35.668 0.0000000000
62458  33.697  -48.145  37.949 0.0000000000
95059  44.953  -20.692  25.495 0.0000000000
95078  44.784  -20.519  24.633 0.0000000000
51119  22.647  -55.845  41.404 0.0000000000
48555  16.683  -58.705  43.244 0.0000000000
47266  16.466  -59.473  44.614 0.0000000000
45951  16.162  -59.918  45.104 0.0000000000
45952  15.551  -60.502  45.039 0.0000000000
51084  13.394  -55.045  42.836 0.0000000000
51128  13.556  -55.782  41.743 0.0000000000
47304  11.675  -58.547  42.675 0.0000000000
45989  12.499  -59.803  42.867 0.0000000000
44586  13.020  -60.283  43.157 0.0000000000
43268  12.689  -61.652  44.332 0.0000000000
44569  12.225  -61.408  43.927 0.0000000000
43269  11.793  -61.783  44.121 0.0000000000
43285  11.198  -61.576  43.821 0.0000000000
66311  28.388  -42.921  34.449 0.0000000000
58784  30.486  -50.499  36.675 0.0000000000
57557  30.881  -50.965  37.404 0.0000000000
57536  31.394  -51.201  38.130 0.0000000000
57470  26.757  -52.212  40.786 0.0000000000
57491  26.512  -51.494  40.005 0.0000000000
89938  46.190  -25.214  23.116 0.0000000000
89959  46.796  -25.122  22.853 0.0000000000
89937  47.058  -25.644  23.063 0.0000000000
88607  47.500  -26.328  23.417 0.0000000000
80591  33.905  -31.586  31.506 0.0000000000
80610  34.301  -31.710  30.465 0.0000000000
80611  33.598  -32.398  30.626 0.0000000000
79396  34.065  -32.938  29.367 0.0000000000
78190  34.094  -33.612  29.306 0.0000000000
75494  33.644  -37.236  31.577 0.0000000000
74045  33.968  -37.576  31.257 0.0000000000
75466  38.041  -36.493  32.292 0.0000000000
76833  37.614  -35.977  31.861 0.0000000000
78125  37.170  -35.438  31.243 0.0000000000
78143  36.610  -35.510  30.571 0.0000000000
78142  37.634  -35.297  30.801 0.0000000000
78141  38.668  -35.630  30.890 0.0000000000
63835  35.336  -46.989  36.673 0.0000000000
63856  35.726  -46.360  36.049 0.0000000000
63816  36.348  -47.077  37.746 0.0000000000
63794  36.637  -47.159  38.511 0.0000000000
63815  37.254  -46.851  37.976 0.0000000000
97636  59.491  -18.974  19.525 0.0000000000
101172  54.548  -16.505  19.925 0.0000000000
99937  54.993  -16.606  19.894 0.0000000000
99949  54.770  -17.118  19.565 0.0000000000
98761  55.229  -17.781  18.878 0.0000000000
98770  55.654  -18.556  18.474 0.0000000000
96457  57.143  -21.390  17.682 0.0000000000
96456  57.840  -21.107  17.730 0.0000000000
57494  19.674  -49.207  40.024 0.0000000000
61124  20.859  -46.409  39.599 0.0000000000
59937  20.691  -47.556  39.065 0.0000000000
92583  51.207  -23.326  21.481 0.0000000000
91270  49.840  -23.681  21.693 0.0000000000
67624  34.569  -42.360  30.526 0.0000000000
66389  35.169  -43.341  31.013 0.0000000000
66353  36.862  -44.374  32.650 0.0000000000
66326  37.394  -44.467  33.433 0.0000000000
65097  37.491  -44.912  34.164 0.0000000000
98722  48.402  -18.471  23.864 0.0000000000
99905  48.977  -18.123  23.743 0.0000000000
98733  48.206  -18.167  22.856 0.0000000000
99918  48.806  -17.845  23.284 0.0000000000
98732  48.864  -17.884  22.451 0.0000000000
99942  49.732  -17.833  21.167 0.0000000000
99941  50.475  -17.631  20.765 0.0000000000
97630  49.537  -19.145  20.730 0.0000000000
96437  49.714  -19.978  20.648 0.0000000000
96426  50.337  -20.908  20.931 0.0000000000
95134  50.394  -21.439  21.041 0.0000000000
93792  42.428  -22.258  25.406 0.0000000000
93814  42.598  -22.682  24.417 0.0000000000
92509  41.269  -23.565  25.357 0.0000000000
91207  41.039  -24.332  25.139 0.0000000000
89907  40.980  -25.163  25.020 0.0000000000
88570  40.484  -26.146  25.534 0.0000000000
84540  38.391  -29.600  26.636 0.0000000000
83212  38.859  -30.117  26.524 0.0000000000
79412  41.280  -33.708  28.827 0.0000000000
80626  41.704  -33.543  28.995 0.0000000000
59951  33.062  -49.523  38.273 0.0000000000
59936  33.381  -49.481  39.409 0.0000000000
51123  18.392  -56.206  41.040 0.0000000000
51103  18.867  -56.670  42.356 0.0000000000
48598  16.643  -57.550  41.803 0.0000000000
48574  16.852  -57.895  42.359 0.0000000000
48575  16.457  -58.472  42.683 0.0000000000
48538  11.793  -56.743  44.185 0.0000000000
48558  11.363  -57.561  43.535 0.0000000000
45935  10.039  -58.363  45.849 0.0000000000
44522  9.387  -59.226  47.200 0.0000000000
58786  28.449  -50.515  36.634 0.0000000000
58767  24.776  -50.219  38.010 0.0000000000
59953  24.941  -49.601  37.623 0.0000000000
58751  25.247  -51.004  39.015 0.0000000000
57472  25.567  -52.046  40.583 0.0000000000
57471  26.103  -51.952  40.667 0.0000000000
87292  46.524  -27.487  24.388 0.0000000000
87291  47.556  -27.500  24.401 0.0000000000
79343  32.654  -33.341  32.828 0.0000000000
71223  37.960  -39.425  31.175 0.0000000000
72601  38.805  -38.649  32.427 0.0000000000
72586  39.209  -38.172  32.891 0.0000000000
71187  39.857  -39.259  34.019 0.0000000000
72571  39.340  -38.298  33.597 0.0000000000
74013  39.237  -37.782  33.359 0.0000000000
73996  39.085  -37.027  33.442 0.0000000000
98750  57.784  -17.635  19.901 0.0000000000
97638  54.182  -19.515  18.790 0.0000000000
39472  7.274  -65.004  45.658 0.0000000000
88520  40.273  -25.011  29.718 0.0000000000
88521  39.467  -25.407  29.584 0.0000000000
88498  38.569  -25.952  29.571 0.0000000000
88499  37.959  -26.390  29.013 0.0000000000
87188  37.653  -27.091  29.209 0.0000000000
85841  37.812  -27.432  29.708 0.0000000000
84525  37.075  -29.229  27.993 0.0000000000
83195  36.756  -30.264  28.084 0.0000000000
81892  36.897  -31.840  27.672 0.0000000000
80648  36.987  -32.502  27.598 0.0000000000
52374  25.004  -54.822  42.089 0.0000000000
52385  24.552  -54.808  40.996 0.0000000000
52386  23.734  -55.430  40.810 0.0000000000
52401  22.689  -55.232  40.320 0.0000000000
52402  21.386  -55.178  40.015 0.0000000000
54996  20.762  -52.135  38.383 0.0000000000
52421  18.057  -54.096  39.412 0.0000000000
53704  17.529  -53.381  39.380 0.0000000000
52408  15.379  -54.157  40.125 0.0000000000
61164  26.403  -45.242  36.648 0.0000000000
62482  25.782  -45.534  35.930 0.0000000000
62505  25.147  -46.188  35.598 0.0000000000
62486  22.360  -45.890  36.983 0.0000000000
61166  22.391  -47.204  36.833 0.0000000000
61165  22.949  -47.463  36.470 0.0000000000
58790  24.402  -49.875  37.443 0.0000000000
58768  24.423  -50.512  37.798 0.0000000000
57542  24.206  -51.052  37.847 0.0000000000
56324  24.406  -52.001  38.597 0.0000000000
56337  23.503  -51.473  37.563 0.0000000000
54995  24.217  -52.331  38.327 0.0000000000
76817  33.424  -35.846  35.532 0.0000000000
73999  33.305  -37.069  33.993 0.0000000000
74031  33.974  -38.148  31.332 0.0000000000
70035  34.997  -40.653  30.481 0.0000000000
70034  35.921  -40.662  30.196 0.0000000000
68870  36.553  -42.153  30.500 0.0000000000
68884  36.470  -41.089  30.291 0.0000000000
70033  36.680  -40.426  30.316 0.0000000000
70007  39.048  -40.374  32.559 0.0000000000
68829  39.845  -41.183  33.643 0.0000000000
67571  39.642  -41.962  33.404 0.0000000000
68803  40.406  -41.054  34.384 0.0000000000
102382  54.634  -15.434  21.580 0.0000000000
102392  54.205  -15.590  21.042 0.0000000000
101157  52.938  -15.739  21.138 0.0000000000
101166  53.779  -16.070  20.403 0.0000000000
99950  53.661  -17.256  19.587 0.0000000000
99940  51.297  -17.475  20.393 0.0000000000
98751  51.888  -18.340  19.923 0.0000000000
98764  52.673  -18.614  19.658 0.0000000000
97640  53.032  -19.090  19.607 0.0000000000
93848  46.618  -22.510  21.953 0.0000000000
91261  45.774  -23.833  22.741 0.0000000000
92568  44.877  -23.150  23.056 0.0000000000
91239  46.136  -24.719  22.928 0.0000000000
88609  45.563  -25.944  23.562 0.0000000000
92551  42.746  -23.496  23.824 0.0000000000
91242  43.469  -24.434  23.624 0.0000000000
91225  42.574  -24.497  23.948 0.0000000000
91224  43.029  -24.735  23.860 0.0000000000
89868  39.317  -25.054  27.891 0.0000000000
91190  39.560  -24.641  27.052 0.0000000000
89909  39.818  -25.319  26.186 0.0000000000
87229  38.048  -27.290  27.190 0.0000000000
85907  39.480  -28.620  26.233 0.0000000000
87271  41.088  -26.922  25.510 0.0000000000
85881  43.094  -29.580  26.376 0.0000000000
85903  43.525  -28.890  25.841 0.0000000000
65127  31.951  -44.603  33.003 0.0000000000
65102  32.515  -44.953  33.859 0.0000000000
63891  32.919  -45.564  34.416 0.0000000000
63858  34.127  -46.509  35.602 0.0000000000
63836  34.523  -47.113  36.304 0.0000000000
97580  47.041  -19.440  24.514 0.0000000000
97600  46.541  -19.407  23.701 0.0000000000
95113  46.071  -21.386  22.131 0.0000000000
51121  20.442  -56.000  41.644 0.0000000000
54989  15.498  -52.719  40.547 0.0000000000
53692  15.069  -53.375  40.593 0.0000000000
53679  14.491  -53.423  41.497 0.0000000000
52388  14.738  -54.238  40.609 0.0000000000
47327  14.635  -58.107  41.506 0.0000000000
49792  12.439  -56.295  43.436 0.0000000000
48556  12.641  -56.978  42.553 0.0000000000
44550  14.608  -60.920  44.386 0.0000000000
40755  11.622  -63.328  45.471 0.0000000000
44589  10.926  -61.194  43.616 0.0000000000
40756  10.872  -63.598  45.201 0.0000000000
40759  7.783  -64.292  45.498 0.0000000000
67627  31.809  -42.625  31.565 0.0000000000
66394  31.267  -42.968  31.695 0.0000000000
66377  31.024  -43.385  31.989 0.0000000000
68835  29.871  -42.197  32.709 0.0000000000
66355  30.207  -43.362  32.506 0.0000000000
65128  30.836  -44.273  32.694 0.0000000000
61208  29.534  -47.556  34.312 0.0000000000
60012  30.268  -48.135  34.360 0.0000000000
60002  30.742  -48.741  34.717 0.0000000000
59970  32.172  -49.519  36.347 0.0000000000
59969  32.573  -49.714  37.237 0.0000000000
58748  26.743  -50.564  38.193 0.0000000000
57515  26.915  -51.192  38.841 0.0000000000
57539  28.280  -51.108  37.823 0.0000000000
56321  29.782  -52.083  39.129 0.0000000000
92565  47.219  -23.356  22.029 0.0000000000
89957  48.350  -25.167  22.536 0.0000000000
75482  32.920  -35.856  32.807 0.0000000000
76834  32.680  -35.255  33.302 0.0000000000
78128  32.748  -34.754  31.492 0.0000000000
74043  36.561  -37.499  30.978 0.0000000000
76862  33.823  -35.495  30.845 0.0000000000
78146  33.080  -34.129  30.648 0.0000000000
78189  34.623  -34.304  28.926 0.0000000000
78166  36.084  -35.565  29.650 0.0000000000
78188  35.818  -35.143  28.589 0.0000000000
78211  36.025  -34.418  28.111 0.0000000000
78210  36.836  -34.851  28.077 0.0000000000
78209  37.978  -34.727  27.834 0.0000000000
78163  39.327  -35.752  29.910 0.0000000000
78162  40.449  -35.441  30.418 0.0000000000
65126  32.978  -44.753  33.132 0.0000000000
65100  34.559  -45.553  33.721 0.0000000000
65099  35.566  -45.512  33.635 0.0000000000
63876  35.364  -46.051  35.310 0.0000000000
65081  35.993  -45.846  34.522 0.0000000000
65079  38.164  -45.061  34.929 0.0000000000
63792  38.162  -46.634  39.535 0.0000000000
63831  38.867  -45.786  37.899 0.0000000000
65046  38.774  -45.388  37.062 0.0000000000
65078  38.875  -44.428  35.585 0.0000000000
66270  39.917  -44.388  36.724 0.0000000000
99935  56.603  -16.703  20.542 0.0000000000
99946  57.518  -17.518  19.820 0.0000000000
98769  56.683  -18.612  18.478 0.0000000000
97646  58.802  -19.413  18.751 0.0000000000
96455  58.735  -20.891  17.716 0.0000000000
96454  59.422  -20.740  17.836 0.0000000000
46007  11.935  -59.098  42.573 0.0000000000
47281  16.782  -58.817  43.533 0.0000000000
52415  23.900  -54.215  39.356 0.0000000000
53697  24.119  -53.598  38.907 0.0000000000
56308  27.379  -52.223  40.480 0.0000000000
56346  23.243  -50.987  37.347 0.0000000000
57469  27.141  -52.225  40.574 0.0000000000
57512  29.664  -51.561  38.469 0.0000000000
57519  24.368  -51.552  38.283 0.0000000000
58734  25.601  -51.024  39.343 0.0000000000
58735  25.433  -51.240  39.514 0.0000000000
58762  31.896  -50.746  37.827 0.0000000000
60010  31.370  -48.054  34.497 0.0000000000
60011  30.927  -48.154  34.362 0.0000000000
61188  22.875  -46.938  36.362 0.0000000000
62504  25.743  -46.195  35.551 0.0000000000
62508  22.690  -46.436  36.550 0.0000000000
62520  32.496  -46.775  34.818 0.0000000000
62523  25.603  -46.408  35.508 0.0000000000
62524  25.454  -46.604  35.484 0.0000000000
63817  35.735  -47.139  37.356 0.0000000000
63840  23.120  -45.281  36.927 0.0000000000
63861  23.577  -45.464  36.592 0.0000000000
63875  36.162  -46.107  35.345 0.0000000000
63878  33.632  -46.002  34.885 0.0000000000
65062  39.141  -44.744  36.510 0.0000000000
65125  33.953  -45.220  32.946 0.0000000000
65130  29.221  -43.612  33.318 0.0000000000
65144  31.028  -43.905  32.322 0.0000000000
66289  40.386  -43.712  36.408 0.0000000000
66328  29.082  -42.738  33.398 0.0000000000
66354  30.750  -43.765  32.354 0.0000000000
66356  29.380  -43.146  33.134 0.0000000000
66357  29.176  -42.941  33.314 0.0000000000
66378  30.549  -43.026  32.226 0.0000000000
67540  39.955  -42.030  34.061 0.0000000000
67541  39.573  -42.591  33.673 0.0000000000
67547  29.604  -41.445  33.675 0.0000000000
67549  29.264  -42.634  33.259 0.0000000000
67580  29.611  -42.609  32.899 0.0000000000
67604  31.105  -42.536  31.913 0.0000000000
67605  30.729  -42.856  32.095 0.0000000000
67622  36.884  -42.535  30.828 0.0000000000
67628  31.460  -42.809  31.646 0.0000000000
68807  29.757  -41.649  33.178 0.0000000000
68808  29.635  -42.039  32.913 0.0000000000
68834  30.050  -41.822  32.750 0.0000000000
68873  33.168  -42.082  31.103 0.0000000000
71188  39.495  -38.765  33.731 0.0000000000
71236  35.818  -39.284  30.448 0.0000000000
71250  35.834  -39.965  30.305 0.0000000000
74029  37.760  -37.379  31.839 0.0000000000
74042  37.502  -37.892  31.280 0.0000000000
76831  38.870  -35.666  32.666 0.0000000000
76847  36.782  -35.859  31.430 0.0000000000
76875  39.019  -35.708  29.196 0.0000000000
76877  37.510  -35.704  29.398 0.0000000000
76894  36.367  -35.522  29.084 0.0000000000
76909  38.261  -35.369  28.155 0.0000000000
78107  39.283  -35.586  32.367 0.0000000000
79365  32.923  -33.303  30.779 0.0000000000
79379  33.617  -33.184  29.868 0.0000000000
80612  33.114  -32.749  30.889 0.0000000000
83210  40.097  -30.196  26.431 0.0000000000
84523  40.357  -30.191  26.450 0.0000000000
87212  39.108  -25.755  29.932 0.0000000000
88500  37.561  -26.845  28.798 0.0000000000
88522  38.982  -25.573  29.596 0.0000000000
88544  37.605  -26.547  27.853 0.0000000000
89832  38.518  -25.775  29.182 0.0000000000
89833  38.346  -25.985  29.173 0.0000000000
92494  40.746  -23.606  26.650 0.0000000000
96420  44.794  -21.371  22.964 0.0000000000
98702  48.596  -18.779  24.643 0.0000000000
98723  47.751  -18.649  23.620 0.0000000000
98754  49.466  -18.511  20.976 0.0000000000
101156  53.446  -15.699  20.976 0.0000000000
