#!ascii label  , from subject sub-01 vox2ras=TkReg
1225
122892  45.328  2.972  24.504 0.0000000000
121839  48.823  1.897  14.611 0.0000000000
126166  48.306  5.333  12.987 0.0000000000
119711  48.722  -1.245  3.812 0.0000000000
112627  44.237  -5.973  19.927 0.0000000000
125037  50.021  5.061  21.364 0.0000000000
123056  49.365  2.666  6.849 0.0000000000
127286  39.310  7.244  8.615 0.0000000000
122920  54.025  2.222  21.339 0.0000000000
117377  48.709  -2.555  20.828 0.0000000000
117435  45.761  -2.861  14.452 0.0000000000
128270  41.828  7.539  13.068 0.0000000000
128371  43.980  7.630  4.748 0.0000000000
125145  54.751  4.192  12.988 0.0000000000
128351  49.929  7.448  5.391 0.0000000000
131242  39.886  9.726  9.849 0.0000000000
121746  50.514  0.786  23.662 0.0000000000
119556  47.938  -0.892  22.563 0.0000000000
115067  44.446  -4.710  17.539 0.0000000000
126122  45.914  5.385  17.119 0.0000000000
129296  44.119  8.477  16.523 0.0000000000
127227  44.379  5.998  13.214 0.0000000000
127282  42.982  6.482  9.187 0.0000000000
127279  46.421  6.217  9.491 0.0000000000
121794  50.921  1.514  17.461 0.0000000000
122956  54.918  2.846  16.811 0.0000000000
122992  51.703  2.552  13.647 0.0000000000
123081  51.469  2.041  4.958 0.0000000000
126263  51.499  5.528  6.273 0.0000000000
124167  49.386  3.224  4.777 0.0000000000
125209  47.260  4.413  5.367 0.0000000000
120788  47.723  0.458  5.701 0.0000000000
116396  46.499  -3.119  7.383 0.0000000000
121766  42.189  1.178  23.217 0.0000000000
117351  44.794  -2.753  22.136 0.0000000000
125069  48.993  3.852  17.714 0.0000000000
120732  46.637  0.522  11.153 0.0000000000
123023  48.952  2.827  11.099 0.0000000000
120763  47.987  0.386  7.858 0.0000000000
119687  51.322  -0.278  5.359 0.0000000000
125021  54.491  4.444  25.396 0.0000000000
121709  53.203  1.734  25.910 0.0000000000
120662  50.788  -0.136  21.275 0.0000000000
120681  47.978  0.813  17.819 0.0000000000
116243  46.363  -3.738  20.614 0.0000000000
119587  44.955  -1.047  17.423 0.0000000000
120707  45.616  0.199  14.312 0.0000000000
117465  47.250  -2.612  11.731 0.0000000000
121730  40.265  1.297  25.677 0.0000000000
131208  44.170  11.020  13.465 0.0000000000
130319  42.154  9.911  11.544 0.0000000000
128300  40.508  8.196  9.116 0.0000000000
127345  41.402  7.374  5.877 0.0000000000
125202  43.608  4.354  6.568 0.0000000000
124008  53.593  3.676  21.540 0.0000000000
124063  52.209  3.647  17.145 0.0000000000
125148  51.149  4.828  12.793 0.0000000000
125167  52.312  4.606  9.738 0.0000000000
127273  53.101  6.220  9.220 0.0000000000
127276  49.911  6.475  9.158 0.0000000000
129387  47.262  8.259  4.711 0.0000000000
125211  44.864  4.358  4.875 0.0000000000
131230  40.002  10.183  10.740 0.0000000000
132177  40.787  10.449  10.787 0.0000000000
122913  48.059  1.941  22.872 0.0000000000
121762  46.257  1.293  22.576 0.0000000000
125122  47.117  5.209  14.396 0.0000000000
126145  45.503  5.603  15.227 0.0000000000
126186  46.141  5.601  12.735 0.0000000000
127259  45.648  5.883  10.537 0.0000000000
127258  46.959  5.963  10.660 0.0000000000
121825  49.871  1.647  15.688 0.0000000000
122971  51.922  2.181  15.339 0.0000000000
122983  49.760  2.215  14.109 0.0000000000
120797  50.258  0.460  4.303 0.0000000000
123083  50.537  2.192  4.526 0.0000000000
121941  49.163  1.416  4.486 0.0000000000
121926  48.501  1.446  4.958 0.0000000000
119702  48.045  -0.985  4.511 0.0000000000
117564  47.387  -1.991  5.449 0.0000000000
117591  47.108  -2.725  3.835 0.0000000000
118476  42.238  -1.380  22.153 0.0000000000
126112  48.226  5.433  19.745 0.0000000000
125054  49.402  4.247  19.462 0.0000000000
118595  47.681  -1.289  9.518 0.0000000000
120748  47.287  0.395  9.206 0.0000000000
119658  48.199  -0.998  8.475 0.0000000000
118635  51.090  -0.915  5.724 0.0000000000
118632  52.451  -1.683  5.270 0.0000000000
118644  51.898  -1.470  4.693 0.0000000000
117335  50.494  -2.376  23.107 0.0000000000
118467  51.275  -1.601  22.815 0.0000000000
119570  49.694  -1.282  20.901 0.0000000000
120669  49.361  0.252  19.531 0.0000000000
119577  48.249  -0.704  19.920 0.0000000000
115032  44.872  -4.370  21.473 0.0000000000
116229  45.799  -3.960  22.042 0.0000000000
115053  45.059  -4.357  19.779 0.0000000000
116286  45.112  -4.237  15.847 0.0000000000
117408  44.486  -2.832  16.969 0.0000000000
118537  44.866  -2.030  15.444 0.0000000000
119597  45.105  -0.477  16.003 0.0000000000
118548  45.613  -1.655  13.857 0.0000000000
118558  46.063  -1.518  12.821 0.0000000000
117451  46.395  -2.548  13.106 0.0000000000
115138  49.162  -4.303  12.324 0.0000000000
128258  42.636  8.091  14.918 0.0000000000
131179  43.785  10.429  14.798 0.0000000000
130298  42.599  9.620  14.103 0.0000000000
131210  42.845  10.235  12.485 0.0000000000
129333  41.438  8.576  12.256 0.0000000000
129341  40.809  8.668  10.794 0.0000000000
127243  41.502  6.907  11.080 0.0000000000
127330  43.873  7.106  6.740 0.0000000000
128309  42.413  7.492  7.278 0.0000000000
128358  42.653  7.523  5.778 0.0000000000
126265  42.616  6.237  6.237 0.0000000000
126276  43.523  5.912  5.201 0.0000000000
122884  54.924  2.830  23.658 0.0000000000
123994  54.295  3.738  23.665 0.0000000000
124000  54.965  3.193  22.043 0.0000000000
124081  54.946  3.612  14.576 0.0000000000
124043  54.368  4.161  17.269 0.0000000000
125116  54.432  4.216  14.841 0.0000000000
125118  51.927  4.373  14.663 0.0000000000
125132  52.953  4.539  13.670 0.0000000000
124134  48.934  3.430  8.563 0.0000000000
124117  51.066  4.059  10.137 0.0000000000
125188  50.134  4.607  8.368 0.0000000000
127339  51.456  6.500  5.734 0.0000000000
126253  52.411  6.373  7.416 0.0000000000
128307  51.884  7.289  7.595 0.0000000000
127275  51.077  6.631  9.102 0.0000000000
128320  50.748  7.494  7.100 0.0000000000
128322  48.191  7.423  6.943 0.0000000000
128352  48.785  7.722  5.287 0.0000000000
123058  46.769  1.901  6.235 0.0000000000
125210  45.950  4.670  4.968 0.0000000000
123060  45.315  2.241  6.355 0.0000000000
121929  43.987  2.207  5.850 0.0000000000
128202  51.581  6.873  23.005 0.0000000000
130331  38.765  9.247  9.666 0.0000000000
129364  38.933  8.755  8.687 0.0000000000
122876  50.755  2.572  25.561 0.0000000000
122890  48.956  2.907  24.673 0.0000000000
120647  49.322  -0.005  22.781 0.0000000000
116207  48.877  -3.338  22.294 0.0000000000
113851  44.354  -5.465  18.339 0.0000000000
127193  44.700  6.669  16.651 0.0000000000
127209  44.230  6.357  15.154 0.0000000000
127228  43.493  6.229  12.695 0.0000000000
126207  42.509  6.139  10.830 0.0000000000
127260  44.403  5.877  10.452 0.0000000000
127297  44.795  6.459  8.383 0.0000000000
127314  45.403  6.693  7.411 0.0000000000
121783  52.646  1.950  18.861 0.0000000000
122932  54.952  2.755  18.717 0.0000000000
122944  53.229  2.324  17.291 0.0000000000
122979  53.936  2.662  14.788 0.0000000000
124088  54.089  3.198  13.205 0.0000000000
123069  51.141  2.447  5.333 0.0000000000
125201  50.288  4.413  6.764 0.0000000000
124153  51.492  2.981  5.034 0.0000000000
125206  50.723  4.016  5.200 0.0000000000
126271  50.095  5.446  5.393 0.0000000000
126282  48.286  5.970  5.008 0.0000000000
125208  48.629  4.164  5.155 0.0000000000
121927  47.742  1.433  5.586 0.0000000000
120775  47.100  0.469  6.307 0.0000000000
116403  46.472  -3.451  6.283 0.0000000000
121749  43.888  2.216  23.542 0.0000000000
120651  45.552  0.354  22.498 0.0000000000
119560  43.830  -0.484  22.378 0.0000000000
117352  43.718  -2.366  21.892 0.0000000000
113820  43.762  -5.306  21.317 0.0000000000
128228  47.287  7.084  18.970 0.0000000000
125057  47.212  4.820  17.933 0.0000000000
125105  48.465  4.546  15.451 0.0000000000
121858  47.396  1.711  12.684 0.0000000000
123007  48.578  2.414  12.333 0.0000000000
123016  47.345  2.210  11.297 0.0000000000
121893  48.071  1.927  8.821 0.0000000000
121912  48.790  1.550  6.850 0.0000000000
119668  49.055  -1.200  7.211 0.0000000000
120774  49.171  0.641  6.510 0.0000000000
121910  50.674  1.694  5.626 0.0000000000
120784  51.561  0.566  4.908 0.0000000000
119699  50.597  -0.463  4.308 0.0000000000
118646  49.884  -1.444  4.153 0.0000000000
116437  47.806  -3.286  3.441 0.0000000000
122851  54.785  2.739  26.014 0.0000000000
121745  53.675  1.720  23.571 0.0000000000
121737  51.698  0.940  24.499 0.0000000000
120633  52.609  0.526  23.359 0.0000000000
121771  52.269  1.197  21.342 0.0000000000
121781  51.006  1.340  19.431 0.0000000000
120679  49.496  1.138  17.594 0.0000000000
121811  48.293  1.403  16.284 0.0000000000
118472  46.333  -1.768  22.516 0.0000000000
116209  47.108  -3.495  22.425 0.0000000000
117379  47.352  -2.933  20.520 0.0000000000
116258  44.759  -3.518  18.816 0.0000000000
117396  45.212  -2.547  19.000 0.0000000000
118500  46.940  -1.479  19.744 0.0000000000
119585  46.135  -0.080  18.143 0.0000000000
120688  46.303  0.935  16.020 0.0000000000
121841  46.967  1.365  14.187 0.0000000000
120715  46.160  0.821  12.912 0.0000000000
118570  46.536  -1.294  11.579 0.0000000000
117502  47.801  -2.196  10.430 0.0000000000
115139  48.088  -4.230  12.573 0.0000000000
116354  49.185  -3.687  11.385 0.0000000000
122895  42.720  2.104  24.956 0.0000000000
121740  41.103  1.448  24.961 0.0000000000
120615  39.287  0.830  25.666 0.0000000000
132133  46.351  11.995  13.255 0.0000000000
132164  44.945  12.162  11.468 0.0000000000
130329  40.583  9.717  10.258 0.0000000000
129356  39.818  8.938  9.059 0.0000000000
128328  39.619  8.014  7.333 0.0000000000
127283  41.806  6.906  9.004 0.0000000000
129372  40.960  8.478  6.837 0.0000000000
127319  40.721  6.723  6.955 0.0000000000
124010  51.610  4.174  21.843 0.0000000000
124020  55.055  4.029  19.161 0.0000000000
124022  53.078  3.640  19.585 0.0000000000
124032  51.085  3.653  18.905 0.0000000000
125068  50.217  3.703  17.447 0.0000000000
125104  49.664  4.343  15.543 0.0000000000
125150  49.391  5.140  12.838 0.0000000000
124099  50.414  3.113  12.075 0.0000000000
124097  52.403  3.303  12.140 0.0000000000
124105  54.356  4.343  11.374 0.0000000000
125187  51.083  5.140  8.053 0.0000000000
125176  53.639  5.316  9.612 0.0000000000
126196  54.186  5.369  10.813 0.0000000000
126198  52.512  5.601  11.201 0.0000000000
126200  50.246  5.526  11.425 0.0000000000
126220  48.745  5.752  10.835 0.0000000000
127278  47.611  6.268  9.433 0.0000000000
127313  46.689  6.796  7.198 0.0000000000
128355  45.758  8.148  5.067 0.0000000000
127353  47.131  6.916  4.068 0.0000000000
127354  45.984  6.592  3.944 0.0000000000
127356  44.207  6.728  3.990 0.0000000000
125212  44.178  4.685  5.245 0.0000000000
117535  46.122  -2.251  8.785 0.0000000000
131228  40.794  10.861  11.446 0.0000000000
132168  41.540  11.012  11.330 0.0000000000
123998  46.263  3.214  24.360 0.0000000000
122904  46.652  2.833  23.586 0.0000000000
122915  45.950  2.247  22.903 0.0000000000
125137  47.354  5.292  13.781 0.0000000000
126154  46.975  5.370  13.766 0.0000000000
126167  47.413  5.391  13.217 0.0000000000
126204  46.456  5.639  11.982 0.0000000000
126203  47.265  5.650  11.649 0.0000000000
121826  48.990  1.625  15.538 0.0000000000
121838  49.768  1.917  14.921 0.0000000000
119700  49.481  -0.633  4.049 0.0000000000
120798  49.356  0.434  4.302 0.0000000000
120799  48.740  0.547  4.582 0.0000000000
119701  48.517  -0.701  4.240 0.0000000000
118648  47.891  -1.325  4.179 0.0000000000
118658  47.849  -1.722  3.742 0.0000000000
127164  50.308  6.341  21.871 0.0000000000
126107  49.622  5.605  21.214 0.0000000000
125042  49.136  4.977  20.380 0.0000000000
125041  49.668  4.865  20.818 0.0000000000
118594  48.267  -1.786  9.405 0.0000000000
118604  48.096  -1.237  8.942 0.0000000000
118603  48.676  -1.557  8.559 0.0000000000
118621  52.808  -1.740  5.892 0.0000000000
118631  52.751  -2.150  5.490 0.0000000000
117574  52.078  -2.145  4.798 0.0000000000
126247  40.682  6.266  8.571 0.0000000000
116224  49.801  -2.788  21.585 0.0000000000
117364  50.142  -2.479  21.646 0.0000000000
118491  49.406  -1.718  20.824 0.0000000000
119574  48.638  -1.129  20.306 0.0000000000
118498  48.307  -1.379  20.295 0.0000000000
113819  44.492  -5.044  21.124 0.0000000000
115045  45.183  -4.642  20.851 0.0000000000
113832  44.638  -5.223  20.331 0.0000000000
116285  45.574  -3.738  15.138 0.0000000000
117418  44.869  -3.048  15.776 0.0000000000
117436  45.255  -2.552  15.141 0.0000000000
119608  44.856  -1.488  15.143 0.0000000000
118536  45.176  -1.900  14.774 0.0000000000
117452  46.036  -2.410  13.710 0.0000000000
117434  46.304  -2.989  13.719 0.0000000000
128265  42.502  7.611  14.291 0.0000000000
129316  42.518  8.638  14.582 0.0000000000
129324  42.096  8.566  13.751 0.0000000000
130305  42.269  9.466  13.046 0.0000000000
128271  41.404  8.060  12.647 0.0000000000
128278  41.291  7.627  11.999 0.0000000000
128339  44.206  7.472  6.021 0.0000000000
128340  43.168  7.535  6.374 0.0000000000
128372  43.136  7.500  5.047 0.0000000000
127343  42.939  6.872  4.982 0.0000000000
127357  43.560  7.089  4.422 0.0000000000
122911  54.666  2.555  22.459 0.0000000000
122897  54.960  2.884  22.733 0.0000000000
122919  54.619  2.489  21.489 0.0000000000
125130  54.977  4.112  14.064 0.0000000000
125115  55.073  4.053  15.089 0.0000000000
125131  54.237  4.395  13.775 0.0000000000
125117  53.259  4.274  14.728 0.0000000000
125146  53.982  4.717  12.503 0.0000000000
124140  49.070  3.481  7.840 0.0000000000
124127  49.779  4.103  9.211 0.0000000000
124133  49.430  4.166  8.123 0.0000000000
128350  51.149  7.162  5.690 0.0000000000
128332  51.801  7.234  6.082 0.0000000000
128333  51.008  7.741  6.051 0.0000000000
128334  49.804  7.860  6.025 0.0000000000
123059  46.227  2.107  6.411 0.0000000000
123073  45.827  2.846  6.057 0.0000000000
121915  45.603  1.537  6.748 0.0000000000
131238  39.782  9.841  10.238 0.0000000000
130323  38.735  9.271  10.424 0.0000000000
129357  38.657  8.723  9.349 0.0000000000
130337  38.928  9.101  9.011 0.0000000000
122878  49.228  3.068  25.359 0.0000000000
120649  47.578  0.125  22.483 0.0000000000
121759  48.965  0.705  22.692 0.0000000000
120648  48.488  0.017  22.574 0.0000000000
118462  49.133  -2.038  23.003 0.0000000000
118470  48.448  -1.847  22.786 0.0000000000
128230  45.922  6.840  17.929 0.0000000000
128238  45.695  7.302  17.701 0.0000000000
127192  45.138  6.214  17.016 0.0000000000
126170  45.026  5.800  13.831 0.0000000000
126157  44.891  5.914  14.735 0.0000000000
127218  44.231  6.191  14.252 0.0000000000
127219  43.478  6.399  13.793 0.0000000000
127240  44.785  5.776  11.841 0.0000000000
127280  45.228  6.164  9.432 0.0000000000
127296  45.949  6.504  8.408 0.0000000000
121784  51.775  1.607  18.643 0.0000000000
121792  52.498  2.001  17.972 0.0000000000
121806  52.412  2.053  17.226 0.0000000000
122981  51.879  2.359  14.460 0.0000000000
122970  53.013  2.368  15.448 0.0000000000
122980  52.939  2.470  14.586 0.0000000000
122990  53.885  2.897  13.862 0.0000000000
123003  52.666  2.922  12.989 0.0000000000
123068  51.494  2.271  5.042 0.0000000000
124145  50.841  3.371  5.477 0.0000000000
124164  51.430  2.571  4.909 0.0000000000
124166  50.279  2.991  4.598 0.0000000000
125219  50.635  3.441  4.752 0.0000000000
125220  50.128  3.725  4.752 0.0000000000
125221  49.498  3.924  4.871 0.0000000000
120787  48.292  0.570  5.136 0.0000000000
123071  48.093  2.342  5.374 0.0000000000
121913  47.315  1.082  6.044 0.0000000000
119679  47.498  -0.365  5.957 0.0000000000
117565  46.811  -2.856  5.383 0.0000000000
121765  42.815  1.353  23.104 0.0000000000
120653  43.350  0.576  22.580 0.0000000000
117353  42.720  -2.274  21.952 0.0000000000
117369  43.162  -3.107  21.707 0.0000000000
116232  43.604  -3.873  21.531 0.0000000000
115034  43.245  -4.662  21.494 0.0000000000
125056  47.922  4.565  18.466 0.0000000000
125070  47.843  4.393  17.360 0.0000000000
125088  47.586  4.543  16.342 0.0000000000
125087  48.742  4.293  16.494 0.0000000000
121869  46.740  1.434  11.506 0.0000000000
121868  47.183  1.776  12.015 0.0000000000
121878  46.837  1.351  10.691 0.0000000000
120754  47.647  0.337  8.422 0.0000000000
121894  47.632  1.096  8.602 0.0000000000
121901  47.777  0.820  8.132 0.0000000000
121900  48.196  1.405  7.814 0.0000000000
120762  48.453  0.553  7.207 0.0000000000
118612  49.859  -1.856  7.231 0.0000000000
118611  50.758  -1.983  6.560 0.0000000000
119688  50.515  -0.358  5.700 0.0000000000
120773  50.177  0.656  5.822 0.0000000000
120786  50.933  0.376  5.426 0.0000000000
120772  50.982  1.043  5.409 0.0000000000
120785  51.495  0.681  5.158 0.0000000000
118645  50.950  -1.394  4.449 0.0000000000
119698  51.548  -0.500  4.732 0.0000000000
117576  50.104  -2.285  4.436 0.0000000000
117577  49.226  -2.367  3.829 0.0000000000
123961  53.521  3.136  26.859 0.0000000000
123938  54.034  4.005  27.304 0.0000000000
122852  54.069  2.410  26.316 0.0000000000
121734  54.291  1.941  25.036 0.0000000000
121735  53.525  1.423  24.505 0.0000000000
122900  50.733  1.215  24.077 0.0000000000
122888  51.041  1.607  24.638 0.0000000000
121738  51.081  0.818  24.147 0.0000000000
119568  51.069  -0.756  21.740 0.0000000000
119553  51.636  -0.520  22.486 0.0000000000
120646  51.923  0.158  22.332 0.0000000000
120645  52.472  0.714  22.486 0.0000000000
120661  51.580  0.455  21.575 0.0000000000
121776  51.271  1.207  20.214 0.0000000000
120665  50.418  0.505  20.478 0.0000000000
120675  48.638  0.519  18.567 0.0000000000
120674  49.639  0.989  18.276 0.0000000000
120680  48.964  0.906  17.698 0.0000000000
121796  49.382  1.229  17.073 0.0000000000
121797  48.593  1.129  17.032 0.0000000000
119559  44.894  -0.599  22.388 0.0000000000
119558  45.929  -0.727  22.476 0.0000000000
118473  45.322  -1.693  22.421 0.0000000000
115044  45.935  -4.081  20.666 0.0000000000
115015  46.555  -3.994  22.027 0.0000000000
115030  46.765  -3.959  21.394 0.0000000000
115029  47.548  -3.839  21.647 0.0000000000
116242  46.942  -3.480  20.686 0.0000000000
115060  44.476  -4.486  18.629 0.0000000000
116265  44.409  -3.660  17.806 0.0000000000
118518  44.656  -1.847  17.260 0.0000000000
117402  44.503  -2.612  18.076 0.0000000000
118508  45.359  -1.744  18.833 0.0000000000
118501  46.390  -1.786  19.632 0.0000000000
119583  45.794  -0.869  18.616 0.0000000000
119582  46.383  -0.467  18.724 0.0000000000
119586  45.592  -0.484  17.997 0.0000000000
120698  45.536  0.294  15.420 0.0000000000
120689  45.628  0.285  16.590 0.0000000000
121828  47.082  1.367  15.215 0.0000000000
120697  46.216  0.944  14.827 0.0000000000
120706  46.221  0.842  13.810 0.0000000000
120716  45.714  0.190  13.373 0.0000000000
117466  46.714  -2.378  12.207 0.0000000000
117483  46.955  -2.098  11.505 0.0000000000
118569  47.027  -1.706  11.070 0.0000000000
117482  47.503  -2.362  11.071 0.0000000000
115153  49.297  -4.012  11.854 0.0000000000
121727  43.007  1.815  26.560 0.0000000000
121713  40.774  1.728  26.440 0.0000000000
121729  41.438  1.435  25.906 0.0000000000
121752  40.784  1.107  24.214 0.0000000000
121741  40.294  1.122  24.839 0.0000000000
131195  44.541  10.920  14.226 0.0000000000
132118  45.497  11.506  13.847 0.0000000000
133046  46.592  12.354  12.569 0.0000000000
132134  45.394  11.775  13.047 0.0000000000
133060  45.519  12.420  11.454 0.0000000000
132135  44.511  11.432  12.729 0.0000000000
131220  42.736  10.328  11.748 0.0000000000
131235  41.962  10.617  11.019 0.0000000000
130328  41.301  9.852  10.770 0.0000000000
128290  40.438  8.336  10.003 0.0000000000
129355  40.175  8.951  9.571 0.0000000000
129362  40.252  8.515  8.343 0.0000000000
129363  39.574  8.590  8.226 0.0000000000
127262  42.252  6.360  10.292 0.0000000000
128359  41.590  7.899  5.958 0.0000000000
128342  41.469  8.098  6.520 0.0000000000
129382  40.987  8.291  6.025 0.0000000000
128343  40.218  7.908  6.590 0.0000000000
127334  40.591  7.363  6.402 0.0000000000
126257  41.416  6.219  7.419 0.0000000000
127318  41.654  6.467  6.624 0.0000000000
126264  43.247  5.214  6.654 0.0000000000
126090  54.334  5.137  25.348 0.0000000000
123995  53.634  4.056  23.526 0.0000000000
125030  53.192  4.325  23.513 0.0000000000
124002  53.281  3.892  22.762 0.0000000000
124003  52.145  4.189  22.455 0.0000000000
124009  52.437  3.821  21.708 0.0000000000
122942  54.896  2.757  17.790 0.0000000000
122931  55.349  3.207  18.863 0.0000000000
124027  55.414  3.627  18.285 0.0000000000
124044  53.649  3.864  17.592 0.0000000000
124030  53.425  3.734  18.549 0.0000000000
124045  52.686  3.638  17.801 0.0000000000
124023  51.824  3.669  19.790 0.0000000000
124031  52.275  3.590  18.736 0.0000000000
124046  51.555  3.599  17.839 0.0000000000
125133  51.568  4.582  13.673 0.0000000000
125103  50.928  4.057  15.599 0.0000000000
125119  50.607  4.414  14.600 0.0000000000
125120  49.355  4.586  14.518 0.0000000000
125149  50.005  4.972  12.831 0.0000000000
123015  48.365  2.493  11.540 0.0000000000
123006  49.410  2.580  12.549 0.0000000000
124109  49.457  3.091  11.178 0.0000000000
124107  51.830  3.614  11.236 0.0000000000
124106  53.266  3.752  11.287 0.0000000000
124116  52.636  4.233  10.490 0.0000000000
125194  50.803  5.157  6.914 0.0000000000
126254  51.679  5.709  7.152 0.0000000000
126241  52.823  6.355  8.578 0.0000000000
126242  52.709  5.964  8.396 0.0000000000
126231  53.690  5.715  9.622 0.0000000000
125175  54.115  5.284  9.932 0.0000000000
127251  53.801  5.934  10.002 0.0000000000
126197  53.497  5.574  11.030 0.0000000000
126216  53.011  5.936  10.480 0.0000000000
126218  50.894  5.846  10.623 0.0000000000
127255  50.415  6.177  9.919 0.0000000000
126219  49.785  5.744  10.704 0.0000000000
127256  49.288  6.069  10.022 0.0000000000
127257  48.193  6.077  10.229 0.0000000000
127277  48.756  6.395  9.305 0.0000000000
128353  47.666  7.963  5.234 0.0000000000
128323  47.496  7.119  6.974 0.0000000000
128336  47.291  7.416  6.197 0.0000000000
128337  46.242  7.558  5.869 0.0000000000
129380  46.276  8.336  4.445 0.0000000000
126273  47.925  5.231  5.128 0.0000000000
126283  47.498  6.011  4.748 0.0000000000
126274  46.960  5.270  5.055 0.0000000000
125222  45.660  5.191  4.256 0.0000000000
126285  45.414  5.750  4.041 0.0000000000
127355  45.021  6.548  3.927 0.0000000000
125224  44.558  4.956  4.553 0.0000000000
126275  44.200  5.335  4.801 0.0000000000
121930  43.480  1.938  5.872 0.0000000000
123076  43.158  2.114  5.882 0.0000000000
117547  46.603  -2.043  7.817 0.0000000000
116390  46.401  -3.037  8.331 0.0000000000
130321  40.116  10.107  11.464 0.0000000000
131229  40.565  10.483  11.010 0.0000000000
131237  40.432  10.117  10.443 0.0000000000
122903  47.883  2.820  23.895 0.0000000000
123997  47.203  3.240  24.312 0.0000000000
122914  47.018  2.150  22.916 0.0000000000
125089  46.439  4.858  16.235 0.0000000000
125108  45.691  5.392  15.680 0.0000000000
126144  46.058  5.471  14.721 0.0000000000
126169  45.842  5.613  13.538 0.0000000000
126187  45.304  5.695  12.885 0.0000000000
127239  46.040  5.748  11.424 0.0000000000
127238  46.669  5.727  11.419 0.0000000000
121808  50.841  1.638  16.646 0.0000000000
121823  51.499  1.926  16.103 0.0000000000
121824  50.823  1.780  15.761 0.0000000000
122972  51.162  2.063  15.019 0.0000000000
122993  50.611  2.505  13.490 0.0000000000
121939  50.816  1.364  4.483 0.0000000000
123082  51.183  2.112  4.724 0.0000000000
121940  49.978  1.374  4.364 0.0000000000
123084  49.689  2.265  4.506 0.0000000000
123070  48.868  2.307  4.791 0.0000000000
119689  48.492  -0.016  4.748 0.0000000000
119690  48.058  -0.471  5.087 0.0000000000
118636  47.534  -1.168  5.547 0.0000000000
118649  47.677  -1.455  4.740 0.0000000000
117578  47.237  -2.388  4.624 0.0000000000
117579  46.609  -3.201  4.466 0.0000000000
120637  41.750  0.956  23.224 0.0000000000
119561  42.770  -0.420  22.330 0.0000000000
119562  41.749  -0.477  22.414 0.0000000000
127170  48.365  6.205  20.071 0.0000000000
126110  48.688  5.498  20.270 0.0000000000
125048  48.823  4.734  19.779 0.0000000000
124034  49.342  3.780  18.440 0.0000000000
119649  46.795  -0.097  10.148 0.0000000000
120741  46.825  0.499  10.339 0.0000000000
119648  47.118  -0.560  9.843 0.0000000000
119659  47.730  -0.536  8.750 0.0000000000
119669  48.409  -0.601  7.673 0.0000000000
118623  51.355  -1.599  6.101 0.0000000000
118622  52.195  -1.612  5.988 0.0000000000
118633  52.187  -1.350  5.439 0.0000000000
119685  52.208  -1.141  5.172 0.0000000000
119686  51.811  -0.523  5.110 0.0000000000
119697  52.167  -0.994  4.954 0.0000000000
122853  52.900  2.249  26.288 0.0000000000
119547  50.301  -0.893  23.331 0.0000000000
119546  50.951  -0.879  23.415 0.0000000000
117334  51.019  -2.243  22.953 0.0000000000
118485  50.671  -1.767  21.779 0.0000000000
119569  50.180  -0.776  21.109 0.0000000000
119572  49.862  -0.265  20.576 0.0000000000
119576  48.813  -0.304  19.797 0.0000000000
120670  48.371  0.034  19.383 0.0000000000
117367  44.623  -3.400  21.846 0.0000000000
116211  45.465  -3.192  22.221 0.0000000000
116230  45.227  -3.730  21.970 0.0000000000
115031  45.816  -4.151  21.588 0.0000000000
116272  44.560  -3.916  16.694 0.0000000000
118525  44.656  -2.016  16.266 0.0000000000
119590  44.801  -1.151  16.590 0.0000000000
119589  45.211  -0.402  16.998 0.0000000000
119598  44.747  -1.300  15.673 0.0000000000
119607  45.018  -0.807  14.794 0.0000000000
119615  45.467  -0.607  13.745 0.0000000000
118559  45.634  -1.098  13.317 0.0000000000
118547  46.061  -2.019  13.391 0.0000000000
116338  46.830  -2.966  12.690 0.0000000000
115151  50.522  -4.153  11.859 0.0000000000
129306  43.473  8.541  15.879 0.0000000000
130288  43.573  9.652  15.468 0.0000000000
129307  42.927  8.643  15.244 0.0000000000
130297  43.177  9.984  14.707 0.0000000000
131196  43.445  10.542  13.966 0.0000000000
131209  43.606  10.769  12.844 0.0000000000
131197  42.879  10.204  13.301 0.0000000000
130312  42.298  9.711  12.166 0.0000000000
130313  41.717  9.301  11.856 0.0000000000
130320  41.564  9.555  11.261 0.0000000000
129340  41.155  8.710  11.431 0.0000000000
128283  40.688  7.805  10.769 0.0000000000
128289  40.765  7.635  9.696 0.0000000000
127298  43.716  6.558  8.260 0.0000000000
127299  42.666  7.083  8.012 0.0000000000
127317  42.976  7.448  7.131 0.0000000000
128341  42.168  7.665  6.345 0.0000000000
127332  41.905  6.836  5.885 0.0000000000
126277  42.639  6.662  5.479 0.0000000000
125213  43.733  4.809  5.937 0.0000000000
123987  54.673  3.639  24.709 0.0000000000
125025  54.246  4.183  24.586 0.0000000000
123993  54.831  3.191  23.083 0.0000000000
124001  54.367  3.520  22.391 0.0000000000
124007  54.583  3.506  21.277 0.0000000000
124072  55.153  3.541  15.661 0.0000000000
125080  55.427  4.016  17.010 0.0000000000
125099  55.169  4.077  15.970 0.0000000000
124074  54.253  4.125  16.210 0.0000000000
125083  53.236  3.836  16.478 0.0000000000
125102  52.247  4.079  15.663 0.0000000000
125147  52.481  4.822  12.725 0.0000000000
124128  48.817  3.131  9.452 0.0000000000
124118  49.388  3.252  10.400 0.0000000000
124126  50.745  4.385  9.336 0.0000000000
126269  51.742  6.072  5.964 0.0000000000
126262  52.017  6.221  6.541 0.0000000000
127308  52.857  6.978  7.366 0.0000000000
127290  52.599  6.869  8.140 0.0000000000
127274  52.188  6.629  9.075 0.0000000000
127291  51.685  7.023  8.318 0.0000000000
127292  50.578  6.929  8.188 0.0000000000
127310  49.775  7.126  7.626 0.0000000000
127311  48.772  7.096  7.676 0.0000000000
128321  49.332  7.446  6.868 0.0000000000
128335  48.551  7.615  6.023 0.0000000000
124156  46.497  3.576  5.616 0.0000000000
124157  45.307  3.628  5.467 0.0000000000
124158  44.331  3.594  5.477 0.0000000000
123074  44.631  2.716  5.926 0.0000000000
121916  44.385  1.793  6.317 0.0000000000
127162  50.783  6.369  22.377 0.0000000000
130322  39.336  9.606  10.970 0.0000000000
128301  38.747  7.695  9.164 0.0000000000
122889  50.035  2.365  24.511 0.0000000000
122901  50.255  1.602  23.827 0.0000000000
122902  49.145  2.129  23.417 0.0000000000
121747  49.692  1.002  23.076 0.0000000000
120636  50.094  -0.009  23.262 0.0000000000
118461  49.673  -1.698  23.239 0.0000000000
117346  49.735  -2.807  22.652 0.0000000000
116226  48.605  -3.349  21.481 0.0000000000
113842  44.464  -5.280  19.356 0.0000000000
112646  44.352  -6.421  18.116 0.0000000000
113857  44.533  -5.760  17.338 0.0000000000
115075  44.891  -5.026  16.438 0.0000000000
115091  45.249  -4.810  15.852 0.0000000000
115107  46.010  -4.299  14.861 0.0000000000
116305  46.076  -3.849  14.580 0.0000000000
116304  46.448  -3.644  14.068 0.0000000000
129295  44.899  8.486  17.185 0.0000000000
128248  44.333  7.612  16.738 0.0000000000
126136  44.795  6.254  16.100 0.0000000000
127201  44.387  6.540  15.904 0.0000000000
128249  43.704  7.651  16.120 0.0000000000
128257  43.079  7.609  15.249 0.0000000000
127211  42.916  6.841  14.241 0.0000000000
127220  42.658  6.786  13.467 0.0000000000
127229  42.356  6.557  12.388 0.0000000000
126222  42.996  5.784  10.840 0.0000000000
127261  43.249  5.924  10.273 0.0000000000
127281  44.075  6.156  9.312 0.0000000000
127315  44.333  6.691  7.426 0.0000000000
127329  44.803  6.999  6.613 0.0000000000
121778  53.548  2.074  20.453 0.0000000000
122928  54.213  2.443  19.647 0.0000000000
122929  53.457  2.295  18.997 0.0000000000
122933  54.216  2.508  18.456 0.0000000000
122957  54.064  2.523  16.574 0.0000000000
122959  52.211  2.182  16.017 0.0000000000
122958  52.959  2.276  16.413 0.0000000000
122968  54.800  2.851  15.953 0.0000000000
122978  54.734  2.963  15.095 0.0000000000
122989  54.527  3.153  14.322 0.0000000000
124087  54.646  3.585  13.429 0.0000000000
123055  50.438  2.579  5.983 0.0000000000
124139  49.638  3.760  7.260 0.0000000000
124146  50.314  3.573  6.362 0.0000000000
125200  50.861  4.577  5.969 0.0000000000
124165  51.033  2.948  4.760 0.0000000000
126270  51.102  5.542  5.719 0.0000000000
127340  50.586  6.506  5.497 0.0000000000
127341  49.380  6.600  5.227 0.0000000000
128365  49.317  7.250  5.124 0.0000000000
126272  48.978  5.465  5.120 0.0000000000
124155  47.684  3.354  5.531 0.0000000000
124154  48.542  3.085  5.165 0.0000000000
123072  47.039  2.433  5.950 0.0000000000
119680  46.839  -0.328  6.606 0.0000000000
117557  47.044  -2.208  6.489 0.0000000000
117556  47.356  -1.642  5.940 0.0000000000
122906  44.565  2.529  23.709 0.0000000000
122916  45.054  2.219  23.092 0.0000000000
121764  44.033  1.728  22.937 0.0000000000
120652  44.469  0.528  22.488 0.0000000000
118474  44.293  -1.562  22.249 0.0000000000
118475  43.253  -1.409  22.132 0.0000000000
117368  44.066  -3.202  21.669 0.0000000000
116231  44.410  -3.869  21.656 0.0000000000
115033  44.075  -4.541  21.449 0.0000000000
113833  44.098  -5.731  20.765 0.0000000000
128229  46.392  7.189  18.286 0.0000000000
127180  46.155  5.948  17.829 0.0000000000
127173  47.327  6.134  19.077 0.0000000000
126115  47.162  5.368  18.563 0.0000000000
125071  46.868  4.797  17.178 0.0000000000
125106  47.327  4.809  15.352 0.0000000000
125121  48.182  4.816  14.469 0.0000000000
121849  47.728  1.789  13.512 0.0000000000
122995  48.667  2.263  13.199 0.0000000000
122996  48.008  2.121  12.790 0.0000000000
123008  47.786  2.169  12.129 0.0000000000
123024  48.255  2.571  10.611 0.0000000000
121877  47.105  1.217  10.124 0.0000000000
123035  47.589  1.935  9.815 0.0000000000
123034  47.988  2.320  9.620 0.0000000000
123041  48.440  2.713  8.860 0.0000000000
123048  48.629  2.657  7.897 0.0000000000
118602  49.351  -1.893  8.146 0.0000000000
118613  49.003  -1.467  7.747 0.0000000000
118624  50.418  -1.303  6.158 0.0000000000
119677  49.401  -0.578  6.482 0.0000000000
119678  48.673  -0.039  6.808 0.0000000000
121911  49.810  1.643  6.295 0.0000000000
121925  51.332  1.635  5.220 0.0000000000
121924  51.606  1.477  5.003 0.0000000000
120796  51.126  0.510  4.544 0.0000000000
118647  49.010  -1.644  3.692 0.0000000000
118657  48.313  -1.807  3.543 0.0000000000
117589  48.434  -2.448  3.482 0.0000000000
116422  48.237  -3.519  3.805 0.0000000000
123978  54.819  3.455  25.615 0.0000000000
122871  54.953  2.804  24.413 0.0000000000
121744  54.073  2.207  23.425 0.0000000000
121769  53.722  1.915  21.884 0.0000000000
122855  51.017  2.890  26.251 0.0000000000
122875  51.999  1.853  25.481 0.0000000000
121736  52.476  0.894  24.608 0.0000000000
120625  51.787  0.156  24.060 0.0000000000
119538  52.061  -0.031  23.811 0.0000000000
120624  52.595  0.477  24.012 0.0000000000
120623  53.147  0.978  23.752 0.0000000000
121758  53.130  1.405  22.324 0.0000000000
121774  52.868  1.611  20.852 0.0000000000
121780  51.947  1.509  19.589 0.0000000000
121785  50.863  1.382  18.380 0.0000000000
120668  50.200  1.017  19.099 0.0000000000
120673  50.233  1.195  18.421 0.0000000000
121786  50.326  1.295  17.966 0.0000000000
121809  50.022  1.479  16.467 0.0000000000
121810  49.189  1.394  16.338 0.0000000000
121827  48.031  1.614  15.420 0.0000000000
120650  46.582  0.230  22.473 0.0000000000
119557  46.945  -0.828  22.471 0.0000000000
117350  45.777  -2.640  22.408 0.0000000000
117349  46.725  -2.736  22.606 0.0000000000
118471  47.357  -1.847  22.614 0.0000000000
116208  48.064  -3.496  22.492 0.0000000000
115028  48.008  -3.714  21.633 0.0000000000
116240  48.258  -2.972  20.852 0.0000000000
116252  45.415  -3.475  19.515 0.0000000000
117388  45.696  -3.003  19.517 0.0000000000
116250  46.460  -2.956  20.150 0.0000000000
117386  46.855  -2.420  20.189 0.0000000000
118499  47.704  -1.493  20.095 0.0000000000
119578  47.252  -0.589  19.420 0.0000000000
119581  46.995  -0.169  18.850 0.0000000000
120676  47.513  0.244  18.769 0.0000000000
120683  45.679  0.062  17.325 0.0000000000
120682  46.559  0.510  17.629 0.0000000000
121798  47.726  1.106  17.033 0.0000000000
121812  47.282  1.308  16.301 0.0000000000
121840  47.827  1.710  14.490 0.0000000000
121850  46.821  1.357  13.256 0.0000000000
121859  46.699  1.336  12.413 0.0000000000
120723  46.429  0.491  12.083 0.0000000000
120724  45.956  0.102  12.697 0.0000000000
119628  46.482  -0.256  11.552 0.0000000000
119638  46.732  -0.438  10.718 0.0000000000
119637  46.929  -0.970  10.403 0.0000000000
118582  47.869  -1.876  9.956 0.0000000000
117501  48.408  -2.461  10.122 0.0000000000
116320  46.873  -3.504  13.245 0.0000000000
116337  47.469  -3.364  12.266 0.0000000000
116336  48.499  -3.827  11.906 0.0000000000
116356  47.579  -2.887  11.565 0.0000000000
116371  48.354  -2.850  10.662 0.0000000000
116370  48.824  -3.132  10.609 0.0000000000
122893  44.459  2.663  24.723 0.0000000000
122907  43.766  2.428  24.087 0.0000000000
122908  43.044  2.167  24.279 0.0000000000
121751  41.973  1.716  23.931 0.0000000000
121728  42.459  1.574  26.126 0.0000000000
121739  42.027  1.745  25.239 0.0000000000
120638  41.065  0.863  23.489 0.0000000000
121731  39.755  1.162  25.909 0.0000000000
120627  39.678  0.686  24.664 0.0000000000
119549  39.345  -0.546  23.467 0.0000000000
133075  45.174  12.621  10.799 0.0000000000
132136  43.950  11.200  12.162 0.0000000000
132165  44.351  12.039  11.211 0.0000000000
133076  44.516  12.902  10.851 0.0000000000
132175  41.805  10.938  10.951 0.0000000000
131236  41.173  10.341  10.744 0.0000000000
130335  40.036  9.557  9.691 0.0000000000
129349  40.703  9.078  10.360 0.0000000000
130341  39.140  8.983  8.785 0.0000000000
127303  39.535  7.531  7.685 0.0000000000
127263  41.224  6.984  10.041 0.0000000000
128299  41.110  7.624  8.843 0.0000000000
128310  41.837  7.509  7.659 0.0000000000
128298  41.580  7.417  8.337 0.0000000000
129367  40.728  8.314  7.504 0.0000000000
129368  40.321  8.511  7.335 0.0000000000
128327  39.822  7.888  6.864 0.0000000000
127302  40.093  6.835  7.935 0.0000000000
127301  40.885  6.377  7.836 0.0000000000
126256  42.337  5.705  7.396 0.0000000000
125023  53.496  5.106  24.516 0.0000000000
127154  51.922  6.423  23.377 0.0000000000
126103  51.115  5.653  22.642 0.0000000000
125039  51.006  4.384  21.562 0.0000000000
122922  55.370  2.992  20.070 0.0000000000
124012  55.284  3.457  19.996 0.0000000000
124013  54.789  3.657  20.217 0.0000000000
125052  55.116  4.196  18.100 0.0000000000
124021  54.204  3.781  19.366 0.0000000000
124014  53.890  3.654  20.441 0.0000000000
124015  52.707  3.678  20.663 0.0000000000
124016  51.337  3.870  20.932 0.0000000000
124017  50.615  4.191  20.592 0.0000000000
124024  50.543  4.024  19.908 0.0000000000
124033  49.876  3.743  18.981 0.0000000000
125086  49.955  4.017  16.578 0.0000000000
125085  51.300  3.749  16.746 0.0000000000
125135  49.031  4.939  13.455 0.0000000000
126165  48.992  5.264  12.774 0.0000000000
122994  49.637  2.418  13.307 0.0000000000
123004  51.483  2.858  12.823 0.0000000000
124108  50.297  3.308  11.389 0.0000000000
124098  51.119  3.248  12.090 0.0000000000
124096  53.882  3.411  12.428 0.0000000000
124095  54.862  3.972  12.289 0.0000000000
125195  50.116  4.650  7.561 0.0000000000
125179  50.641  4.600  8.825 0.0000000000
125178  51.538  4.774  9.110 0.0000000000
126243  52.019  5.750  7.898 0.0000000000
125186  52.045  5.419  8.525 0.0000000000
125166  53.317  4.752  9.872 0.0000000000
125165  54.118  4.871  10.085 0.0000000000
125164  54.495  4.993  10.533 0.0000000000
125157  54.725  4.384  12.168 0.0000000000
126178  54.006  5.230  11.541 0.0000000000
126179  53.126  5.214  11.821 0.0000000000
126180  51.905  5.220  11.995 0.0000000000
126217  52.009  5.923  10.548 0.0000000000
126199  51.376  5.571  11.324 0.0000000000
126181  50.703  5.264  12.117 0.0000000000
126182  49.591  5.331  12.266 0.0000000000
126201  49.201  5.550  11.522 0.0000000000
126202  48.246  5.592  11.607 0.0000000000
126221  47.870  5.838  11.008 0.0000000000
127295  47.120  6.466  8.415 0.0000000000
127294  48.232  6.604  8.468 0.0000000000
127312  47.763  6.881  7.599 0.0000000000
127328  45.817  7.137  6.567 0.0000000000
128338  45.237  7.448  5.834 0.0000000000
128356  44.608  7.683  5.243 0.0000000000
128366  48.878  7.426  4.985 0.0000000000
128367  47.625  7.747  4.440 0.0000000000
128378  47.175  7.540  3.926 0.0000000000
126284  46.358  5.775  4.445 0.0000000000
129394  46.540  8.091  3.762 0.0000000000
128369  45.727  8.118  4.254 0.0000000000
127366  44.687  7.162  3.930 0.0000000000
127367  44.114  7.178  3.964 0.0000000000
126287  43.877  6.399  4.370 0.0000000000
124159  43.745  3.750  5.998 0.0000000000
117590  47.726  -2.544  3.457 0.0000000000
116439  46.680  -3.495  3.800 0.0000000000
115013  48.134  -3.814  22.002 0.0000000000
115014  47.391  -3.912  22.057 0.0000000000
115016  46.071  -4.022  22.042 0.0000000000
115043  46.528  -3.906  20.850 0.0000000000
115052  45.604  -3.847  20.029 0.0000000000
115074  45.300  -5.089  15.871 0.0000000000
116205  50.007  -2.981  21.832 0.0000000000
116206  49.631  -3.225  22.068 0.0000000000
116210  46.090  -3.526  22.257 0.0000000000
116225  49.474  -3.036  21.595 0.0000000000
116227  47.705  -3.615  21.266 0.0000000000
116228  47.257  -3.802  21.256 0.0000000000
116241  47.805  -3.216  20.833 0.0000000000
116251  46.052  -3.405  20.104 0.0000000000
116335  49.041  -3.967  11.862 0.0000000000
116355  48.137  -3.161  11.222 0.0000000000
116436  48.586  -3.012  3.644 0.0000000000
117336  49.790  -2.343  23.164 0.0000000000
117337  49.404  -2.240  23.078 0.0000000000
117344  50.993  -2.168  22.679 0.0000000000
117345  50.479  -2.552  22.372 0.0000000000
117347  48.928  -2.699  22.829 0.0000000000
117348  47.761  -2.801  22.851 0.0000000000
117365  49.482  -2.464  21.219 0.0000000000
117366  49.095  -2.921  21.256 0.0000000000
117376  49.133  -2.146  20.801 0.0000000000
117378  47.774  -2.455  20.491 0.0000000000
117385  47.300  -1.961  20.151 0.0000000000
117387  45.988  -2.448  19.633 0.0000000000
117395  45.540  -2.023  19.202 0.0000000000
117417  45.408  -3.028  15.151 0.0000000000
117481  48.026  -2.626  10.691 0.0000000000
117562  52.340  -2.514  5.286 0.0000000000
117592  46.605  -3.382  4.023 0.0000000000
118459  51.006  -1.646  23.217 0.0000000000
118460  50.396  -1.703  23.317 0.0000000000
118468  51.002  -1.987  22.388 0.0000000000
118469  49.141  -1.493  22.978 0.0000000000
118484  51.191  -1.405  22.252 0.0000000000
118486  49.945  -1.779  21.255 0.0000000000
118492  48.815  -1.679  20.542 0.0000000000
118493  48.249  -1.921  20.461 0.0000000000
118506  46.418  -1.184  19.359 0.0000000000
118507  45.860  -1.431  19.126 0.0000000000
118512  45.466  -1.199  18.568 0.0000000000
118513  44.911  -1.566  18.236 0.0000000000
118583  47.330  -1.533  10.382 0.0000000000
118584  46.860  -1.212  10.812 0.0000000000
118634  51.711  -1.059  5.535 0.0000000000
118659  47.532  -1.909  4.139 0.0000000000
119537  52.175  0.074  23.549 0.0000000000
119544  52.123  -0.005  23.004 0.0000000000
119545  51.587  -0.546  23.350 0.0000000000
119552  52.017  0.071  22.626 0.0000000000
119554  49.555  -0.848  23.112 0.0000000000
119555  48.822  -0.864  22.767 0.0000000000
119573  49.251  -0.765  20.398 0.0000000000
119579  46.703  -0.882  19.374 0.0000000000
119620  46.109  -0.517  12.238 0.0000000000
119621  45.681  -0.571  12.971 0.0000000000
119670  47.898  -0.118  8.159 0.0000000000
119712  48.335  -1.383  3.807 0.0000000000
120614  39.840  1.067  25.204 0.0000000000
120626  51.405  0.449  24.133 0.0000000000
120632  53.132  1.083  23.126 0.0000000000
120634  51.327  -0.324  23.636 0.0000000000
120635  50.948  -0.037  23.786 0.0000000000
120644  53.077  1.211  22.691 0.0000000000
120654  42.271  0.520  22.755 0.0000000000
120660  52.268  0.970  21.806 0.0000000000
120664  51.281  0.903  20.750 0.0000000000
120666  49.679  -0.041  20.276 0.0000000000
120671  47.814  -0.185  19.432 0.0000000000
120677  46.827  0.104  18.524 0.0000000000
120740  47.114  0.765  9.792 0.0000000000
120749  46.945  0.191  9.832 0.0000000000
121708  53.543  1.956  26.124 0.0000000000
121710  43.045  1.872  26.931 0.0000000000
121723  54.438  2.066  25.436 0.0000000000
121724  53.878  1.776  25.616 0.0000000000
121725  52.887  1.443  25.321 0.0000000000
121726  52.181  1.298  24.963 0.0000000000
121748  48.973  1.371  22.827 0.0000000000
121750  43.242  1.974  23.615 0.0000000000
121753  40.229  0.834  24.390 0.0000000000
121756  54.127  2.168  22.986 0.0000000000
121757  53.588  1.667  22.720 0.0000000000
121760  48.289  1.040  22.568 0.0000000000
121761  47.292  1.179  22.477 0.0000000000
121763  45.209  1.421  22.705 0.0000000000
121768  54.169  2.191  22.323 0.0000000000
121770  52.861  1.436  21.721 0.0000000000
121773  53.547  1.928  21.168 0.0000000000
121775  51.999  1.287  20.616 0.0000000000
121779  52.974  1.831  19.843 0.0000000000
121793  51.705  1.691  17.727 0.0000000000
121795  50.073  1.336  17.347 0.0000000000
121807  51.776  1.898  16.790 0.0000000000
121837  50.466  1.910  15.158 0.0000000000
121848  48.391  2.044  13.953 0.0000000000
121885  47.844  1.934  9.317 0.0000000000
121886  47.515  1.518  9.502 0.0000000000
121917  43.328  1.428  6.585 0.0000000000
121928  47.142  1.656  6.087 0.0000000000
121938  51.397  1.388  4.760 0.0000000000
122854  51.726  2.643  26.202 0.0000000000
122872  54.782  2.538  25.205 0.0000000000
122873  54.508  2.234  25.780 0.0000000000
122874  52.750  1.748  25.808 0.0000000000
122877  49.784  2.876  25.272 0.0000000000
122882  42.650  1.818  25.563 0.0000000000
122885  54.403  2.298  24.284 0.0000000000
122886  53.841  2.000  24.074 0.0000000000
122887  51.742  1.424  24.900 0.0000000000
122891  48.284  3.088  24.569 0.0000000000
122894  43.584  2.411  24.929 0.0000000000
122898  54.528  2.492  23.344 0.0000000000
122899  54.065  2.220  23.767 0.0000000000
122905  45.619  2.754  23.620 0.0000000000
122910  55.115  2.892  21.781 0.0000000000
122912  48.627  1.680  22.849 0.0000000000
122918  55.281  2.929  20.815 0.0000000000
122923  54.945  2.657  20.398 0.0000000000
122924  54.177  2.347  20.756 0.0000000000
122926  55.344  3.264  19.517 0.0000000000
122927  55.152  2.834  19.543 0.0000000000
122934  53.347  2.333  18.169 0.0000000000
122941  55.346  3.090  18.065 0.0000000000
122943  54.157  2.522  17.493 0.0000000000
122955  55.275  3.105  17.326 0.0000000000
122969  53.989  2.556  15.674 0.0000000000
122982  50.751  2.246  14.413 0.0000000000
122984  49.041  2.194  13.847 0.0000000000
122991  52.805  2.620  13.764 0.0000000000
123002  53.530  2.983  13.227 0.0000000000
123005  50.371  2.779  12.628 0.0000000000
123013  49.941  2.934  12.091 0.0000000000
123014  49.285  2.794  11.743 0.0000000000
123017  46.853  1.858  10.865 0.0000000000
123025  47.303  1.926  10.328 0.0000000000
123026  46.962  1.741  10.628 0.0000000000
123047  49.179  3.130  7.468 0.0000000000
123057  48.646  2.115  7.292 0.0000000000
123075  43.679  2.607  5.948 0.0000000000
123960  54.505  3.496  26.572 0.0000000000
123963  51.320  3.204  26.712 0.0000000000
123977  55.011  3.127  24.806 0.0000000000
123980  49.537  3.119  25.824 0.0000000000
123981  48.619  3.194  25.605 0.0000000000
123986  54.932  3.223  24.059 0.0000000000
123988  48.449  3.207  24.916 0.0000000000
123989  47.835  3.280  24.824 0.0000000000
123996  47.653  3.157  24.332 0.0000000000
124004  51.601  4.404  22.318 0.0000000000
124006  55.138  3.264  21.029 0.0000000000
124019  55.294  3.706  19.027 0.0000000000
124025  49.855  4.119  19.597 0.0000000000
124028  55.025  4.173  18.567 0.0000000000
124029  54.501  4.079  18.275 0.0000000000
124042  55.444  3.573  17.493 0.0000000000
124047  50.545  3.598  18.137 0.0000000000
124048  49.759  3.632  18.145 0.0000000000
124058  55.347  3.516  16.597 0.0000000000
124059  55.153  3.160  16.211 0.0000000000
124060  54.486  4.221  16.594 0.0000000000
124061  53.804  3.984  16.704 0.0000000000
124062  53.024  3.713  17.008 0.0000000000
124071  55.338  3.842  16.123 0.0000000000
124073  54.617  4.240  16.202 0.0000000000
124104  54.737  4.381  11.832 0.0000000000
124114  54.274  4.721  10.615 0.0000000000
124115  53.759  4.443  10.586 0.0000000000
124119  48.581  2.839  10.018 0.0000000000
124152  51.531  2.482  5.098 0.0000000000
125019  54.784  4.462  26.305 0.0000000000
125022  54.040  4.822  24.867 0.0000000000
125026  53.664  4.404  24.132 0.0000000000
125027  52.869  4.942  23.907 0.0000000000
125031  52.493  4.464  23.195 0.0000000000
125032  51.559  4.817  22.811 0.0000000000
125033  50.921  5.091  22.366 0.0000000000
125035  51.182  4.610  22.125 0.0000000000
125036  50.551  4.946  21.800 0.0000000000
125040  50.438  4.474  21.101 0.0000000000
125044  55.298  4.005  18.864 0.0000000000
125045  55.230  4.077  18.663 0.0000000000
125046  50.166  4.393  20.488 0.0000000000
125047  49.632  4.459  20.071 0.0000000000
125049  48.244  4.794  19.271 0.0000000000
125051  55.369  4.011  18.472 0.0000000000
125053  54.821  4.263  17.571 0.0000000000
125055  48.899  4.185  18.891 0.0000000000
125064  55.415  4.026  17.776 0.0000000000
125065  55.164  4.220  17.318 0.0000000000
125066  54.854  4.321  16.929 0.0000000000
125067  50.886  3.649  17.524 0.0000000000
125081  55.186  4.201  16.627 0.0000000000
125082  54.885  4.284  16.319 0.0000000000
125084  52.575  3.803  16.447 0.0000000000
125090  45.832  5.180  15.968 0.0000000000
125098  55.397  4.010  16.418 0.0000000000
125100  54.663  4.181  15.752 0.0000000000
125101  53.572  4.023  15.832 0.0000000000
125107  46.291  5.217  15.270 0.0000000000
125123  46.472  5.365  14.632 0.0000000000
125134  50.271  4.661  13.630 0.0000000000
125136  47.901  5.169  13.722 0.0000000000
125158  54.508  4.797  11.509 0.0000000000
125177  52.764  5.357  9.166 0.0000000000
125207  49.742  4.497  5.028 0.0000000000
125223  45.105  4.895  4.112 0.0000000000
126077  54.432  6.117  25.435 0.0000000000
126091  53.956  5.689  25.064 0.0000000000
126101  51.651  5.658  23.226 0.0000000000
126104  50.578  5.656  22.154 0.0000000000
126106  50.128  5.648  21.648 0.0000000000
126109  49.194  5.574  20.710 0.0000000000
126113  47.680  5.349  19.215 0.0000000000
126116  46.593  5.370  17.896 0.0000000000
126123  45.379  5.823  17.059 0.0000000000
126134  45.828  5.233  16.413 0.0000000000
126135  45.297  5.730  16.290 0.0000000000
126146  44.847  6.070  15.564 0.0000000000
126155  46.386  5.462  14.106 0.0000000000
126156  45.615  5.639  14.359 0.0000000000
126168  46.610  5.483  13.315 0.0000000000
126183  48.681  5.436  12.266 0.0000000000
126184  47.799  5.465  12.376 0.0000000000
126185  46.937  5.502  12.538 0.0000000000
126205  45.741  5.691  12.169 0.0000000000
126206  42.738  5.926  11.032 0.0000000000
126214  54.042  5.596  10.097 0.0000000000
126215  53.707  5.751  10.341 0.0000000000
126223  42.744  5.990  10.651 0.0000000000
126232  53.180  5.838  9.053 0.0000000000
126233  52.933  5.787  8.860 0.0000000000
126252  52.666  6.584  7.962 0.0000000000
126286  44.462  5.809  4.306 0.0000000000
127161  51.339  6.384  22.852 0.0000000000
127165  49.806  6.317  21.437 0.0000000000
127168  48.843  6.253  20.540 0.0000000000
127171  47.836  6.151  19.622 0.0000000000
127174  46.639  6.214  18.461 0.0000000000
127175  46.132  6.511  18.022 0.0000000000
127181  45.631  6.327  17.546 0.0000000000
127182  45.188  6.792  17.263 0.0000000000
127194  44.073  7.016  16.282 0.0000000000
127202  43.706  6.886  15.652 0.0000000000
127210  43.428  6.677  14.766 0.0000000000
127230  41.721  6.790  11.884 0.0000000000
127241  43.296  5.902  11.394 0.0000000000
127242  42.319  6.327  11.299 0.0000000000
127252  53.424  6.085  9.918 0.0000000000
127253  52.613  6.259  9.846 0.0000000000
127254  51.552  6.325  9.880 0.0000000000
127272  53.703  5.972  9.759 0.0000000000
127284  41.256  7.294  9.418 0.0000000000
127293  49.344  6.724  8.391 0.0000000000
127300  41.977  7.195  8.238 0.0000000000
127309  52.345  6.898  6.719 0.0000000000
127316  43.462  6.951  7.365 0.0000000000
127320  39.930  7.443  7.044 0.0000000000
127321  39.675  7.656  7.320 0.0000000000
127326  52.003  6.649  6.020 0.0000000000
127327  46.518  7.206  6.439 0.0000000000
127331  43.373  7.301  6.890 0.0000000000
127333  41.086  6.932  6.116 0.0000000000
127342  48.734  6.239  5.105 0.0000000000
127344  42.419  7.242  5.538 0.0000000000
127346  40.911  7.369  5.981 0.0000000000
127351  49.020  7.102  4.988 0.0000000000
127352  48.331  6.803  4.809 0.0000000000
127358  42.995  7.221  4.935 0.0000000000
127363  46.960  7.451  3.784 0.0000000000
127364  46.445  7.363  3.786 0.0000000000
127365  45.545  7.233  3.879 0.0000000000
128213  50.550  6.819  22.068 0.0000000000
128239  44.937  7.472  17.296 0.0000000000
128264  42.940  7.150  14.664 0.0000000000
128277  41.708  7.055  12.396 0.0000000000
128284  40.593  8.475  10.487 0.0000000000
128306  52.509  7.169  7.351 0.0000000000
128308  51.281  7.247  7.796 0.0000000000
128311  41.076  7.825  7.929 0.0000000000
128312  40.684  8.056  8.408 0.0000000000
128313  38.953  8.063  8.197 0.0000000000
128314  38.688  8.286  8.960 0.0000000000
128318  52.581  7.174  7.030 0.0000000000
128319  51.899  7.316  6.833 0.0000000000
128324  42.543  7.601  6.787 0.0000000000
128325  41.927  7.709  6.906 0.0000000000
128326  41.330  8.086  7.161 0.0000000000
128344  39.882  8.156  6.840 0.0000000000
128349  51.676  6.933  5.808 0.0000000000
128354  46.806  8.072  5.350 0.0000000000
128357  43.599  7.591  5.478 0.0000000000
128360  40.832  7.853  6.040 0.0000000000
128368  47.148  8.107  3.944 0.0000000000
128370  44.949  7.719  4.589 0.0000000000
128379  46.899  7.866  3.774 0.0000000000
128380  46.050  7.926  3.689 0.0000000000
128381  45.211  7.607  4.094 0.0000000000
128382  44.368  7.430  4.222 0.0000000000
129271  47.010  7.592  18.505 0.0000000000
129286  45.418  8.007  17.518 0.0000000000
129325  41.677  8.572  12.950 0.0000000000
129348  41.132  9.202  10.878 0.0000000000
129361  40.625  8.174  7.979 0.0000000000
129369  39.935  8.458  7.050 0.0000000000
129373  40.565  8.322  6.573 0.0000000000
129374  40.122  8.259  6.737 0.0000000000
129378  47.129  8.288  5.022 0.0000000000
129379  46.695  8.343  4.806 0.0000000000
129381  41.112  8.334  6.304 0.0000000000
129388  46.924  8.267  4.247 0.0000000000
129389  46.370  8.240  3.975 0.0000000000
129393  46.802  8.167  3.869 0.0000000000
130276  44.013  9.227  16.184 0.0000000000
130289  42.896  9.329  14.870 0.0000000000
130306  41.820  9.156  12.479 0.0000000000
130327  42.145  9.935  11.129 0.0000000000
130330  39.227  9.595  10.009 0.0000000000
130336  39.431  9.291  9.313 0.0000000000
130342  38.895  8.980  8.813 0.0000000000
131227  42.440  10.507  11.281 0.0000000000
131243  39.625  9.620  9.817 0.0000000000
132119  44.809  11.360  13.492 0.0000000000
132150  45.953  12.184  12.626 0.0000000000
132151  45.283  12.037  12.164 0.0000000000
132152  44.480  11.681  11.842 0.0000000000
132169  40.986  10.631  11.024 0.0000000000
132176  41.137  10.551  10.834 0.0000000000
