#!ascii label  , from subject sub-01 vox2ras=TkReg
1658
141934  49.154  22.367  14.641 0.0000000000
153072  45.708  36.297  20.764 0.0000000000
135921  53.519  15.350  11.214 0.0000000000
138659  43.433  18.823  16.182 0.0000000000
135928  43.829  15.971  11.245 0.0000000000
149460  49.678  32.100  14.845 0.0000000000
153035  44.432  36.983  25.354 0.0000000000
153826  44.412  37.836  19.728 0.0000000000
132105  55.004  11.208  15.768 0.0000000000
130272  48.265  9.603  16.815 0.0000000000
146994  51.489  28.420  16.259 0.0000000000
139517  52.417  19.098  11.583 0.0000000000
144325  52.401  24.951  19.216 0.0000000000
140279  48.747  20.355  18.230 0.0000000000
150288  45.611  32.621  11.875 0.0000000000
153867  50.421  37.461  16.455 0.0000000000
134032  47.149  13.571  8.954 0.0000000000
139484  46.035  19.826  15.271 0.0000000000
137834  43.845  16.925  14.709 0.0000000000
138688  47.065  18.041  13.948 0.0000000000
146150  49.819  27.474  13.538 0.0000000000
144373  47.219  24.903  15.361 0.0000000000
152345  42.751  35.320  21.557 0.0000000000
132071  55.714  11.188  19.731 0.0000000000
130214  52.729  9.374  19.957 0.0000000000
129230  53.469  8.127  23.358 0.0000000000
148654  49.523  30.595  6.942 0.0000000000
149424  48.515  31.750  18.219 0.0000000000
146109  51.871  27.432  18.414 0.0000000000
150169  50.541  31.785  21.246 0.0000000000
147756  43.269  29.302  21.727 0.0000000000
146103  46.777  26.944  19.670 0.0000000000
142634  45.929  23.605  20.169 0.0000000000
137779  47.382  17.953  18.230 0.0000000000
155925  46.916  41.042  20.820 0.0000000000
153840  47.716  37.896  18.303 0.0000000000
153822  48.609  37.981  19.395 0.0000000000
150988  50.563  33.435  16.438 0.0000000000
137878  53.791  17.159  10.673 0.0000000000
135979  49.061  15.274  8.073 0.0000000000
134028  51.406  13.456  8.630 0.0000000000
136940  40.343  16.617  11.837 0.0000000000
135966  41.434  15.728  9.410 0.0000000000
151037  50.434  34.033  11.716 0.0000000000
149490  47.128  31.370  12.283 0.0000000000
155141  46.515  39.318  23.966 0.0000000000
151606  47.000  34.810  23.400 0.0000000000
151677  38.566  34.882  16.982 0.0000000000
150960  42.100  33.489  18.319 0.0000000000
155183  44.517  39.389  21.872 0.0000000000
133042  52.445  12.802  13.020 0.0000000000
132146  51.934  11.457  12.307 0.0000000000
131154  52.121  10.302  16.075 0.0000000000
129260  48.795  7.810  19.676 0.0000000000
144425  52.078  25.785  12.444 0.0000000000
140324  51.145  20.903  12.882 0.0000000000
143536  53.041  24.364  13.224 0.0000000000
141121  52.850  21.634  15.172 0.0000000000
139473  54.135  19.089  16.403 0.0000000000
147763  49.188  29.535  20.499 0.0000000000
143465  50.332  23.889  18.809 0.0000000000
137816  51.557  17.614  15.587 0.0000000000
134929  49.408  15.022  15.130 0.0000000000
133004  50.415  12.820  17.254 0.0000000000
149525  45.511  31.388  7.007 0.0000000000
151049  48.957  33.492  10.303 0.0000000000
151717  48.271  34.897  14.850 0.0000000000
153196  51.184  36.225  11.768 0.0000000000
151715  51.866  34.522  14.464 0.0000000000
148571  51.984  31.095  14.524 0.0000000000
136954  47.634  15.784  11.733 0.0000000000
135983  44.449  15.726  8.212 0.0000000000
133091  44.874  13.293  10.341 0.0000000000
132131  48.431  11.915  13.211 0.0000000000
141134  47.753  21.230  15.161 0.0000000000
139494  46.894  19.669  14.810 0.0000000000
139493  47.942  19.790  14.524 0.0000000000
144391  49.393  25.006  14.258 0.0000000000
144392  48.493  25.491  14.363 0.0000000000
142707  48.216  23.513  15.430 0.0000000000
141926  46.988  22.341  15.742 0.0000000000
131120  56.093  10.546  22.269 0.0000000000
130202  54.833  9.220  22.261 0.0000000000
129214  55.597  8.457  24.558 0.0000000000
133047  42.113  12.957  12.872 0.0000000000
151643  46.891  34.538  19.247 0.0000000000
149398  49.516  31.697  19.815 0.0000000000
150931  46.675  33.856  20.726 0.0000000000
146959  42.851  28.261  22.541 0.0000000000
145196  44.387  26.330  20.699 0.0000000000
154499  46.767  39.190  21.389 0.0000000000
154514  48.460  39.331  20.013 0.0000000000
153070  47.097  37.396  19.992 0.0000000000
151652  47.923  34.491  18.140 0.0000000000
135936  53.830  15.408  10.138 0.0000000000
134993  52.194  14.773  8.001 0.0000000000
133095  52.824  13.225  8.989 0.0000000000
137807  42.106  17.521  16.208 0.0000000000
137821  42.323  16.981  15.483 0.0000000000
136916  44.343  16.336  13.312 0.0000000000
136918  42.211  16.332  12.914 0.0000000000
136958  41.985  16.543  10.725 0.0000000000
136977  40.245  16.138  10.577 0.0000000000
136975  41.585  16.476  9.759 0.0000000000
151028  49.800  33.792  12.770 0.0000000000
150297  48.789  32.510  12.023 0.0000000000
149469  48.068  31.973  13.485 0.0000000000
140302  44.410  20.338  16.223 0.0000000000
139478  43.009  19.653  16.704 0.0000000000
154438  45.638  38.892  25.458 0.0000000000
154437  47.462  38.395  25.906 0.0000000000
153738  45.936  38.060  26.758 0.0000000000
153054  43.939  36.293  22.745 0.0000000000
153806  43.651  37.481  21.561 0.0000000000
153782  44.651  37.706  23.466 0.0000000000
155169  45.609  40.259  23.308 0.0000000000
132112  54.248  11.533  14.581 0.0000000000
131204  54.155  10.484  13.783 0.0000000000
130285  54.476  9.779  15.865 0.0000000000
128215  50.853  7.631  21.726 0.0000000000
129258  50.699  8.691  19.521 0.0000000000
127167  49.342  6.290  20.967 0.0000000000
146133  52.595  27.320  13.410 0.0000000000
144406  52.832  25.478  12.900 0.0000000000
144371  52.406  26.146  14.270 0.0000000000
144335  52.384  25.358  18.735 0.0000000000
143488  52.075  24.467  17.002 0.0000000000
142673  52.711  23.557  18.152 0.0000000000
140307  53.387  20.404  15.524 0.0000000000
141871  52.792  22.612  18.265 0.0000000000
150881  47.246  34.058  24.197 0.0000000000
150154  47.169  33.247  22.495 0.0000000000
149360  46.431  31.566  21.243 0.0000000000
142644  48.102  23.632  19.261 0.0000000000
144329  48.511  25.460  19.451 0.0000000000
141874  49.729  22.268  18.455 0.0000000000
140290  51.629  20.421  17.582 0.0000000000
138643  50.579  18.844  17.511 0.0000000000
136896  50.098  16.271  14.865 0.0000000000
137791  49.323  17.995  17.307 0.0000000000
135863  46.543  15.746  18.272 0.0000000000
134914  48.243  14.530  16.653 0.0000000000
150324  45.579  31.662  9.730 0.0000000000
149503  47.069  31.359  8.850 0.0000000000
150298  46.781  32.674  11.032 0.0000000000
152378  43.474  35.228  19.103 0.0000000000
150958  44.265  33.662  17.889 0.0000000000
153103  44.936  36.017  18.913 0.0000000000
153854  48.751  37.593  17.219 0.0000000000
153130  48.215  36.162  16.662 0.0000000000
153141  49.155  36.276  15.630 0.0000000000
152445  49.246  35.318  13.146 0.0000000000
153150  50.884  36.610  14.410 0.0000000000
152442  51.659  35.689  13.144 0.0000000000
153138  51.188  35.877  15.523 0.0000000000
149434  50.623  31.544  16.406 0.0000000000
150246  51.702  32.641  16.090 0.0000000000
147784  51.571  29.564  15.474 0.0000000000
147022  52.195  28.157  13.205 0.0000000000
139511  51.229  19.367  12.498 0.0000000000
137844  49.310  17.776  13.259 0.0000000000
136930  50.104  16.721  11.937 0.0000000000
135011  48.028  14.559  7.266 0.0000000000
135981  46.707  15.562  8.026 0.0000000000
134994  45.996  14.427  7.587 0.0000000000
134996  44.418  14.749  8.295 0.0000000000
133100  45.761  13.291  9.517 0.0000000000
131190  49.755  10.752  14.698 0.0000000000
132130  49.615  11.634  13.279 0.0000000000
131175  47.827  10.577  15.552 0.0000000000
139485  44.805  19.778  15.706 0.0000000000
137820  43.257  17.164  15.201 0.0000000000
138679  45.020  17.974  14.903 0.0000000000
137832  45.414  17.346  14.233 0.0000000000
136914  45.980  16.741  13.206 0.0000000000
147785  49.825  30.475  15.139 0.0000000000
141125  45.321  21.188  16.047 0.0000000000
132090  55.559  11.034  17.885 0.0000000000
130248  54.979  9.749  18.171 0.0000000000
130220  55.072  9.795  20.036 0.0000000000
129248  52.856  9.027  21.340 0.0000000000
148543  49.970  30.115  17.173 0.0000000000
146113  51.548  27.508  17.133 0.0000000000
147775  50.792  29.608  18.902 0.0000000000
147770  51.944  29.633  20.268 0.0000000000
146966  51.886  28.840  21.005 0.0000000000
149339  44.221  31.469  22.372 0.0000000000
148522  45.360  30.253  20.591 0.0000000000
146973  44.439  28.009  20.532 0.0000000000
144320  46.076  25.207  19.985 0.0000000000
141060  47.182  21.441  19.168 0.0000000000
139453  47.896  19.731  18.364 0.0000000000
140263  46.692  20.523  19.187 0.0000000000
138617  45.594  18.824  19.241 0.0000000000
136838  45.244  16.852  19.035 0.0000000000
150301  44.058  32.294  11.532 0.0000000000
155219  45.743  39.574  20.260 0.0000000000
153825  45.581  37.644  19.402 0.0000000000
155218  46.974  39.695  19.883 0.0000000000
155232  49.104  39.474  18.858 0.0000000000
153837  50.327  37.847  18.025 0.0000000000
152389  50.306  35.979  16.992 0.0000000000
152372  49.105  36.141  17.832 0.0000000000
150236  48.859  32.437  17.158 0.0000000000
138703  52.884  18.355  11.167 0.0000000000
136970  50.699  16.056  10.584 0.0000000000
135938  51.283  15.740  9.886 0.0000000000
135009  50.222  14.457  7.380 0.0000000000
134030  49.138  13.467  9.169 0.0000000000
128237  46.240  7.677  17.920 0.0000000000
130274  45.915  9.405  16.810 0.0000000000
136921  39.160  16.411  13.286 0.0000000000
136883  42.429  16.575  14.756 0.0000000000
136920  39.976  16.561  12.933 0.0000000000
135914  39.366  15.655  12.656 0.0000000000
134959  40.156  15.162  12.352 0.0000000000
134969  41.107  15.115  11.322 0.0000000000
134004  42.959  14.020  12.174 0.0000000000
149493  50.190  32.283  9.875 0.0000000000
148619  48.344  31.026  10.376 0.0000000000
153791  45.838  38.279  22.433 0.0000000000
152332  45.704  35.535  22.296 0.0000000000
153767  46.420  37.670  24.087 0.0000000000
153033  47.663  36.538  25.084 0.0000000000
151586  47.587  34.639  25.768 0.0000000000
150873  45.646  33.614  25.387 0.0000000000
150099  44.425  32.255  25.743 0.0000000000
150981  40.179  33.670  17.586 0.0000000000
152380  41.157  36.074  19.052 0.0000000000
153828  42.199  38.292  19.431 0.0000000000
155221  43.463  39.671  20.169 0.0000000000
156609  45.033  41.103  21.412 0.0000000000
156568  46.613  40.897  22.941 0.0000000000
134002  52.910  13.563  11.587 0.0000000000
133067  53.600  12.396  11.145 0.0000000000
132144  54.069  10.948  12.314 0.0000000000
131188  52.090  10.527  14.429 0.0000000000
130270  50.228  9.889  16.823 0.0000000000
130236  52.223  9.551  18.390 0.0000000000
129268  49.936  8.836  18.585 0.0000000000
129283  47.990  8.621  18.174 0.0000000000
143538  50.751  24.367  13.406 0.0000000000
141131  50.209  21.867  14.028 0.0000000000
142737  51.528  23.790  12.768 0.0000000000
141146  52.093  22.139  12.369 0.0000000000
141144  53.145  21.845  12.533 0.0000000000
143504  51.961  25.235  15.417 0.0000000000
141932  52.904  22.812  13.792 0.0000000000
140328  53.420  20.647  12.825 0.0000000000
139508  53.944  19.321  12.784 0.0000000000
138683  54.482  18.199  13.613 0.0000000000
137841  53.865  17.257  13.386 0.0000000000
150917  47.149  33.577  21.686 0.0000000000
148497  49.712  30.741  21.244 0.0000000000
146977  50.852  28.001  20.283 0.0000000000
146970  47.610  28.729  19.981 0.0000000000
145203  49.196  26.346  19.522 0.0000000000
143453  51.309  24.542  19.192 0.0000000000
141080  52.371  21.452  17.985 0.0000000000
138666  53.065  18.295  15.882 0.0000000000
136912  52.177  16.648  13.420 0.0000000000
134944  51.351  14.888  12.786 0.0000000000
133993  50.853  14.034  13.765 0.0000000000
133024  52.492  12.542  15.360 0.0000000000
136856  48.328  16.912  17.259 0.0000000000
133963  50.130  13.298  15.791 0.0000000000
133013  52.487  12.428  16.389 0.0000000000
132986  53.497  12.288  18.483 0.0000000000
148648  47.422  30.411  7.614 0.0000000000
149512  48.691  31.312  8.238 0.0000000000
151056  50.308  33.679  9.208 0.0000000000
152375  46.282  35.974  18.092 0.0000000000
151020  47.149  33.728  13.676 0.0000000000
151747  48.599  34.250  11.689 0.0000000000
151746  49.529  34.685  11.416 0.0000000000
152481  51.424  34.951  9.840 0.0000000000
151744  51.442  34.849  11.231 0.0000000000
151728  51.074  34.574  13.264 0.0000000000
151010  51.060  33.891  14.461 0.0000000000
151684  51.675  34.303  15.902 0.0000000000
150265  52.416  32.743  15.005 0.0000000000
149459  50.845  31.896  14.766 0.0000000000
147007  51.071  29.176  14.213 0.0000000000
145258  50.320  26.666  13.003 0.0000000000
139503  49.170  19.267  13.788 0.0000000000
137860  47.150  16.979  12.928 0.0000000000
135908  45.812  15.789  12.026 0.0000000000
135922  48.758  15.588  10.680 0.0000000000
135943  46.180  15.551  10.159 0.0000000000
136989  44.216  16.086  9.643 0.0000000000
137006  42.684  15.847  8.275 0.0000000000
134976  42.989  15.221  10.134 0.0000000000
133069  51.500  12.367  10.935 0.0000000000
133085  49.736  12.914  10.529 0.0000000000
133072  47.911  12.767  11.284 0.0000000000
131177  45.638  10.498  15.555 0.0000000000
133059  46.201  12.506  11.896 0.0000000000
127138  54.102  6.727  25.115 0.0000000000
126100  52.358  5.719  23.756 0.0000000000
141133  48.280  21.592  14.971 0.0000000000
140318  47.529  20.685  15.032 0.0000000000
140317  48.600  20.639  14.532 0.0000000000
142724  49.522  23.334  14.484 0.0000000000
143523  48.729  24.208  14.887 0.0000000000
142725  48.744  23.019  15.073 0.0000000000
141925  47.977  22.400  15.418 0.0000000000
130204  56.224  9.801  23.137 0.0000000000
152361  46.402  35.410  19.719 0.0000000000
150942  46.893  33.822  20.137 0.0000000000
152352  45.587  35.745  20.871 0.0000000000
153803  46.357  37.824  21.042 0.0000000000
153814  46.770  37.846  20.555 0.0000000000
153071  46.431  37.087  20.344 0.0000000000
152360  46.999  35.453  19.233 0.0000000000
134964  53.676  14.774  10.497 0.0000000000
134974  53.672  14.495  9.802 0.0000000000
138660  42.625  18.497  16.522 0.0000000000
138671  42.956  17.838  15.932 0.0000000000
136937  43.797  15.964  12.444 0.0000000000
136938  42.770  16.170  11.824 0.0000000000
135912  43.176  16.273  11.346 0.0000000000
136957  43.011  16.496  10.827 0.0000000000
150277  49.378  33.278  13.759 0.0000000000
150287  48.633  32.622  13.068 0.0000000000
150278  48.656  32.495  13.971 0.0000000000
139477  43.987  19.724  16.249 0.0000000000
154439  45.271  38.496  24.977 0.0000000000
153752  45.688  38.455  26.069 0.0000000000
153753  45.138  37.868  25.846 0.0000000000
153046  44.466  36.903  24.240 0.0000000000
153053  44.321  36.870  23.318 0.0000000000
153768  44.865  37.901  24.560 0.0000000000
154456  45.248  38.642  24.367 0.0000000000
132106  54.304  11.533  15.551 0.0000000000
131185  55.043  10.281  15.092 0.0000000000
131184  55.322  10.355  15.673 0.0000000000
128216  50.219  7.198  21.435 0.0000000000
146122  52.457  27.730  14.209 0.0000000000
145227  52.459  26.651  14.063 0.0000000000
146123  52.291  27.598  15.042 0.0000000000
145200  52.202  26.377  19.582 0.0000000000
143462  52.561  24.381  18.730 0.0000000000
141893  52.862  22.581  17.602 0.0000000000
142655  52.542  23.827  18.746 0.0000000000
150893  46.445  33.475  24.092 0.0000000000
150173  46.685  32.415  22.023 0.0000000000
150174  45.799  32.110  21.735 0.0000000000
141853  48.441  22.816  18.861 0.0000000000
141083  49.253  21.365  18.369 0.0000000000
140278  49.737  20.809  18.083 0.0000000000
140292  49.511  20.174  17.866 0.0000000000
138644  49.648  18.785  17.531 0.0000000000
139468  49.047  19.556  17.798 0.0000000000
134906  46.659  14.724  18.212 0.0000000000
150300  45.011  32.439  11.321 0.0000000000
150325  44.442  31.929  9.449 0.0000000000
150312  45.241  32.141  10.484 0.0000000000
150311  46.240  32.265  10.439 0.0000000000
151041  46.694  32.877  11.473 0.0000000000
153086  43.753  37.020  19.577 0.0000000000
152377  44.467  35.240  18.722 0.0000000000
153085  44.878  36.842  19.380 0.0000000000
154571  50.061  38.050  16.926 0.0000000000
153129  49.024  36.972  16.423 0.0000000000
153128  49.669  37.187  16.132 0.0000000000
153140  50.008  36.979  15.492 0.0000000000
153877  50.381  37.206  15.892 0.0000000000
153139  50.675  36.663  15.519 0.0000000000
148549  51.220  30.645  15.950 0.0000000000
146999  52.392  28.451  14.036 0.0000000000
139510  51.923  19.778  12.020 0.0000000000
138695  50.991  18.448  12.401 0.0000000000
137856  50.711  17.474  12.126 0.0000000000
134045  47.494  13.756  8.140 0.0000000000
135012  46.744  14.548  7.391 0.0000000000
134046  46.486  13.973  8.143 0.0000000000
134047  45.865  13.826  8.639 0.0000000000
134033  46.212  13.400  9.210 0.0000000000
131157  49.064  10.105  16.138 0.0000000000
131174  48.880  10.535  15.496 0.0000000000
131158  48.016  10.157  16.247 0.0000000000
138669  44.554  18.595  15.413 0.0000000000
138668  45.394  18.926  15.132 0.0000000000
138677  46.584  18.640  14.409 0.0000000000
138678  45.788  18.312  14.573 0.0000000000
137831  46.251  17.775  14.081 0.0000000000
136915  45.275  16.626  13.439 0.0000000000
137848  45.909  17.180  13.659 0.0000000000
147008  49.832  28.985  14.694 0.0000000000
147009  48.594  28.764  14.893 0.0000000000
146151  48.791  27.368  13.891 0.0000000000
143524  47.930  24.930  15.000 0.0000000000
145243  47.834  26.327  14.032 0.0000000000
141124  46.204  21.623  15.870 0.0000000000
140311  45.639  20.660  15.646 0.0000000000
132083  55.700  11.118  18.814 0.0000000000
130232  55.512  10.151  19.550 0.0000000000
130219  55.596  10.108  20.512 0.0000000000
129242  54.963  9.015  22.959 0.0000000000
129243  53.927  8.825  22.424 0.0000000000
129231  52.763  7.810  23.288 0.0000000000
129244  52.453  8.196  22.584 0.0000000000
128201  52.137  7.313  23.203 0.0000000000
148666  48.007  29.895  6.166 0.0000000000
147870  48.376  29.700  5.275 0.0000000000
148544  49.493  30.612  17.458 0.0000000000
148539  50.034  30.124  18.235 0.0000000000
148540  49.395  30.719  18.486 0.0000000000
149379  50.001  32.095  20.585 0.0000000000
148517  50.762  31.090  20.346 0.0000000000
149377  51.335  31.290  20.964 0.0000000000
147759  52.219  29.413  21.029 0.0000000000
147753  51.417  30.388  21.240 0.0000000000
148503  43.489  30.148  21.743 0.0000000000
148502  43.968  30.230  21.131 0.0000000000
147755  43.798  29.402  21.031 0.0000000000
144322  44.496  25.735  20.719 0.0000000000
145195  44.956  26.365  20.462 0.0000000000
143444  46.259  24.266  19.996 0.0000000000
142645  46.808  23.622  19.661 0.0000000000
141855  46.619  22.323  19.566 0.0000000000
140262  47.123  20.856  19.060 0.0000000000
141856  45.876  22.022  19.874 0.0000000000
140264  45.502  20.679  19.762 0.0000000000
139443  44.975  19.679  19.757 0.0000000000
137767  45.357  17.837  19.099 0.0000000000
138618  44.765  18.458  19.604 0.0000000000
155198  46.406  40.317  20.601 0.0000000000
155197  47.469  40.126  20.459 0.0000000000
153812  48.248  38.713  19.913 0.0000000000
155196  48.378  39.618  19.864 0.0000000000
154527  48.999  39.174  19.502 0.0000000000
154543  49.801  38.680  18.468 0.0000000000
153838  49.665  37.898  18.601 0.0000000000
153098  49.856  37.077  18.076 0.0000000000
153099  48.701  37.012  18.739 0.0000000000
150956  47.849  33.623  18.283 0.0000000000
150975  48.355  33.486  17.659 0.0000000000
150237  48.350  32.545  17.901 0.0000000000
149435  49.672  31.160  16.756 0.0000000000
137879  52.940  17.525  10.683 0.0000000000
136969  51.893  16.733  10.577 0.0000000000
135937  52.201  15.926  9.725 0.0000000000
134041  51.588  13.664  7.882 0.0000000000
135008  51.181  14.490  7.432 0.0000000000
134042  50.618  13.547  7.873 0.0000000000
134043  49.538  13.618  8.059 0.0000000000
134029  50.352  13.396  8.794 0.0000000000
136922  38.596  16.176  13.809 0.0000000000
136902  39.744  16.557  13.954 0.0000000000
136899  43.012  16.498  14.149 0.0000000000
136939  41.463  16.466  11.766 0.0000000000
136919  41.031  16.488  12.829 0.0000000000
136941  39.525  16.287  12.248 0.0000000000
135913  39.763  15.633  11.907 0.0000000000
135932  39.667  15.971  11.562 0.0000000000
135967  40.809  15.830  9.797 0.0000000000
135930  40.636  15.507  10.767 0.0000000000
134978  41.562  15.094  10.865 0.0000000000
134968  42.056  14.815  11.358 0.0000000000
134977  42.102  15.105  10.609 0.0000000000
151046  51.198  34.026  10.656 0.0000000000
150295  50.198  33.352  11.020 0.0000000000
149488  48.359  31.840  11.507 0.0000000000
149495  48.594  31.415  10.637 0.0000000000
149496  48.052  31.447  11.150 0.0000000000
148608  46.857  31.038  11.727 0.0000000000
154469  46.310  38.711  23.632 0.0000000000
153780  45.725  37.834  23.082 0.0000000000
154454  46.705  38.503  24.535 0.0000000000
153751  47.961  37.473  25.710 0.0000000000
152302  48.059  35.499  25.551 0.0000000000
151577  46.927  34.270  26.480 0.0000000000
150114  44.954  32.932  25.601 0.0000000000
150996  39.809  33.523  16.706 0.0000000000
151676  39.284  34.620  17.616 0.0000000000
152381  40.034  35.967  18.552 0.0000000000
153104  41.119  37.353  18.930 0.0000000000
153088  41.799  37.450  19.310 0.0000000000
154502  43.860  38.607  21.533 0.0000000000
155185  42.891  39.162  20.552 0.0000000000
155202  42.279  39.509  20.321 0.0000000000
155184  43.477  39.697  21.037 0.0000000000
155928  44.065  40.372  20.723 0.0000000000
155910  44.555  40.579  21.404 0.0000000000
155861  46.204  40.136  24.490 0.0000000000
155876  45.968  40.735  23.548 0.0000000000
155875  46.465  40.382  23.601 0.0000000000
155153  46.501  39.738  23.126 0.0000000000
133054  52.887  13.013  12.197 0.0000000000
133066  54.188  11.803  11.743 0.0000000000
133052  54.288  11.688  12.403 0.0000000000
131170  53.142  10.305  15.338 0.0000000000
131187  53.201  10.430  14.480 0.0000000000
131171  52.116  10.398  15.260 0.0000000000
131172  51.033  10.407  15.268 0.0000000000
130269  51.193  10.032  16.838 0.0000000000
130222  53.403  9.525  19.407 0.0000000000
130235  53.278  9.600  18.523 0.0000000000
130223  52.475  9.426  19.275 0.0000000000
129259  49.480  8.120  19.895 0.0000000000
129282  49.040  8.849  18.083 0.0000000000
129269  48.559  8.221  19.072 0.0000000000
129270  47.552  7.943  18.706 0.0000000000
128225  47.654  6.638  19.374 0.0000000000
144407  51.481  25.175  12.776 0.0000000000
142738  50.865  23.245  13.427 0.0000000000
143537  51.537  24.484  12.743 0.0000000000
143550  53.061  24.532  12.315 0.0000000000
142749  52.932  23.685  11.868 0.0000000000
142748  53.233  23.644  12.275 0.0000000000
141145  52.715  21.934  12.260 0.0000000000
141939  53.324  22.833  12.799 0.0000000000
145213  51.602  26.711  16.580 0.0000000000
144343  51.659  25.735  17.234 0.0000000000
141924  52.644  22.612  14.822 0.0000000000
142706  52.376  23.460  15.506 0.0000000000
141137  53.295  21.727  13.303 0.0000000000
140322  53.389  20.827  13.686 0.0000000000
139515  53.600  19.238  11.960 0.0000000000
140315  53.390  20.501  14.504 0.0000000000
139482  53.847  19.618  15.863 0.0000000000
139489  54.339  19.057  15.195 0.0000000000
138674  54.460  18.336  14.615 0.0000000000
137826  54.306  17.732  14.060 0.0000000000
137813  54.214  17.900  15.008 0.0000000000
152324  46.543  35.545  23.416 0.0000000000
151627  46.323  34.442  21.861 0.0000000000
151626  46.990  34.124  22.465 0.0000000000
148498  48.351  31.032  21.144 0.0000000000
149358  48.854  31.780  21.491 0.0000000000
148518  49.499  30.090  20.797 0.0000000000
147762  50.203  29.702  20.816 0.0000000000
146968  49.763  28.793  20.280 0.0000000000
146971  46.537  28.604  20.036 0.0000000000
146981  47.132  27.842  19.722 0.0000000000
142642  49.795  23.797  18.813 0.0000000000
144328  49.661  25.422  19.344 0.0000000000
144327  50.898  25.455  19.371 0.0000000000
143464  50.797  23.927  18.816 0.0000000000
141872  51.870  22.495  18.445 0.0000000000
141081  51.301  21.690  18.132 0.0000000000
138656  51.868  18.474  16.789 0.0000000000
138641  52.463  19.004  17.197 0.0000000000
138667  52.171  18.131  16.089 0.0000000000
137828  52.779  17.589  14.533 0.0000000000
137829  51.771  17.351  14.714 0.0000000000
135898  51.615  15.810  12.963 0.0000000000
136913  51.201  16.253  13.718 0.0000000000
135892  49.882  15.497  14.665 0.0000000000
134936  50.327  15.079  14.149 0.0000000000
133982  50.297  14.301  14.467 0.0000000000
133971  51.092  13.324  14.667 0.0000000000
133972  50.371  13.534  15.161 0.0000000000
138630  47.562  18.885  18.339 0.0000000000
138646  48.063  18.276  17.901 0.0000000000
137793  47.854  17.413  17.731 0.0000000000
133955  49.090  13.385  17.056 0.0000000000
133965  48.729  14.217  16.160 0.0000000000
133016  49.604  13.251  16.667 0.0000000000
133014  51.432  12.775  16.319 0.0000000000
133003  51.481  12.609  17.325 0.0000000000
133001  53.596  12.153  17.441 0.0000000000
150344  44.739  32.026  7.448 0.0000000000
151075  45.501  33.708  6.824 0.0000000000
150343  45.352  32.701  6.711 0.0000000000
149514  46.474  30.639  7.837 0.0000000000
150322  47.639  32.119  9.584 0.0000000000
150333  48.160  31.662  8.891 0.0000000000
150321  48.711  32.556  9.499 0.0000000000
150320  49.536  32.862  9.073 0.0000000000
151057  49.368  33.152  9.526 0.0000000000
153841  46.811  37.374  18.490 0.0000000000
153101  46.507  36.639  18.312 0.0000000000
153117  47.128  36.615  17.761 0.0000000000
152422  48.133  35.294  15.877 0.0000000000
152408  47.708  35.311  16.407 0.0000000000
151703  47.686  34.678  15.613 0.0000000000
151730  47.659  34.178  13.983 0.0000000000
151741  47.798  34.154  13.203 0.0000000000
151729  48.346  34.682  13.844 0.0000000000
152444  50.113  35.934  12.891 0.0000000000
152458  49.871  35.399  12.064 0.0000000000
152467  50.315  35.203  11.015 0.0000000000
152475  50.554  35.037  10.497 0.0000000000
152474  51.136  35.383  10.460 0.0000000000
152473  51.454  35.339  10.882 0.0000000000
153195  51.431  35.880  11.448 0.0000000000
152430  51.810  35.478  13.978 0.0000000000
151727  51.612  35.024  13.221 0.0000000000
151716  51.277  34.572  13.904 0.0000000000
151018  50.627  34.289  13.798 0.0000000000
152406  50.094  35.278  16.770 0.0000000000
152405  50.656  35.302  16.471 0.0000000000
151685  51.061  34.362  16.269 0.0000000000
149446  52.095  31.636  15.491 0.0000000000
150256  52.358  32.710  15.256 0.0000000000
148570  52.138  31.735  14.752 0.0000000000
149458  51.886  32.084  14.695 0.0000000000
148572  50.903  30.879  14.833 0.0000000000
147790  51.524  30.025  14.564 0.0000000000
146159  51.884  27.365  12.545 0.0000000000
146160  51.501  27.526  12.702 0.0000000000
145257  51.337  26.189  12.740 0.0000000000
144408  50.621  25.572  13.275 0.0000000000
140325  50.161  20.647  13.680 0.0000000000
140316  49.376  20.486  14.178 0.0000000000
139502  49.971  19.571  13.509 0.0000000000
137858  48.814  17.047  12.814 0.0000000000
137845  48.379  17.647  13.375 0.0000000000
136933  47.348  16.380  12.432 0.0000000000
136934  46.455  16.457  12.679 0.0000000000
135907  46.707  15.771  11.926 0.0000000000
135939  50.277  15.596  9.840 0.0000000000
135940  49.301  15.591  9.961 0.0000000000
135959  48.585  15.359  8.918 0.0000000000
135982  45.251  15.633  8.386 0.0000000000
135961  46.339  15.550  9.093 0.0000000000
135962  45.304  15.584  9.474 0.0000000000
135963  44.791  15.695  9.889 0.0000000000
137003  44.649  15.693  9.086 0.0000000000
136990  43.328  16.362  9.189 0.0000000000
137017  44.022  15.873  8.111 0.0000000000
134985  44.543  14.549  9.263 0.0000000000
134997  43.434  15.031  8.358 0.0000000000
134975  43.932  14.558  10.100 0.0000000000
134011  44.053  13.996  11.090 0.0000000000
133076  44.516  12.902  10.851 0.0000000000
132161  52.976  11.679  11.532 0.0000000000
133068  52.651  12.284  10.757 0.0000000000
132162  51.854  11.893  11.503 0.0000000000
132115  48.606  11.415  14.105 0.0000000000
132148  49.488  12.054  12.632 0.0000000000
132149  48.881  12.199  12.603 0.0000000000
133071  49.036  12.703  11.358 0.0000000000
133057  48.239  12.392  12.335 0.0000000000
130275  44.768  9.274  16.556 0.0000000000
131160  46.111  10.163  16.140 0.0000000000
130287  44.623  9.866  15.908 0.0000000000
140310  46.705  20.682  15.364 0.0000000000
139483  46.658  20.086  15.192 0.0000000000
140319  46.965  20.248  15.162 0.0000000000
138676  47.468  18.884  14.331 0.0000000000
144409  49.510  25.821  13.662 0.0000000000
145259  49.188  26.745  13.493 0.0000000000
143505  48.294  23.980  15.340 0.0000000000
143506  47.815  24.164  15.478 0.0000000000
142708  47.382  23.254  15.729 0.0000000000
141123  47.407  21.465  15.379 0.0000000000
131122  55.860  10.667  21.148 0.0000000000
130210  55.827  9.945  21.475 0.0000000000
130205  55.972  9.766  22.451 0.0000000000
129241  55.431  9.215  23.099 0.0000000000
129229  54.667  8.424  23.787 0.0000000000
150225  47.600  33.341  19.036 0.0000000000
149399  48.653  32.178  19.437 0.0000000000
150205  47.844  33.036  19.759 0.0000000000
150188  48.297  32.936  20.440 0.0000000000
150929  48.328  33.037  20.862 0.0000000000
146963  43.044  27.979  21.627 0.0000000000
146084  43.662  27.459  21.026 0.0000000000
143446  44.682  24.780  20.689 0.0000000000
155181  47.492  40.167  21.141 0.0000000000
154498  47.433  39.655  20.988 0.0000000000
153813  47.417  37.970  20.232 0.0000000000
153823  47.949  37.964  19.735 0.0000000000
153100  47.738  36.092  18.818 0.0000000000
151653  47.374  34.531  18.675 0.0000000000
136967  53.932  16.368  10.601 0.0000000000
135955  52.802  15.358  9.127 0.0000000000
135954  53.511  15.236  9.557 0.0000000000
134039  52.855  14.003  8.303 0.0000000000
133096  52.223  13.236  9.253 0.0000000000
136898  44.026  16.499  14.068 0.0000000000
136917  43.353  16.252  13.142 0.0000000000
136960  40.002  16.347  10.992 0.0000000000
136959  40.886  16.490  10.755 0.0000000000
136993  41.046  15.974  9.490 0.0000000000
151038  49.687  33.589  12.122 0.0000000000
150296  49.539  33.128  11.568 0.0000000000
150286  49.246  33.182  12.546 0.0000000000
149479  47.437  31.639  12.777 0.0000000000
140303  43.540  20.591  16.705 0.0000000000
140304  43.132  20.219  16.882 0.0000000000
138647  42.273  19.039  17.116 0.0000000000
138661  41.818  18.115  16.833 0.0000000000
155845  46.492  39.882  25.150 0.0000000000
155140  47.055  39.109  24.852 0.0000000000
155114  46.468  39.093  26.083 0.0000000000
154422  46.638  38.649  26.378 0.0000000000
152334  43.395  35.277  22.363 0.0000000000
153064  42.991  36.527  21.358 0.0000000000
153063  43.648  36.319  21.875 0.0000000000
153793  44.304  37.478  22.391 0.0000000000
154501  44.355  38.389  22.009 0.0000000000
154471  45.011  38.699  23.690 0.0000000000
155154  45.659  39.799  23.969 0.0000000000
133041  53.874  12.005  13.269 0.0000000000
133040  54.428  11.475  12.939 0.0000000000
131203  54.710  10.684  14.158 0.0000000000
131186  54.256  10.230  14.719 0.0000000000
131153  53.056  10.216  16.133 0.0000000000
129253  51.824  8.953  20.262 0.0000000000
129254  50.450  8.104  20.719 0.0000000000
129255  49.761  7.748  20.495 0.0000000000
128220  49.252  7.170  20.562 0.0000000000
145274  52.379  26.403  12.550 0.0000000000
144424  52.569  25.506  12.523 0.0000000000
145256  52.568  26.172  12.756 0.0000000000
144389  52.529  25.669  14.001 0.0000000000
145209  52.159  26.482  18.788 0.0000000000
143476  52.014  24.994  17.351 0.0000000000
144342  52.106  25.261  17.938 0.0000000000
142689  52.352  23.550  17.004 0.0000000000
141909  52.651  22.275  16.319 0.0000000000
140308  53.088  21.036  15.612 0.0000000000
141908  52.992  21.627  16.657 0.0000000000
141111  53.205  21.163  16.718 0.0000000000
141079  53.094  21.397  17.723 0.0000000000
151605  47.306  34.574  23.873 0.0000000000
150903  47.126  33.593  22.715 0.0000000000
150904  47.052  33.541  23.208 0.0000000000
149359  47.605  31.804  21.573 0.0000000000
148520  47.691  30.342  20.672 0.0000000000
143456  47.763  24.602  19.482 0.0000000000
145205  47.229  26.344  19.607 0.0000000000
142643  49.209  23.646  18.852 0.0000000000
142658  50.124  23.405  18.653 0.0000000000
141100  50.890  21.220  17.926 0.0000000000
141082  50.290  21.418  18.155 0.0000000000
139466  51.067  19.662  17.568 0.0000000000
138657  50.989  18.261  17.043 0.0000000000
137830  50.991  17.269  15.110 0.0000000000
137804  50.435  17.736  16.537 0.0000000000
137818  49.969  17.257  16.197 0.0000000000
136867  49.398  16.881  16.392 0.0000000000
136858  47.082  16.174  17.871 0.0000000000
135871  47.546  15.720  17.298 0.0000000000
135872  47.063  15.310  17.727 0.0000000000
133957  47.653  14.221  17.497 0.0000000000
150334  44.275  32.278  8.314 0.0000000000
149506  44.571  31.723  8.758 0.0000000000
149505  45.093  31.444  8.918 0.0000000000
149504  46.005  31.213  8.925 0.0000000000
150323  46.620  31.796  9.706 0.0000000000
150310  47.274  32.551  10.423 0.0000000000
151050  47.944  33.075  10.542 0.0000000000
151657  42.804  34.391  18.760 0.0000000000
150959  43.256  33.549  18.102 0.0000000000
151656  43.902  34.350  18.566 0.0000000000
151655  44.894  34.556  18.066 0.0000000000
154561  48.359  38.105  17.923 0.0000000000
153855  47.886  37.417  17.701 0.0000000000
153115  48.619  37.175  16.887 0.0000000000
152407  48.500  35.885  16.083 0.0000000000
152421  48.537  35.445  15.306 0.0000000000
152432  48.912  35.436  14.278 0.0000000000
152420  49.581  35.977  14.844 0.0000000000
153163  50.423  36.284  13.379 0.0000000000
152443  50.683  36.326  12.826 0.0000000000
153181  51.484  36.100  12.466 0.0000000000
153161  51.465  36.148  13.622 0.0000000000
153149  51.334  36.019  14.628 0.0000000000
152419  51.776  35.236  14.958 0.0000000000
150247  51.035  32.563  16.310 0.0000000000
149433  51.604  31.937  16.069 0.0000000000
148559  52.132  30.730  15.134 0.0000000000
147789  51.909  29.854  14.667 0.0000000000
147006  52.142  29.051  13.868 0.0000000000
147005  52.416  28.111  13.562 0.0000000000
139501  50.762  19.939  13.055 0.0000000000
138685  49.670  18.671  13.401 0.0000000000
138684  50.506  18.993  13.020 0.0000000000
137857  49.749  17.220  12.581 0.0000000000
136931  49.238  16.464  12.125 0.0000000000
136001  48.501  15.045  7.489 0.0000000000
135980  47.930  15.405  7.976 0.0000000000
136002  47.306  15.137  7.450 0.0000000000
136003  45.979  15.259  7.532 0.0000000000
135013  45.473  14.820  7.414 0.0000000000
135014  44.492  14.936  7.772 0.0000000000
134995  45.417  14.418  8.178 0.0000000000
134984  45.017  14.464  8.764 0.0000000000
133090  45.209  13.279  10.096 0.0000000000
132113  50.468  10.912  14.020 0.0000000000
132129  50.816  11.319  13.269 0.0000000000
132114  49.666  11.176  14.056 0.0000000000
131191  48.731  10.943  14.824 0.0000000000
131192  47.674  11.114  14.911 0.0000000000
139486  44.100  19.043  15.818 0.0000000000
138670  43.756  18.199  15.630 0.0000000000
137819  44.209  17.621  15.164 0.0000000000
137833  44.567  17.164  14.548 0.0000000000
139495  46.119  19.095  14.802 0.0000000000
136897  44.766  16.723  13.979 0.0000000000
136936  44.707  16.094  12.660 0.0000000000
149448  49.520  31.506  15.064 0.0000000000
149461  48.518  31.654  14.697 0.0000000000
145260  48.302  26.837  13.728 0.0000000000
141927  46.446  22.303  16.047 0.0000000000
141114  45.538  21.764  16.246 0.0000000000
139476  44.417  19.941  16.080 0.0000000000
151628  42.588  34.513  21.971 0.0000000000
151619  43.247  34.678  23.289 0.0000000000
153047  44.021  36.107  23.886 0.0000000000
132097  55.456  10.923  16.939 0.0000000000
130283  55.373  9.919  16.932 0.0000000000
130264  55.434  9.964  17.708 0.0000000000
130233  55.011  9.807  19.102 0.0000000000
130213  53.429  9.440  20.364 0.0000000000
130211  55.198  9.685  20.965 0.0000000000
130208  53.763  9.373  21.093 0.0000000000
129249  51.444  8.174  21.630 0.0000000000
128212  51.164  7.271  22.389 0.0000000000
147780  50.964  29.179  16.789 0.0000000000
147778  50.544  29.571  17.667 0.0000000000
147777  51.276  28.992  18.322 0.0000000000
147774  51.664  29.231  19.407 0.0000000000
148534  50.426  30.598  19.602 0.0000000000
147771  51.306  29.877  19.666 0.0000000000
146976  52.218  29.017  19.795 0.0000000000
146985  52.530  28.009  19.813 0.0000000000
146088  52.237  28.242  20.557 0.0000000000
145192  52.148  27.291  20.292 0.0000000000
150157  44.698  32.133  22.676 0.0000000000
149361  45.317  31.609  21.182 0.0000000000
148501  44.844  30.845  20.847 0.0000000000
146972  45.458  28.381  20.267 0.0000000000
146092  45.220  27.280  20.307 0.0000000000
145194  45.952  26.380  19.962 0.0000000000
143457  46.836  24.840  19.713 0.0000000000
141854  47.528  22.617  19.274 0.0000000000
141085  47.692  21.336  18.771 0.0000000000
139452  48.492  19.682  18.124 0.0000000000
140280  47.470  20.627  18.729 0.0000000000
140281  47.014  20.292  18.896 0.0000000000
138631  46.799  18.570  18.551 0.0000000000
139442  46.083  19.773  19.270 0.0000000000
137780  46.675  17.608  18.451 0.0000000000
137781  45.936  17.247  18.651 0.0000000000
136850  45.888  16.288  18.641 0.0000000000
135864  45.907  15.355  18.685 0.0000000000
150289  44.955  32.539  12.284 0.0000000000
154531  45.061  38.716  19.947 0.0000000000
154530  46.242  38.792  19.659 0.0000000000
154546  47.358  38.303  18.728 0.0000000000
155217  48.099  39.546  19.445 0.0000000000
154545  48.332  38.969  18.653 0.0000000000
154560  49.078  38.448  17.811 0.0000000000
154559  49.874  38.468  17.661 0.0000000000
154570  50.278  38.069  17.206 0.0000000000
153127  50.745  36.369  16.378 0.0000000000
153113  50.401  36.974  17.495 0.0000000000
153114  49.863  36.335  17.508 0.0000000000
151686  49.948  34.383  16.640 0.0000000000
152391  48.740  35.372  17.605 0.0000000000
151670  49.213  34.395  17.084 0.0000000000
150989  49.789  33.418  16.632 0.0000000000
150248  49.717  32.418  16.614 0.0000000000
148550  50.279  30.630  16.619 0.0000000000
138704  52.166  18.277  11.469 0.0000000000
137869  51.314  17.362  11.552 0.0000000000
135957  50.711  15.358  9.042 0.0000000000
135956  51.721  15.417  9.073 0.0000000000
135999  50.646  14.999  7.614 0.0000000000
136000  49.611  14.983  7.583 0.0000000000
135010  49.155  14.503  7.436 0.0000000000
134044  48.461  13.728  8.150 0.0000000000
134031  48.071  13.553  8.906 0.0000000000
130256  47.559  8.987  17.445 0.0000000000
130273  47.194  9.506  16.818 0.0000000000
130257  46.544  8.802  17.373 0.0000000000
135901  38.703  15.547  13.758 0.0000000000
136884  41.572  16.428  14.790 0.0000000000
136900  41.827  16.308  13.890 0.0000000000
136901  40.744  16.374  13.852 0.0000000000
136942  38.913  16.042  13.058 0.0000000000
135900  39.035  15.496  13.299 0.0000000000
134960  39.717  15.100  12.996 0.0000000000
135950  39.968  16.023  10.865 0.0000000000
134970  40.585  15.201  11.780 0.0000000000
134957  42.005  14.559  12.272 0.0000000000
150308  49.821  32.674  10.694 0.0000000000
149502  49.088  31.345  10.083 0.0000000000
149462  47.683  31.061  14.544 0.0000000000
149470  47.323  31.295  13.824 0.0000000000
153792  45.633  37.724  22.069 0.0000000000
152333  45.419  36.295  21.797 0.0000000000
153781  45.578  37.298  22.600 0.0000000000
153044  46.217  36.689  23.583 0.0000000000
152312  46.815  36.109  23.883 0.0000000000
153766  47.144  37.563  24.871 0.0000000000
153034  46.911  36.668  24.343 0.0000000000
152311  47.383  35.554  24.303 0.0000000000
151595  47.613  34.679  24.761 0.0000000000
150871  47.218  34.135  24.989 0.0000000000
150129  45.173  33.201  24.693 0.0000000000
150130  44.618  32.639  24.046 0.0000000000
149323  44.062  31.760  23.408 0.0000000000
149324  43.458  30.919  23.586 0.0000000000
150961  40.963  33.751  18.309 0.0000000000
151660  39.765  35.096  18.261 0.0000000000
151659  40.551  34.833  18.516 0.0000000000
151658  41.657  34.631  18.740 0.0000000000
152379  42.368  35.463  19.209 0.0000000000
153087  42.697  37.279  19.449 0.0000000000
153827  43.269  38.104  19.600 0.0000000000
153073  42.384  36.987  20.820 0.0000000000
155223  41.451  39.450  19.895 0.0000000000
154533  42.753  39.116  19.692 0.0000000000
154532  43.879  38.856  20.095 0.0000000000
155220  44.538  39.634  20.282 0.0000000000
155199  45.192  40.376  20.533 0.0000000000
156607  46.456  41.338  21.281 0.0000000000
155892  45.529  40.649  22.643 0.0000000000
156581  46.017  41.324  22.727 0.0000000000
156579  47.032  41.163  22.058 0.0000000000
155168  46.659  39.927  22.187 0.0000000000
154485  46.057  38.498  21.986 0.0000000000
134954  52.733  14.776  11.532 0.0000000000
134009  53.650  13.585  10.382 0.0000000000
134001  53.693  13.065  11.128 0.0000000000
132160  53.908  11.460  11.732 0.0000000000
132145  53.123  11.218  12.407 0.0000000000
131217  54.159  10.667  12.975 0.0000000000
132127  52.820  10.856  13.074 0.0000000000
131206  52.047  10.715  13.679 0.0000000000
131189  50.926  10.624  14.434 0.0000000000
131156  50.089  10.214  16.106 0.0000000000
130271  49.276  9.667  16.761 0.0000000000
130265  54.966  9.685  17.239 0.0000000000
130250  53.186  9.718  17.627 0.0000000000
130251  52.224  9.767  17.540 0.0000000000
129257  51.576  9.243  19.122 0.0000000000
130237  51.483  9.482  18.115 0.0000000000
130252  51.343  9.687  17.489 0.0000000000
130253  50.357  9.495  17.608 0.0000000000
130254  49.504  9.392  17.453 0.0000000000
130255  48.582  9.205  17.466 0.0000000000
129284  46.900  8.122  18.010 0.0000000000
142723  50.310  23.636  13.954 0.0000000000
141132  49.679  21.436  14.243 0.0000000000
141933  50.223  22.504  14.088 0.0000000000
141942  50.801  22.522  13.483 0.0000000000
141941  51.470  22.647  12.841 0.0000000000
143551  52.292  24.572  12.330 0.0000000000
142750  52.231  23.390  12.343 0.0000000000
141139  51.497  21.603  12.720 0.0000000000
140330  52.046  20.989  12.262 0.0000000000
139509  52.684  20.017  11.731 0.0000000000
145217  51.988  26.847  15.484 0.0000000000
143520  52.295  25.462  14.673 0.0000000000
143519  52.357  24.572  14.682 0.0000000000
143489  51.784  25.088  16.507 0.0000000000
142722  52.686  23.525  14.175 0.0000000000
142736  53.167  23.370  13.322 0.0000000000
141940  53.234  22.880  13.305 0.0000000000
140329  53.022  20.782  12.165 0.0000000000
139516  53.127  19.174  11.527 0.0000000000
138710  53.269  17.974  11.023 0.0000000000
137866  53.870  17.567  11.092 0.0000000000
139490  53.719  19.679  14.820 0.0000000000
139507  54.307  18.656  13.232 0.0000000000
137865  54.249  17.219  11.286 0.0000000000
136926  54.253  16.804  11.595 0.0000000000
136927  54.054  16.643  12.082 0.0000000000
136928  53.360  16.412  12.290 0.0000000000
150918  46.541  34.045  21.307 0.0000000000
150171  49.261  32.394  21.385 0.0000000000
150172  47.692  32.796  21.983 0.0000000000
149357  50.026  31.646  21.394 0.0000000000
147754  50.744  30.306  21.272 0.0000000000
146967  50.939  28.611  20.558 0.0000000000
145201  51.654  26.590  19.950 0.0000000000
148521  46.504  30.505  20.633 0.0000000000
147765  47.065  29.531  20.337 0.0000000000
147764  48.164  29.525  20.390 0.0000000000
145204  48.127  26.324  19.580 0.0000000000
146101  48.694  27.172  19.625 0.0000000000
146979  49.236  28.029  19.806 0.0000000000
146100  49.814  27.263  19.676 0.0000000000
144326  51.949  25.327  19.590 0.0000000000
142656  52.214  23.514  18.805 0.0000000000
140275  53.120  20.927  17.586 0.0000000000
139463  53.430  19.839  17.226 0.0000000000
141098  52.042  20.895  17.675 0.0000000000
139464  53.064  19.659  17.369 0.0000000000
138654  53.544  18.711  16.434 0.0000000000
137814  53.430  17.897  15.162 0.0000000000
136911  53.147  16.784  13.001 0.0000000000
135905  52.923  15.743  11.833 0.0000000000
135906  52.110  15.308  12.219 0.0000000000
134955  52.062  14.347  12.161 0.0000000000
133991  52.403  13.370  12.411 0.0000000000
135891  50.488  15.892  14.198 0.0000000000
134945  50.797  14.576  13.571 0.0000000000
133033  52.572  12.594  14.235 0.0000000000
133032  53.437  11.950  14.441 0.0000000000
133023  53.381  11.921  15.452 0.0000000000
138645  48.805  18.572  17.652 0.0000000000
137806  49.000  17.258  16.992 0.0000000000
135886  48.947  15.412  15.722 0.0000000000
135879  47.982  15.357  16.710 0.0000000000
133974  48.869  14.513  15.813 0.0000000000
133973  49.442  14.271  15.405 0.0000000000
133026  50.532  13.247  15.627 0.0000000000
132099  54.314  11.631  16.495 0.0000000000
132092  54.432  11.715  17.202 0.0000000000
132084  55.145  11.571  18.620 0.0000000000
132072  55.275  11.646  19.515 0.0000000000
132056  55.379  11.694  20.221 0.0000000000
148655  48.222  30.306  7.344 0.0000000000
149513  47.743  30.772  8.119 0.0000000000
149522  49.117  30.966  7.607 0.0000000000
149511  49.662  31.797  7.921 0.0000000000
150331  50.195  32.743  8.416 0.0000000000
151064  50.745  33.393  8.384 0.0000000000
150279  44.713  32.487  13.495 0.0000000000
151022  45.651  32.786  12.930 0.0000000000
153084  45.415  37.022  19.237 0.0000000000
152376  45.456  35.389  18.242 0.0000000000
152392  47.549  35.892  17.100 0.0000000000
151013  46.520  33.428  14.348 0.0000000000
151030  46.346  33.001  12.144 0.0000000000
151029  47.200  33.597  12.669 0.0000000000
151040  47.605  33.362  11.365 0.0000000000
151039  48.560  33.809  11.109 0.0000000000
152459  49.224  35.028  12.504 0.0000000000
151739  49.181  34.773  12.089 0.0000000000
151756  49.063  34.204  10.975 0.0000000000
151048  49.863  34.059  9.923 0.0000000000
151055  51.107  34.222  8.854 0.0000000000
151771  51.477  34.258  8.970 0.0000000000
151760  51.495  34.372  9.521 0.0000000000
151036  51.098  34.424  11.313 0.0000000000
152456  51.555  35.519  12.535 0.0000000000
151737  51.351  35.113  12.142 0.0000000000
151027  50.452  34.311  12.926 0.0000000000
151011  50.191  33.757  14.157 0.0000000000
150268  50.145  33.057  14.738 0.0000000000
153126  51.126  35.810  15.918 0.0000000000
152404  51.406  35.203  15.844 0.0000000000
151701  52.164  34.122  15.338 0.0000000000
150987  51.692  33.444  16.056 0.0000000000
150999  52.170  33.362  15.578 0.0000000000
151714  52.294  33.830  14.900 0.0000000000
150267  51.380  32.906  14.719 0.0000000000
149447  50.063  31.706  14.930 0.0000000000
148573  50.274  30.791  14.999 0.0000000000
147791  50.225  30.157  14.929 0.0000000000
147024  50.467  28.263  13.895 0.0000000000
147023  51.523  28.377  13.475 0.0000000000
146149  50.934  27.685  13.009 0.0000000000
143522  49.910  24.256  14.147 0.0000000000
139492  48.838  19.847  14.230 0.0000000000
138687  47.923  18.264  13.828 0.0000000000
138686  48.793  18.445  13.643 0.0000000000
137847  46.620  17.256  13.418 0.0000000000
136935  45.542  16.265  12.682 0.0000000000
135909  44.968  15.805  11.986 0.0000000000
136952  49.709  16.082  11.097 0.0000000000
135923  47.891  15.473  10.822 0.0000000000
135960  47.475  15.478  8.908 0.0000000000
135942  47.167  15.557  9.945 0.0000000000
135924  46.934  15.522  10.983 0.0000000000
135925  46.021  15.600  11.143 0.0000000000
135945  44.618  15.785  10.470 0.0000000000
136955  43.949  16.020  10.903 0.0000000000
136973  43.457  16.389  10.114 0.0000000000
136991  42.439  16.378  8.944 0.0000000000
135986  41.942  15.715  8.859 0.0000000000
135016  43.176  14.985  7.890 0.0000000000
135985  42.692  15.530  8.491 0.0000000000
135946  42.453  15.466  9.563 0.0000000000
134967  42.994  14.512  11.213 0.0000000000
133082  53.191  12.943  9.703 0.0000000000
133083  52.001  12.812  10.087 0.0000000000
133084  50.832  12.772  10.358 0.0000000000
132147  50.656  11.908  12.283 0.0000000000
133070  50.298  12.473  11.447 0.0000000000
133098  50.126  13.130  9.709 0.0000000000
133099  49.417  13.195  9.934 0.0000000000
133086  48.621  13.202  10.277 0.0000000000
133087  47.452  13.152  10.462 0.0000000000
131159  46.954  10.120  16.239 0.0000000000
131176  46.788  10.597  15.553 0.0000000000
131193  46.589  11.165  14.905 0.0000000000
131178  44.569  10.499  15.194 0.0000000000
131194  45.526  11.104  14.701 0.0000000000
132132  47.306  11.983  13.477 0.0000000000
133045  47.254  12.313  12.833 0.0000000000
133073  46.894  12.820  11.194 0.0000000000
133088  46.583  13.032  10.370 0.0000000000
133074  46.025  12.761  10.959 0.0000000000
133075  45.174  12.621  10.799 0.0000000000
128185  54.770  7.747  24.819 0.0000000000
128186  53.869  7.333  24.486 0.0000000000
126092  53.075  5.709  24.385 0.0000000000
127153  52.728  6.543  24.004 0.0000000000
125028  52.124  5.087  23.444 0.0000000000
127139  53.449  6.298  24.606 0.0000000000
127152  53.419  6.868  24.449 0.0000000000
128199  54.017  7.780  24.024 0.0000000000
128200  53.184  7.397  23.834 0.0000000000
128211  51.840  7.668  22.633 0.0000000000
128217  49.617  6.756  21.127 0.0000000000
128219  49.925  7.547  20.785 0.0000000000
128221  48.666  6.701  20.229 0.0000000000
128223  48.938  7.586  19.966 0.0000000000
128224  48.307  7.136  19.682 0.0000000000
128227  47.889  7.641  19.153 0.0000000000
129215  55.030  8.262  24.433 0.0000000000
129228  55.475  8.945  23.599 0.0000000000
129245  51.694  7.848  22.323 0.0000000000
129247  53.745  9.169  21.597 0.0000000000
129250  50.709  7.801  21.391 0.0000000000
129252  52.670  9.261  20.490 0.0000000000
129266  51.528  9.377  18.570 0.0000000000
129267  50.969  9.175  18.668 0.0000000000
129281  49.680  9.177  17.950 0.0000000000
129285  46.076  8.086  17.653 0.0000000000
129294  45.738  8.589  17.365 0.0000000000
130199  56.234  9.680  23.718 0.0000000000
130200  55.850  9.443  23.232 0.0000000000
130201  55.421  9.373  22.625 0.0000000000
130206  55.350  9.530  21.851 0.0000000000
130207  54.470  9.356  21.531 0.0000000000
130212  54.397  9.538  20.590 0.0000000000
130221  54.287  9.624  19.685 0.0000000000
130234  54.217  9.678  18.757 0.0000000000
130238  50.785  9.355  18.096 0.0000000000
130247  55.483  10.077  18.614 0.0000000000
130249  54.162  9.707  17.820 0.0000000000
130266  54.144  9.744  16.794 0.0000000000
130267  53.087  9.931  16.837 0.0000000000
130268  52.156  10.075  16.828 0.0000000000
130284  55.064  9.747  16.279 0.0000000000
130286  45.387  9.858  16.220 0.0000000000
130295  55.024  9.824  15.539 0.0000000000
130296  54.648  9.913  15.253 0.0000000000
131119  56.296  10.153  22.891 0.0000000000
131129  55.786  10.639  20.112 0.0000000000
131138  55.789  10.574  19.139 0.0000000000
131144  55.643  10.502  18.217 0.0000000000
131151  55.543  10.395  17.305 0.0000000000
131152  53.750  9.899  16.187 0.0000000000
131155  51.112  10.280  16.073 0.0000000000
131167  55.426  10.245  16.362 0.0000000000
131168  55.269  9.995  15.705 0.0000000000
131169  53.923  9.982  15.519 0.0000000000
131173  49.947  10.480  15.374 0.0000000000
131205  53.204  10.629  13.562 0.0000000000
131207  51.245  10.882  13.679 0.0000000000
131216  54.509  10.825  13.374 0.0000000000
131218  53.565  10.768  12.786 0.0000000000
132055  55.612  11.379  20.759 0.0000000000
132091  54.960  11.526  17.646 0.0000000000
132098  55.025  11.339  16.648 0.0000000000
132104  55.335  10.804  16.085 0.0000000000
132110  55.236  10.711  15.414 0.0000000000
132111  55.025  11.026  14.759 0.0000000000
132116  47.509  11.566  14.158 0.0000000000
132117  46.456  11.607  14.108 0.0000000000
132125  54.615  11.239  13.624 0.0000000000
132126  54.112  11.633  13.928 0.0000000000
132128  52.000  11.016  13.038 0.0000000000
132143  54.470  11.126  12.744 0.0000000000
132159  54.207  11.389  12.164 0.0000000000
132163  51.114  12.166  11.553 0.0000000000
132951  55.220  11.962  20.817 0.0000000000
132952  54.715  12.141  20.385 0.0000000000
132968  54.515  12.063  19.444 0.0000000000
132985  54.368  12.017  18.555 0.0000000000
133000  54.214  12.018  17.843 0.0000000000
133002  52.530  12.406  17.379 0.0000000000
133005  49.631  13.100  17.172 0.0000000000
133012  53.432  11.986  16.447 0.0000000000
133015  50.299  13.087  16.274 0.0000000000
133025  51.338  13.080  15.246 0.0000000000
133034  51.663  13.085  14.136 0.0000000000
133043  51.644  13.281  13.567 0.0000000000
133044  47.815  12.204  13.011 0.0000000000
133053  53.688  12.494  11.984 0.0000000000
133055  49.970  12.271  12.173 0.0000000000
133056  49.334  12.387  12.129 0.0000000000
133058  47.187  12.582  12.059 0.0000000000
133089  45.848  12.957  9.979 0.0000000000
133097  51.193  13.187  9.492 0.0000000000
133101  45.565  13.280  9.688 0.0000000000
133956  48.345  13.977  17.073 0.0000000000
133964  49.424  13.521  16.145 0.0000000000
133981  51.021  13.582  14.100 0.0000000000
133983  49.716  14.582  14.877 0.0000000000
133992  51.560  13.809  13.019 0.0000000000
134003  52.205  13.763  12.268 0.0000000000
134010  53.561  13.575  10.962 0.0000000000
134016  53.584  13.724  9.429 0.0000000000
134017  48.408  13.422  9.505 0.0000000000
134018  47.771  13.397  9.655 0.0000000000
134019  46.919  13.334  9.763 0.0000000000
134020  46.378  13.153  9.818 0.0000000000
134021  45.130  13.652  9.763 0.0000000000
134022  44.788  13.812  10.177 0.0000000000
134026  53.040  13.660  8.742 0.0000000000
134027  52.301  13.544  8.575 0.0000000000
134034  45.402  13.783  9.260 0.0000000000
134035  45.037  13.960  9.628 0.0000000000
134040  52.410  13.907  7.992 0.0000000000
134052  52.134  14.172  7.728 0.0000000000
134053  51.748  14.047  7.515 0.0000000000
134054  50.888  13.919  7.367 0.0000000000
134055  49.867  13.925  7.439 0.0000000000
134056  48.787  14.030  7.568 0.0000000000
134057  47.748  13.991  7.493 0.0000000000
134058  47.108  14.041  7.670 0.0000000000
134915  47.652  14.771  17.187 0.0000000000
134922  48.444  14.903  16.136 0.0000000000
134923  48.046  14.872  16.654 0.0000000000
134930  49.000  14.805  15.632 0.0000000000
134937  49.871  14.869  14.612 0.0000000000
134956  42.547  14.484  11.800 0.0000000000
134958  41.038  14.872  12.238 0.0000000000
134965  53.377  14.243  10.953 0.0000000000
134966  43.489  14.542  10.623 0.0000000000
134982  53.286  14.466  8.938 0.0000000000
134983  52.892  14.832  8.684 0.0000000000
134986  43.549  15.159  9.319 0.0000000000
134991  53.041  14.121  8.495 0.0000000000
134992  52.614  14.492  8.248 0.0000000000
134998  42.901  15.020  7.996 0.0000000000
135006  52.316  14.266  7.877 0.0000000000
135007  51.982  14.521  7.742 0.0000000000
135015  43.636  14.997  7.891 0.0000000000
135878  48.499  15.756  16.319 0.0000000000
135885  49.477  15.853  15.290 0.0000000000
135899  50.873  15.429  13.505 0.0000000000
135910  44.185  15.736  11.884 0.0000000000
135911  43.504  15.980  11.637 0.0000000000
135920  53.791  15.645  10.718 0.0000000000
135926  45.171  15.652  11.222 0.0000000000
135927  44.380  15.809  11.170 0.0000000000
135929  43.419  16.244  11.161 0.0000000000
135931  40.199  15.593  11.309 0.0000000000
135941  48.189  15.484  9.853 0.0000000000
135944  45.331  15.591  10.395 0.0000000000
135947  41.991  15.437  9.819 0.0000000000
135948  41.146  15.413  10.285 0.0000000000
135949  40.384  15.839  10.407 0.0000000000
135958  49.667  15.308  8.992 0.0000000000
135964  42.843  15.515  9.232 0.0000000000
135965  42.144  15.542  9.139 0.0000000000
135975  52.624  14.954  8.573 0.0000000000
135976  52.090  15.048  8.323 0.0000000000
135977  51.151  15.269  8.241 0.0000000000
135978  50.138  15.270  8.160 0.0000000000
135984  43.128  15.450  8.848 0.0000000000
135997  51.959  14.855  7.911 0.0000000000
135998  51.523  14.942  7.770 0.0000000000
136004  44.562  15.396  7.859 0.0000000000
136005  43.689  15.324  7.830 0.0000000000
136006  43.026  15.263  7.864 0.0000000000
136848  47.215  17.056  18.062 0.0000000000
136849  46.572  16.676  18.351 0.0000000000
136857  47.663  16.572  17.518 0.0000000000
136868  48.693  16.536  16.615 0.0000000000
136869  48.064  16.156  16.913 0.0000000000
136880  50.469  16.840  15.192 0.0000000000
136881  49.846  16.664  15.661 0.0000000000
136882  49.110  16.182  15.982 0.0000000000
136894  51.629  16.854  14.063 0.0000000000
136895  50.896  16.707  14.513 0.0000000000
136910  53.807  16.814  12.708 0.0000000000
136929  52.503  16.177  12.549 0.0000000000
136932  48.261  16.376  12.300 0.0000000000
136947  54.189  16.687  11.157 0.0000000000
136948  53.894  16.290  11.269 0.0000000000
136949  53.540  16.163  11.674 0.0000000000
136950  51.520  17.075  11.196 0.0000000000
136951  50.885  16.739  11.351 0.0000000000
136953  48.604  15.845  11.525 0.0000000000
136956  43.612  16.251  10.788 0.0000000000
136966  54.244  16.730  10.993 0.0000000000
136968  53.156  16.419  9.980 0.0000000000
136971  49.997  15.810  10.396 0.0000000000
136972  44.032  16.100  10.504 0.0000000000
136974  42.586  16.532  9.860 0.0000000000
136976  40.681  16.180  9.987 0.0000000000
136986  53.717  15.910  9.837 0.0000000000
136987  53.353  15.766  9.588 0.0000000000
136988  44.690  15.717  9.506 0.0000000000
136992  41.624  16.043  9.035 0.0000000000
137004  44.145  15.997  8.640 0.0000000000
137005  43.320  16.205  8.370 0.0000000000
137007  42.185  15.779  8.632 0.0000000000
137018  43.524  15.779  7.917 0.0000000000
137019  43.150  15.586  7.810 0.0000000000
137792  48.572  17.713  17.507 0.0000000000
137803  51.300  17.853  16.367 0.0000000000
137805  49.673  17.590  16.713 0.0000000000
137815  52.471  17.846  15.320 0.0000000000
137817  50.640  17.313  15.814 0.0000000000
137827  53.699  17.582  14.341 0.0000000000
137840  54.315  17.594  13.098 0.0000000000
137842  52.992  17.278  13.737 0.0000000000
137843  52.255  17.205  14.062 0.0000000000
137846  47.497  17.545  13.399 0.0000000000
137853  54.377  17.280  12.171 0.0000000000
137854  54.184  17.076  12.709 0.0000000000
137855  51.517  17.964  11.844 0.0000000000
137859  47.897  17.014  12.874 0.0000000000
137867  52.467  17.837  11.074 0.0000000000
137868  51.905  17.533  11.224 0.0000000000
137877  54.174  16.896  10.832 0.0000000000
137880  52.330  17.421  10.875 0.0000000000
138629  48.307  19.110  18.045 0.0000000000
138632  46.073  18.198  18.744 0.0000000000
138642  51.536  18.919  17.386 0.0000000000
138653  54.131  18.822  16.246 0.0000000000
138655  52.742  18.623  16.578 0.0000000000
138658  50.074  18.251  17.044 0.0000000000
138664  54.327  18.554  15.528 0.0000000000
138665  53.866  18.342  15.742 0.0000000000
138675  48.373  19.050  14.140 0.0000000000
138692  54.304  18.200  12.547 0.0000000000
138693  53.941  18.739  12.183 0.0000000000
138694  51.682  18.841  11.912 0.0000000000
138696  50.178  18.078  12.850 0.0000000000
138701  54.272  17.705  11.869 0.0000000000
138702  53.737  18.191  11.536 0.0000000000
138709  53.528  17.691  10.974 0.0000000000
139441  46.559  20.006  19.086 0.0000000000
139454  46.899  19.727  18.765 0.0000000000
139455  46.266  19.031  18.865 0.0000000000
139465  52.068  19.702  17.394 0.0000000000
139467  50.053  19.598  17.657 0.0000000000
139474  53.739  19.442  16.736 0.0000000000
139475  53.199  19.021  16.990 0.0000000000
139481  54.269  19.086  16.071 0.0000000000
139491  49.499  19.958  13.897 0.0000000000
139499  54.217  19.007  14.005 0.0000000000
139500  53.592  19.939  13.748 0.0000000000
140276  52.991  20.928  17.778 0.0000000000
140277  50.164  20.949  17.997 0.0000000000
140288  53.258  20.444  17.386 0.0000000000
140289  52.562  20.509  17.598 0.0000000000
140291  50.520  20.605  17.790 0.0000000000
140293  49.084  20.039  17.937 0.0000000000
140300  53.460  20.396  16.574 0.0000000000
140301  53.184  20.850  16.146 0.0000000000
140309  47.221  20.929  15.289 0.0000000000
140312  44.968  20.718  16.035 0.0000000000
140323  51.571  21.180  12.588 0.0000000000
140331  51.443  20.201  12.537 0.0000000000
140334  53.514  20.021  12.183 0.0000000000
140335  53.252  19.898  11.789 0.0000000000
141061  46.255  21.399  19.564 0.0000000000
141084  48.284  21.294  18.548 0.0000000000
141097  53.258  21.015  17.209 0.0000000000
141099  51.469  21.076  17.790 0.0000000000
141112  52.905  21.387  16.141 0.0000000000
141113  45.920  21.880  16.194 0.0000000000
141120  53.204  20.979  15.018 0.0000000000
141122  47.900  21.810  15.286 0.0000000000
141126  44.983  21.061  16.180 0.0000000000
141129  53.169  21.287  14.267 0.0000000000
141130  52.874  22.062  14.066 0.0000000000
141138  53.193  22.472  13.411 0.0000000000
141140  50.613  21.702  13.562 0.0000000000
141141  50.160  21.254  13.857 0.0000000000
141870  53.180  22.085  17.835 0.0000000000
141873  50.772  22.438  18.402 0.0000000000
141875  48.782  22.104  18.563 0.0000000000
141876  47.940  21.954  18.784 0.0000000000
141892  53.102  21.724  17.247 0.0000000000
141910  45.965  22.330  16.305 0.0000000000
141935  48.551  22.335  15.050 0.0000000000
141949  53.115  22.828  12.139 0.0000000000
141950  52.613  22.812  12.161 0.0000000000
141951  52.128  22.754  12.378 0.0000000000
142633  46.330  23.831  19.950 0.0000000000
142640  52.755  24.084  18.916 0.0000000000
142641  52.538  24.000  19.012 0.0000000000
142646  46.141  22.843  19.923 0.0000000000
142657  51.260  23.307  18.642 0.0000000000
142659  49.226  22.869  18.606 0.0000000000
142709  46.567  22.949  16.177 0.0000000000
142735  53.279  23.744  12.786 0.0000000000
143445  45.529  24.489  20.355 0.0000000000
143451  52.536  24.240  19.015 0.0000000000
143452  52.192  24.337  19.215 0.0000000000
143454  50.102  24.306  18.981 0.0000000000
143455  48.878  24.517  19.227 0.0000000000
143463  51.597  23.916  18.993 0.0000000000
143475  52.418  24.510  17.895 0.0000000000
143503  52.097  24.369  16.031 0.0000000000
143521  50.327  24.089  13.839 0.0000000000
143535  53.250  24.075  12.826 0.0000000000
143539  50.050  25.017  13.767 0.0000000000
143549  53.255  24.083  12.575 0.0000000000
144321  45.297  25.497  20.396 0.0000000000
144330  47.516  25.557  19.579 0.0000000000
144331  46.691  25.781  19.705 0.0000000000
144336  51.902  25.839  18.204 0.0000000000
144355  51.616  25.937  15.952 0.0000000000
144372  52.244  26.084  14.794 0.0000000000
144390  52.360  25.743  14.484 0.0000000000
144410  48.639  26.229  13.792 0.0000000000
145193  51.904  27.207  20.343 0.0000000000
145202  50.406  26.437  19.564 0.0000000000
145206  46.648  26.364  19.688 0.0000000000
145210  51.607  26.598  17.808 0.0000000000
145228  52.356  27.008  14.725 0.0000000000
145242  52.632  26.409  13.248 0.0000000000
145275  51.925  26.686  12.423 0.0000000000
145276  51.314  27.054  12.607 0.0000000000
146089  51.705  27.839  20.493 0.0000000000
146090  51.155  27.968  20.362 0.0000000000
146091  46.141  27.588  19.886 0.0000000000
146093  44.370  26.951  20.624 0.0000000000
146097  52.490  27.657  20.086 0.0000000000
146098  51.652  27.251  20.262 0.0000000000
146099  50.991  27.433  20.047 0.0000000000
146102  47.678  27.098  19.633 0.0000000000
146108  52.296  27.386  19.435 0.0000000000
146117  51.813  27.625  15.857 0.0000000000
146134  49.313  28.048  14.312 0.0000000000
146147  52.630  26.980  12.806 0.0000000000
146148  51.762  27.879  12.837 0.0000000000
146158  52.318  27.114  12.563 0.0000000000
146962  43.713  28.601  21.012 0.0000000000
146965  52.328  29.073  20.908 0.0000000000
146969  48.681  28.783  20.057 0.0000000000
146975  52.427  28.664  20.258 0.0000000000
146978  50.282  28.035  20.065 0.0000000000
146980  48.161  27.965  19.703 0.0000000000
146986  52.059  28.367  19.211 0.0000000000
146990  51.485  28.281  17.730 0.0000000000
147000  52.069  28.580  14.833 0.0000000000
147021  52.579  27.688  12.993 0.0000000000
147034  52.477  27.379  12.788 0.0000000000
147035  52.263  27.641  12.772 0.0000000000
147749  43.082  29.295  22.865 0.0000000000
147752  51.696  30.410  21.147 0.0000000000
147760  51.984  29.879  21.096 0.0000000000
147761  51.285  29.637  21.081 0.0000000000
147766  45.909  29.443  20.377 0.0000000000
147767  44.592  29.341  20.587 0.0000000000
147769  52.294  29.323  20.814 0.0000000000
147781  50.490  29.911  16.702 0.0000000000
147786  49.523  30.423  15.225 0.0000000000
148480  43.806  30.709  21.967 0.0000000000
148481  43.336  30.136  22.377 0.0000000000
148495  51.425  30.909  21.176 0.0000000000
148496  50.785  30.977  21.374 0.0000000000
148499  47.221  31.070  21.035 0.0000000000
148500  46.636  31.081  20.902 0.0000000000
148516  51.375  30.736  20.613 0.0000000000
148519  48.789  30.252  20.737 0.0000000000
148523  44.638  30.200  20.710 0.0000000000
148533  51.372  30.256  20.059 0.0000000000
148535  49.460  30.982  19.213 0.0000000000
148551  49.763  30.570  16.910 0.0000000000
148558  52.288  31.605  14.925 0.0000000000
148560  50.227  31.276  14.989 0.0000000000
148561  49.702  30.845  15.182 0.0000000000
148607  47.372  31.182  11.397 0.0000000000
148647  47.755  30.458  7.719 0.0000000000
149301  44.018  31.827  24.456 0.0000000000
149302  43.558  31.180  24.197 0.0000000000
149338  44.990  31.894  21.977 0.0000000000
149340  43.575  30.930  22.808 0.0000000000
149355  51.151  31.431  21.072 0.0000000000
149356  50.740  31.596  21.200 0.0000000000
149362  44.409  31.244  21.470 0.0000000000
149378  50.679  31.640  20.761 0.0000000000
149380  46.342  31.087  20.825 0.0000000000
149381  45.784  31.056  20.753 0.0000000000
149397  50.375  31.277  20.174 0.0000000000
149413  48.871  31.293  18.721 0.0000000000
149414  48.496  31.926  18.866 0.0000000000
149423  48.880  31.497  17.523 0.0000000000
149445  52.322  32.248  15.181 0.0000000000
149449  49.115  31.261  15.222 0.0000000000
149457  52.233  32.185  14.884 0.0000000000
149478  48.102  32.040  12.418 0.0000000000
149487  49.061  32.235  11.119 0.0000000000
149489  47.599  31.476  11.731 0.0000000000
149494  49.412  31.870  10.359 0.0000000000
149515  45.408  31.125  8.136 0.0000000000
149516  44.714  31.526  8.214 0.0000000000
149523  48.414  30.803  7.857 0.0000000000
149526  45.025  31.435  7.687 0.0000000000
150115  44.365  32.532  24.992 0.0000000000
150142  46.541  33.282  23.421 0.0000000000
150144  44.922  32.540  23.244 0.0000000000
150155  46.750  33.185  22.870 0.0000000000
150170  50.290  32.051  21.264 0.0000000000
150185  50.520  31.991  21.133 0.0000000000
150186  50.062  32.403  21.007 0.0000000000
150187  49.015  32.780  20.876 0.0000000000
150203  49.526  32.383  20.510 0.0000000000
150204  48.713  32.540  19.995 0.0000000000
150224  48.082  32.661  19.022 0.0000000000
150257  52.124  32.643  15.656 0.0000000000
150266  52.133  32.796  14.770 0.0000000000
150269  49.211  32.561  14.467 0.0000000000
150299  45.998  32.559  11.266 0.0000000000
150307  50.657  33.157  10.335 0.0000000000
150309  48.109  32.728  10.107 0.0000000000
150332  49.144  32.147  8.694 0.0000000000
150335  43.757  32.585  8.895 0.0000000000
150859  46.229  33.865  26.052 0.0000000000
150891  47.233  33.890  23.480 0.0000000000
150892  46.829  33.513  23.682 0.0000000000
150916  48.258  33.006  21.340 0.0000000000
150930  47.531  33.292  20.573 0.0000000000
150941  47.138  33.788  19.465 0.0000000000
150957  47.398  33.785  18.805 0.0000000000
150962  40.404  34.115  18.157 0.0000000000
150974  49.040  33.429  17.102 0.0000000000
150982  39.504  33.835  17.200 0.0000000000
150998  52.363  33.226  15.246 0.0000000000
151008  52.361  33.317  14.927 0.0000000000
151009  51.971  33.562  14.656 0.0000000000
151019  50.048  33.920  13.520 0.0000000000
151021  46.410  33.268  13.297 0.0000000000
151031  45.661  32.702  12.318 0.0000000000
151047  50.635  33.662  10.910 0.0000000000
151617  47.169  34.262  23.140 0.0000000000
151618  46.580  34.718  22.817 0.0000000000
151620  42.747  34.303  22.684 0.0000000000
151635  46.152  34.517  20.886 0.0000000000
151644  46.453  34.544  19.868 0.0000000000
151671  48.507  34.446  17.564 0.0000000000
151675  40.018  34.423  18.055 0.0000000000
151687  47.460  34.815  16.254 0.0000000000
151700  52.414  33.633  15.094 0.0000000000
151702  48.174  34.984  15.268 0.0000000000
151718  47.768  34.419  14.646 0.0000000000
151738  51.039  34.675  12.483 0.0000000000
151740  48.610  34.606  12.691 0.0000000000
151745  51.101  34.661  11.747 0.0000000000
151748  47.945  34.004  12.320 0.0000000000
151754  50.667  34.852  10.112 0.0000000000
151755  49.931  34.499  10.505 0.0000000000
151761  51.066  34.639  9.504 0.0000000000
151762  50.390  34.384  9.819 0.0000000000
151770  51.714  34.064  8.871 0.0000000000
152291  48.090  35.017  26.180 0.0000000000
152323  47.160  35.108  23.720 0.0000000000
152325  43.668  35.327  23.493 0.0000000000
152335  42.900  34.827  22.112 0.0000000000
152342  45.723  35.216  21.264 0.0000000000
152343  45.430  35.987  21.336 0.0000000000
152344  43.289  35.799  21.706 0.0000000000
152346  41.962  35.478  20.932 0.0000000000
152351  46.049  35.603  20.380 0.0000000000
152362  44.128  36.029  19.328 0.0000000000
152363  43.088  36.227  19.418 0.0000000000
152364  42.100  36.542  19.342 0.0000000000
152365  41.543  36.857  19.176 0.0000000000
152373  48.179  35.435  18.235 0.0000000000
152374  47.522  35.381  18.688 0.0000000000
152390  49.457  35.316  17.193 0.0000000000
152393  46.678  35.376  17.398 0.0000000000
152394  46.034  35.348  17.781 0.0000000000
152409  47.206  35.281  16.910 0.0000000000
152431  49.773  35.938  13.777 0.0000000000
152457  50.621  36.119  12.194 0.0000000000
152465  51.471  35.521  11.760 0.0000000000
152466  50.751  35.847  11.361 0.0000000000
152480  51.530  35.016  10.134 0.0000000000
153045  45.673  36.936  22.945 0.0000000000
153051  45.814  36.232  22.967 0.0000000000
153052  45.487  36.704  22.299 0.0000000000
153061  46.114  37.307  20.865 0.0000000000
153062  45.672  37.023  21.261 0.0000000000
153065  42.365  36.187  21.015 0.0000000000
153081  48.310  37.349  19.245 0.0000000000
153082  47.555  37.061  19.515 0.0000000000
153083  46.551  36.151  19.714 0.0000000000
153097  50.229  37.349  17.856 0.0000000000
153102  45.759  36.700  18.764 0.0000000000
153116  48.200  36.812  17.157 0.0000000000
153151  50.360  36.418  14.184 0.0000000000
153162  50.994  36.546  13.296 0.0000000000
153182  51.058  36.419  12.467 0.0000000000
153205  51.337  35.709  10.970 0.0000000000
153206  51.262  35.952  11.115 0.0000000000
153794  43.940  36.869  22.090 0.0000000000
153804  45.907  37.680  21.481 0.0000000000
153805  44.119  37.958  21.781 0.0000000000
153821  49.446  38.534  19.080 0.0000000000
153824  46.603  38.078  19.105 0.0000000000
153839  49.175  37.881  19.003 0.0000000000
153842  46.178  37.433  18.953 0.0000000000
153843  40.538  38.133  18.665 0.0000000000
153852  50.474  37.583  17.256 0.0000000000
153853  49.540  37.964  17.162 0.0000000000
153856  47.375  37.319  18.062 0.0000000000
153868  49.816  37.518  16.420 0.0000000000
153869  49.290  37.563  16.787 0.0000000000
153878  50.197  37.342  16.071 0.0000000000
154421  47.218  38.520  26.344 0.0000000000
154423  46.026  38.881  26.130 0.0000000000
154453  47.251  38.404  25.271 0.0000000000
154455  45.517  39.123  24.627 0.0000000000
154470  45.405  39.097  24.047 0.0000000000
154484  46.259  38.931  22.561 0.0000000000
154486  44.640  38.555  22.730 0.0000000000
154500  46.131  38.174  21.595 0.0000000000
154503  43.123  38.575  21.060 0.0000000000
154515  47.704  39.385  20.485 0.0000000000
154516  46.995  38.472  20.714 0.0000000000
154526  49.593  39.082  19.096 0.0000000000
154528  47.961  39.286  19.066 0.0000000000
154529  47.421  38.971  19.262 0.0000000000
154542  50.230  38.337  18.114 0.0000000000
154544  49.330  38.912  18.456 0.0000000000
154558  50.265  38.253  17.808 0.0000000000
155112  47.260  38.850  25.987 0.0000000000
155113  47.045  39.122  26.122 0.0000000000
155128  47.149  39.139  25.511 0.0000000000
155129  46.739  39.519  25.656 0.0000000000
155130  46.046  39.439  25.549 0.0000000000
155142  45.821  39.669  24.908 0.0000000000
155155  45.349  39.298  23.654 0.0000000000
155170  45.194  39.615  22.976 0.0000000000
155182  47.057  40.183  21.696 0.0000000000
155200  44.161  40.216  20.551 0.0000000000
155201  43.507  39.796  20.483 0.0000000000
155215  49.447  39.382  19.030 0.0000000000
155216  48.843  39.539  19.241 0.0000000000
155222  42.416  39.731  19.897 0.0000000000
155231  49.478  39.204  18.794 0.0000000000
155233  48.669  39.530  19.056 0.0000000000
155844  46.929  39.723  25.242 0.0000000000
155846  46.107  39.842  25.110 0.0000000000
155859  47.102  39.521  25.007 0.0000000000
155860  46.765  39.819  24.659 0.0000000000
155890  47.034  41.035  22.273 0.0000000000
155891  46.769  40.647  22.552 0.0000000000
155893  45.053  40.213  22.086 0.0000000000
155907  47.190  40.819  21.825 0.0000000000
155908  46.923  40.465  22.033 0.0000000000
155909  45.152  40.766  21.898 0.0000000000
155911  43.957  40.462  20.863 0.0000000000
155924  47.397  40.982  21.121 0.0000000000
155926  45.876  40.997  20.865 0.0000000000
155927  44.669  40.961  20.857 0.0000000000
156569  46.380  41.035  23.112 0.0000000000
156580  46.679  41.236  22.459 0.0000000000
156590  46.943  41.320  21.693 0.0000000000
156591  46.195  41.558  21.947 0.0000000000
156592  45.494  41.203  21.947 0.0000000000
156593  45.036  40.989  21.632 0.0000000000
156606  47.041  41.290  21.153 0.0000000000
156608  45.603  41.258  21.383 0.0000000000
