#!ascii label  , from subject sub-01 vox2ras=TkReg
2192
43232  14.636  -62.176  47.548 0.0000000000
84518  45.697  -30.129  27.600 0.0000000000
54907  32.416  -53.286  44.952 0.0000000000
59848  39.785  -48.347  45.422 0.0000000000
52374  25.004  -54.822  42.089 0.0000000000
50979  20.064  -55.858  50.459 0.0000000000
95110  55.948  -22.761  21.928 0.0000000000
87162  57.307  -28.236  30.772 0.0000000000
69912  42.690  -40.494  38.457 0.0000000000
96452  61.111  -20.352  17.767 0.0000000000
56086  30.100  -52.816  52.821 0.0000000000
47193  16.772  -58.732  49.372 0.0000000000
89897  56.627  -25.950  25.348 0.0000000000
88582  51.841  -26.866  24.024 0.0000000000
81816  45.584  -31.942  33.536 0.0000000000
85781  49.560  -29.993  35.034 0.0000000000
78105  43.010  -35.098  32.760 0.0000000000
63754  36.439  -47.089  41.664 0.0000000000
62230  34.362  -47.595  49.571 0.0000000000
54827  26.363  -53.905  50.088 0.0000000000
50874  24.825  -56.499  54.530 0.0000000000
51015  22.522  -56.194  47.167 0.0000000000
49779  18.723  -57.880  43.934 0.0000000000
56244  27.415  -52.740  43.627 0.0000000000
93886  61.423  -24.563  21.528 0.0000000000
92482  60.848  -24.484  26.035 0.0000000000
84466  51.894  -29.925  29.102 0.0000000000
76714  43.368  -36.623  40.698 0.0000000000
64897  41.248  -44.706  45.810 0.0000000000
93893  57.128  -23.087  18.138 0.0000000000
88678  62.329  -25.664  16.665 0.0000000000
92664  64.190  -23.672  14.353 0.0000000000
50912  30.027  -55.014  52.913 0.0000000000
45891  15.679  -60.567  48.385 0.0000000000
47123  15.539  -59.017  52.882 0.0000000000
44469  14.316  -60.717  51.892 0.0000000000
89954  51.398  -25.254  22.500 0.0000000000
79253  47.129  -34.301  37.831 0.0000000000
81753  48.336  -32.335  37.511 0.0000000000
39448  10.091  -65.408  48.447 0.0000000000
80625  42.303  -33.331  29.315 0.0000000000
56261  33.064  -51.399  41.696 0.0000000000
61036  34.274  -48.854  43.896 0.0000000000
58617  32.502  -49.583  47.244 0.0000000000
52328  26.415  -55.165  46.688 0.0000000000
49730  25.389  -56.409  48.731 0.0000000000
51061  24.174  -56.520  44.060 0.0000000000
56231  26.003  -53.202  43.265 0.0000000000
56171  27.181  -53.430  47.316 0.0000000000
52257  22.381  -55.536  53.304 0.0000000000
93865  58.408  -23.555  22.094 0.0000000000
93821  62.191  -23.679  23.333 0.0000000000
95069  58.871  -22.951  23.531 0.0000000000
88531  56.818  -27.173  27.514 0.0000000000
91148  59.539  -25.719  28.872 0.0000000000
85925  45.731  -28.800  25.385 0.0000000000
85897  49.355  -28.989  26.148 0.0000000000
84490  49.456  -30.319  28.201 0.0000000000
72528  40.810  -38.344  35.923 0.0000000000
76776  41.147  -35.968  36.598 0.0000000000
73934  43.000  -37.903  39.746 0.0000000000
64791  37.270  -45.697  50.020 0.0000000000
64955  38.881  -46.021  44.115 0.0000000000
62200  39.157  -45.955  51.329 0.0000000000
95144  54.252  -21.590  20.144 0.0000000000
95157  55.476  -21.439  18.388 0.0000000000
92604  56.126  -23.428  19.997 0.0000000000
91286  58.804  -24.760  20.026 0.0000000000
96489  63.790  -20.867  14.369 0.0000000000
93927  62.761  -22.052  15.550 0.0000000000
91321  63.900  -24.672  15.653 0.0000000000
92632  60.978  -23.427  16.598 0.0000000000
53559  31.573  -53.739  49.501 0.0000000000
58579  31.715  -50.103  50.506 0.0000000000
58537  31.872  -50.857  54.192 0.0000000000
49720  18.539  -56.725  50.256 0.0000000000
50877  18.822  -56.264  54.345 0.0000000000
49680  16.863  -57.602  53.398 0.0000000000
93869  53.532  -22.678  21.404 0.0000000000
92544  56.125  -23.773  22.981 0.0000000000
89951  53.919  -24.953  22.597 0.0000000000
88566  54.798  -26.790  25.074 0.0000000000
87226  55.089  -28.012  27.370 0.0000000000
83139  46.442  -31.473  30.707 0.0000000000
83137  48.299  -31.308  30.387 0.0000000000
84416  47.676  -30.760  34.285 0.0000000000
67469  40.746  -43.083  36.842 0.0000000000
58626  41.832  -48.950  46.189 0.0000000000
41975  12.697  -62.901  46.323 0.0000000000
43197  12.759  -62.646  50.413 0.0000000000
40716  11.605  -64.110  49.751 0.0000000000
84520  43.414  -30.282  27.184 0.0000000000
81875  43.931  -32.451  29.661 0.0000000000
79328  44.906  -33.839  34.038 0.0000000000
75420  45.733  -35.902  37.130 0.0000000000
62457  34.398  -47.909  38.662 0.0000000000
63687  35.112  -46.879  46.058 0.0000000000
58598  36.121  -48.003  47.511 0.0000000000
57331  34.127  -50.946  50.142 0.0000000000
57385  35.574  -50.716  44.905 0.0000000000
52271  27.900  -55.025  51.306 0.0000000000
48426  27.108  -57.566  52.523 0.0000000000
53528  25.488  -55.256  51.897 0.0000000000
50976  23.338  -56.059  50.432 0.0000000000
51004  21.518  -55.735  48.782 0.0000000000
51080  22.199  -56.399  43.535 0.0000000000
51065  20.620  -56.708  44.847 0.0000000000
51033  19.657  -56.804  47.391 0.0000000000
48507  18.297  -58.321  46.469 0.0000000000
47253  16.622  -59.609  45.675 0.0000000000
44550  14.608  -60.920  44.386 0.0000000000
54983  31.451  -52.669  40.773 0.0000000000
56307  27.955  -52.226  40.307 0.0000000000
53634  30.063  -54.030  44.655 0.0000000000
54851  28.643  -53.853  48.517 0.0000000000
56100  28.037  -52.760  52.055 0.0000000000
88563  62.214  -26.305  25.035 0.0000000000
92485  59.303  -24.235  26.206 0.0000000000
88585  48.995  -26.948  23.907 0.0000000000
85872  51.729  -28.876  26.907 0.0000000000
84464  54.086  -29.628  29.673 0.0000000000
83104  51.104  -31.097  31.622 0.0000000000
84427  52.986  -29.694  32.537 0.0000000000
78121  40.976  -36.162  31.856 0.0000000000
75423  43.477  -36.986  36.688 0.0000000000
76694  45.720  -36.425  41.494 0.0000000000
65014  40.302  -44.761  39.861 0.0000000000
67420  41.738  -42.639  41.496 0.0000000000
64760  41.328  -44.772  51.740 0.0000000000
67343  43.044  -43.194  47.262 0.0000000000
71065  43.431  -40.402  43.168 0.0000000000
73841  44.884  -38.247  44.696 0.0000000000
77911  45.284  -35.894  45.487 0.0000000000
93900  59.505  -22.678  17.075 0.0000000000
91311  59.460  -24.536  17.528 0.0000000000
89979  62.252  -26.086  19.420 0.0000000000
50957  31.141  -55.780  51.476 0.0000000000
44509  15.222  -61.411  48.611 0.0000000000
45842  15.119  -60.514  50.525 0.0000000000
44497  14.933  -61.337  49.847 0.0000000000
76710  48.073  -35.609  39.936 0.0000000000
79218  48.568  -34.034  39.678 0.0000000000
38170  9.320  -65.906  47.149 0.0000000000
54923  32.739  -52.613  43.347 0.0000000000
57405  33.272  -50.710  43.619 0.0000000000
57369  32.785  -51.145  45.655 0.0000000000
52351  25.738  -55.251  44.148 0.0000000000
51044  25.311  -56.270  45.292 0.0000000000
51060  24.984  -55.841  43.662 0.0000000000
56266  25.569  -52.805  41.295 0.0000000000
54928  25.571  -53.574  42.950 0.0000000000
54894  26.199  -53.779  44.756 0.0000000000
52287  21.095  -55.275  51.629 0.0000000000
52236  20.854  -55.524  53.894 0.0000000000
95127  57.280  -23.143  22.069 0.0000000000
95108  58.346  -22.997  22.648 0.0000000000
95109  57.181  -22.978  22.585 0.0000000000
87202  57.469  -27.541  29.091 0.0000000000
88484  58.283  -27.132  30.306 0.0000000000
85878  46.088  -29.805  26.757 0.0000000000
85876  48.043  -29.591  26.795 0.0000000000
84492  47.547  -30.294  28.424 0.0000000000
69952  41.067  -40.235  35.769 0.0000000000
71140  41.979  -39.246  37.057 0.0000000000
72514  41.515  -38.299  37.380 0.0000000000
71130  42.961  -39.443  38.699 0.0000000000
59783  37.758  -46.964  49.597 0.0000000000
63559  38.120  -45.976  50.679 0.0000000000
59816  39.424  -47.493  47.930 0.0000000000
95129  55.158  -22.309  21.113 0.0000000000
95143  55.270  -22.459  20.182 0.0000000000
95142  55.926  -22.807  20.656 0.0000000000
92578  57.062  -23.600  21.021 0.0000000000
96482  62.355  -20.429  15.967 0.0000000000
95177  61.968  -21.271  16.264 0.0000000000
93912  62.426  -22.315  15.861 0.0000000000
95179  60.855  -21.647  16.952 0.0000000000
53534  31.019  -53.630  50.999 0.0000000000
56112  31.952  -52.251  51.798 0.0000000000
57295  31.466  -51.659  53.924 0.0000000000
48478  17.570  -57.748  49.605 0.0000000000
49712  17.925  -57.051  51.487 0.0000000000
48462  16.756  -58.233  51.367 0.0000000000
47101  14.797  -59.071  54.152 0.0000000000
48410  15.841  -58.527  54.287 0.0000000000
93870  52.686  -22.684  21.325 0.0000000000
92560  54.043  -23.602  22.000 0.0000000000
92562  52.569  -24.039  21.940 0.0000000000
89932  51.889  -25.787  23.006 0.0000000000
88601  53.319  -26.199  23.669 0.0000000000
87285  53.132  -27.199  24.788 0.0000000000
87257  54.536  -27.372  25.725 0.0000000000
87258  53.522  -27.532  25.497 0.0000000000
83127  45.697  -31.471  31.747 0.0000000000
83108  46.913  -31.526  32.466 0.0000000000
83091  46.416  -31.206  33.653 0.0000000000
95131  53.127  -22.001  21.013 0.0000000000
40724  12.325  -63.964  48.459 0.0000000000
40732  11.561  -64.496  47.537 0.0000000000
83189  42.647  -31.047  27.298 0.0000000000
83175  43.472  -31.209  28.019 0.0000000000
81889  43.022  -32.066  28.033 0.0000000000
79377  42.312  -33.996  30.437 0.0000000000
79363  42.975  -33.575  31.005 0.0000000000
79341  43.670  -34.267  32.661 0.0000000000
78080  44.919  -34.853  35.141 0.0000000000
76809  44.344  -35.512  34.961 0.0000000000
61138  33.651  -48.642  38.783 0.0000000000
62310  33.872  -47.857  46.994 0.0000000000
62350  34.654  -47.800  44.472 0.0000000000
62258  34.488  -46.678  48.879 0.0000000000
62228  36.189  -46.998  49.937 0.0000000000
58584  35.335  -48.318  48.115 0.0000000000
59741  33.392  -50.429  53.103 0.0000000000
60914  32.982  -49.218  51.892 0.0000000000
56123  34.485  -52.239  50.303 0.0000000000
54888  35.371  -52.406  45.614 0.0000000000
57424  36.219  -50.720  43.169 0.0000000000
54801  26.933  -53.863  51.674 0.0000000000
50914  26.770  -56.176  52.060 0.0000000000
53537  26.065  -54.564  51.111 0.0000000000
49741  24.332  -56.459  48.021 0.0000000000
50975  24.558  -56.270  50.346 0.0000000000
50990  23.813  -56.268  49.071 0.0000000000
50991  22.519  -55.860  49.497 0.0000000000
51016  21.656  -56.013  47.548 0.0000000000
51100  22.355  -56.225  42.465 0.0000000000
51103  18.867  -56.670  42.356 0.0000000000
51083  19.836  -56.979  43.750 0.0000000000
51066  20.029  -57.245  45.156 0.0000000000
51050  19.909  -57.088  46.341 0.0000000000
49770  19.322  -57.488  45.609 0.0000000000
49753  18.619  -57.716  47.092 0.0000000000
48520  18.390  -58.424  45.374 0.0000000000
45933  16.151  -60.017  46.026 0.0000000000
57511  31.664  -51.551  38.866 0.0000000000
56336  30.059  -51.681  38.542 0.0000000000
56264  27.148  -52.436  41.994 0.0000000000
56262  28.134  -52.992  43.052 0.0000000000
54967  29.337  -53.182  41.962 0.0000000000
54927  28.627  -53.656  43.689 0.0000000000
54876  29.348  -54.310  47.073 0.0000000000
56188  28.130  -53.579  46.258 0.0000000000
56154  26.749  -53.676  48.787 0.0000000000
56139  27.649  -53.471  49.149 0.0000000000
56115  27.296  -53.095  51.277 0.0000000000
54790  27.784  -53.462  52.601 0.0000000000
48413  26.056  -57.320  53.802 0.0000000000
43176  11.482  -62.627  52.018 0.0000000000
43175  12.354  -61.892  52.397 0.0000000000
93859  62.859  -24.437  22.300 0.0000000000
91213  61.660  -24.340  24.918 0.0000000000
91211  62.478  -24.844  23.909 0.0000000000
89895  62.029  -25.697  25.423 0.0000000000
87232  61.404  -26.632  26.895 0.0000000000
91216  56.892  -24.789  24.177 0.0000000000
91215  57.588  -24.557  24.558 0.0000000000
91196  57.822  -24.959  25.539 0.0000000000
91146  60.376  -25.761  29.128 0.0000000000
84513  50.628  -29.652  27.493 0.0000000000
85896  50.294  -28.846  26.174 0.0000000000
84512  51.484  -29.346  27.500 0.0000000000
85854  53.001  -28.997  27.879 0.0000000000
84465  53.182  -29.761  29.045 0.0000000000
83089  48.891  -31.326  33.457 0.0000000000
81845  49.654  -31.539  31.642 0.0000000000
83088  50.018  -31.356  33.275 0.0000000000
78106  39.730  -35.854  32.623 0.0000000000
76741  42.702  -36.471  39.388 0.0000000000
76775  41.879  -35.900  37.244 0.0000000000
76763  43.018  -36.402  38.828 0.0000000000
76761  44.589  -36.720  39.567 0.0000000000
78006  44.552  -36.378  41.346 0.0000000000
62455  36.147  -47.191  38.461 0.0000000000
63793  37.247  -47.052  39.076 0.0000000000
66141  40.181  -45.041  46.044 0.0000000000
64986  39.848  -45.333  41.693 0.0000000000
64952  41.117  -45.100  43.365 0.0000000000
66194  41.398  -43.963  41.300 0.0000000000
66152  42.073  -44.246  43.688 0.0000000000
60975  41.287  -46.765  49.812 0.0000000000
68601  43.790  -41.615  47.781 0.0000000000
69836  43.136  -41.522  45.027 0.0000000000
71038  44.175  -40.166  45.172 0.0000000000
72436  44.253  -38.921  43.187 0.0000000000
72399  44.680  -39.181  45.500 0.0000000000
95156  56.408  -21.682  17.939 0.0000000000
93901  58.546  -22.660  17.358 0.0000000000
92619  58.899  -23.670  17.357 0.0000000000
91312  58.591  -24.413  17.873 0.0000000000
92599  60.281  -24.710  20.930 0.0000000000
91299  60.447  -25.371  19.421 0.0000000000
91283  61.728  -25.001  20.338 0.0000000000
89978  63.111  -25.860  19.761 0.0000000000
95200  64.070  -21.895  14.342 0.0000000000
89998  62.842  -25.053  16.460 0.0000000000
88676  63.539  -26.515  16.856 0.0000000000
88672  62.949  -26.671  17.458 0.0000000000
53477  29.918  -53.257  54.604 0.0000000000
53465  31.060  -53.104  55.109 0.0000000000
50892  31.021  -54.761  53.352 0.0000000000
47209  16.477  -59.309  48.784 0.0000000000
48463  16.429  -58.716  50.925 0.0000000000
45841  15.649  -59.916  50.308 0.0000000000
47143  15.184  -59.791  52.353 0.0000000000
45767  14.242  -60.152  53.899 0.0000000000
89955  50.401  -25.216  22.480 0.0000000000
88604  50.419  -26.349  23.480 0.0000000000
80510  46.349  -33.021  35.180 0.0000000000
81784  47.346  -32.015  35.726 0.0000000000
79278  47.420  -33.413  37.311 0.0000000000
80417  49.330  -32.906  39.720 0.0000000000
39458  10.678  -64.997  47.808 0.0000000000
39459  9.931  -65.477  47.407 0.0000000000
38146  9.014  -66.220  48.639 0.0000000000
81890  42.151  -32.270  27.901 0.0000000000
78160  42.128  -34.793  31.128 0.0000000000
59917  33.630  -49.496  40.408 0.0000000000
58698  33.774  -50.104  42.015 0.0000000000
58647  33.182  -49.600  45.152 0.0000000000
60985  33.341  -48.121  48.411 0.0000000000
53573  26.361  -54.569  48.703 0.0000000000
52296  26.123  -55.015  49.897 0.0000000000
51013  26.043  -55.958  47.786 0.0000000000
49759  25.353  -56.479  46.868 0.0000000000
51028  23.379  -56.487  45.920 0.0000000000
48553  18.237  -58.196  43.631 0.0000000000
49791  17.543  -57.790  42.567 0.0000000000
56265  25.836  -52.830  41.728 0.0000000000
56229  26.918  -52.781  44.253 0.0000000000
56209  27.078  -53.243  45.325 0.0000000000
56210  26.631  -53.356  44.857 0.0000000000
54878  26.394  -53.761  46.704 0.0000000000
52208  23.815  -56.221  54.403 0.0000000000
93863  60.294  -24.095  22.351 0.0000000000
95125  61.537  -23.755  22.592 0.0000000000
95106  60.359  -23.338  22.915 0.0000000000
93823  60.549  -23.315  23.735 0.0000000000
93801  60.571  -23.598  24.595 0.0000000000
88547  57.271  -26.359  26.755 0.0000000000
89855  57.958  -25.972  27.277 0.0000000000
89843  58.323  -26.351  28.431 0.0000000000
89795  59.633  -26.579  30.619 0.0000000000
87264  48.133  -27.989  25.015 0.0000000000
85923  47.754  -28.627  25.508 0.0000000000
85875  49.047  -29.724  26.627 0.0000000000
84489  50.309  -29.937  28.288 0.0000000000
85780  50.695  -29.586  35.110 0.0000000000
73979  39.904  -37.069  34.528 0.0000000000
76801  40.330  -36.216  34.446 0.0000000000
75424  40.828  -37.069  36.258 0.0000000000
73944  41.562  -37.152  38.148 0.0000000000
75362  42.869  -36.986  40.241 0.0000000000
64920  37.240  -46.428  45.879 0.0000000000
63736  37.599  -46.634  42.670 0.0000000000
64852  38.188  -45.575  48.053 0.0000000000
66116  39.030  -45.419  47.844 0.0000000000
66090  40.399  -44.877  48.586 0.0000000000
96441  53.680  -20.001  19.400 0.0000000000
97638  54.182  -19.515  18.790 0.0000000000
95151  54.652  -21.518  19.294 0.0000000000
95150  55.175  -22.083  19.019 0.0000000000
92613  56.388  -23.459  18.936 0.0000000000
91306  57.805  -24.309  18.649 0.0000000000
92602  57.268  -24.024  20.254 0.0000000000
92576  58.813  -24.218  21.584 0.0000000000
97679  63.101  -19.674  15.207 0.0000000000
96467  63.426  -21.261  14.915 0.0000000000
93910  63.705  -22.861  15.241 0.0000000000
92649  64.003  -23.771  14.925 0.0000000000
92629  63.080  -23.195  15.725 0.0000000000
91323  62.508  -24.160  16.299 0.0000000000
91324  61.665  -24.218  16.496 0.0000000000
53581  32.014  -53.682  47.325 0.0000000000
56168  32.522  -51.809  47.741 0.0000000000
56137  32.100  -52.160  49.953 0.0000000000
58566  31.729  -50.245  52.157 0.0000000000
58533  34.011  -50.790  54.004 0.0000000000
50995  18.937  -56.371  50.072 0.0000000000
50943  19.315  -55.930  52.379 0.0000000000
50944  18.546  -56.375  52.401 0.0000000000
50878  18.040  -56.371  54.179 0.0000000000
49681  16.307  -57.921  53.773 0.0000000000
49655  16.774  -57.758  54.305 0.0000000000
95111  55.058  -22.542  21.677 0.0000000000
93844  56.417  -23.128  22.576 0.0000000000
92559  55.204  -23.676  22.498 0.0000000000
91251  55.188  -24.352  22.818 0.0000000000
89929  55.376  -25.262  23.504 0.0000000000
89952  53.299  -25.104  22.596 0.0000000000
89918  54.434  -25.993  23.841 0.0000000000
88577  56.032  -26.206  25.140 0.0000000000
88549  55.754  -27.168  26.294 0.0000000000
87225  55.731  -27.894  27.796 0.0000000000
87178  56.289  -28.252  29.007 0.0000000000
83172  46.303  -30.804  29.159 0.0000000000
84471  47.512  -30.795  29.065 0.0000000000
83138  47.379  -31.359  30.567 0.0000000000
83107  47.968  -31.308  32.720 0.0000000000
85797  48.292  -30.448  34.701 0.0000000000
83044  47.799  -31.024  35.986 0.0000000000
84371  48.444  -30.171  36.170 0.0000000000
85744  49.121  -29.660  36.267 0.0000000000
68752  41.693  -41.619  37.208 0.0000000000
58642  41.017  -48.740  45.291 0.0000000000
97640  53.032  -19.090  19.607 0.0000000000
96433  53.627  -20.723  19.874 0.0000000000
95130  54.195  -22.244  21.084 0.0000000000
98773  61.632  -18.387  17.567 0.0000000000
97643  61.121  -19.618  18.381 0.0000000000
43233  13.868  -62.559  47.177 0.0000000000
43221  13.900  -62.602  48.189 0.0000000000
41951  13.191  -62.974  48.474 0.0000000000
41933  12.134  -63.302  50.348 0.0000000000
41923  10.636  -63.632  51.781 0.0000000000
39447  10.699  -64.926  48.915 0.0000000000
85879  45.004  -29.666  26.748 0.0000000000
85880  43.991  -29.536  26.644 0.0000000000
84519  44.559  -30.085  27.429 0.0000000000
83174  44.685  -31.363  28.812 0.0000000000
83158  44.835  -31.694  29.526 0.0000000000
81859  45.037  -32.019  31.040 0.0000000000
80624  43.193  -32.775  29.121 0.0000000000
80584  44.324  -32.586  31.756 0.0000000000
80545  45.066  -32.822  33.396 0.0000000000
79314  45.472  -33.839  34.942 0.0000000000
78063  46.334  -34.879  37.344 0.0000000000
75381  46.910  -36.377  39.295 0.0000000000
62430  35.244  -47.327  39.657 0.0000000000
61090  34.481  -48.508  41.012 0.0000000000
62382  34.916  -47.918  42.682 0.0000000000
63702  35.998  -46.614  44.864 0.0000000000
64834  36.252  -45.765  49.034 0.0000000000
59784  36.825  -47.312  49.244 0.0000000000
58629  37.858  -48.152  46.047 0.0000000000
58601  32.058  -49.866  48.435 0.0000000000
60949  32.765  -48.505  50.203 0.0000000000
59773  33.777  -49.223  50.383 0.0000000000
54858  34.646  -52.254  47.719 0.0000000000
56166  34.557  -51.322  47.494 0.0000000000
58599  34.951  -49.226  47.686 0.0000000000
58631  35.882  -49.555  45.682 0.0000000000
58657  37.305  -49.276  43.882 0.0000000000
58673  39.246  -48.899  43.578 0.0000000000
49710  28.936  -56.470  50.777 0.0000000000
49693  27.419  -56.762  51.616 0.0000000000
49678  26.491  -56.677  52.700 0.0000000000
50895  25.258  -56.373  53.751 0.0000000000
52297  25.618  -55.593  50.165 0.0000000000
52274  24.814  -55.546  52.009 0.0000000000
50917  24.038  -55.950  52.824 0.0000000000
50962  22.941  -55.874  51.471 0.0000000000
50978  21.604  -55.535  50.281 0.0000000000
52300  20.696  -55.585  50.236 0.0000000000
51078  24.218  -56.255  42.906 0.0000000000
51062  23.040  -56.476  44.300 0.0000000000
51063  22.061  -56.320  44.534 0.0000000000
51102  20.005  -56.279  42.671 0.0000000000
51064  21.244  -56.309  44.711 0.0000000000
51030  21.728  -56.153  46.469 0.0000000000
51031  20.943  -56.111  46.745 0.0000000000
51018  20.016  -56.194  48.045 0.0000000000
51006  19.800  -56.156  48.982 0.0000000000
49742  18.752  -56.963  48.712 0.0000000000
49743  18.391  -57.555  48.125 0.0000000000
48497  17.638  -58.487  47.737 0.0000000000
48536  17.732  -58.823  44.673 0.0000000000
47239  17.275  -59.307  46.320 0.0000000000
47226  16.651  -59.504  47.817 0.0000000000
45913  16.254  -60.050  47.111 0.0000000000
45934  15.733  -60.636  46.412 0.0000000000
44535  14.920  -61.531  45.622 0.0000000000
43243  13.786  -62.269  46.080 0.0000000000
43244  12.920  -62.492  45.759 0.0000000000
57510  32.303  -51.243  38.846 0.0000000000
54982  32.142  -52.378  40.610 0.0000000000
54944  31.834  -53.394  42.654 0.0000000000
56284  29.591  -53.016  41.168 0.0000000000
54945  30.626  -53.567  42.501 0.0000000000
53613  31.525  -53.977  45.495 0.0000000000
53582  31.223  -54.338  47.617 0.0000000000
53572  30.120  -54.223  48.934 0.0000000000
54825  29.513  -53.437  50.725 0.0000000000
56151  28.119  -53.587  47.843 0.0000000000
56126  28.218  -53.434  49.811 0.0000000000
56087  28.979  -52.583  52.905 0.0000000000
53507  28.939  -53.505  53.648 0.0000000000
50913  29.337  -54.904  52.331 0.0000000000
43196  13.759  -61.869  50.910 0.0000000000
44442  12.919  -60.822  53.243 0.0000000000
91234  62.825  -24.788  23.258 0.0000000000
93824  57.453  -23.052  23.432 0.0000000000
92499  59.207  -23.712  24.878 0.0000000000
92483  60.335  -24.012  26.246 0.0000000000
91164  59.097  -24.990  27.359 0.0000000000
91162  60.260  -24.789  27.860 0.0000000000
89853  61.237  -25.682  27.590 0.0000000000
89935  48.919  -25.771  22.998 0.0000000000
87288  50.459  -27.388  24.501 0.0000000000
87263  49.116  -28.022  24.952 0.0000000000
87262  50.059  -27.901  25.023 0.0000000000
85918  52.029  -28.074  25.513 0.0000000000
85893  53.165  -28.302  26.651 0.0000000000
85852  54.631  -28.825  28.469 0.0000000000
85833  56.004  -28.858  29.748 0.0000000000
83153  48.802  -31.101  29.274 0.0000000000
84457  49.917  -30.745  29.524 0.0000000000
84455  51.310  -30.340  29.974 0.0000000000
83087  51.075  -30.922  32.809 0.0000000000
84428  51.937  -30.388  32.116 0.0000000000
84454  52.428  -30.191  30.110 0.0000000000
84443  53.860  -29.784  31.518 0.0000000000
84441  55.521  -29.247  31.433 0.0000000000
78162  40.449  -35.441  30.418 0.0000000000
76859  41.918  -35.632  32.016 0.0000000000
76800  40.959  -36.319  34.901 0.0000000000
75451  42.041  -36.756  34.580 0.0000000000
75449  43.565  -36.558  35.145 0.0000000000
75422  44.448  -36.881  36.837 0.0000000000
75382  45.871  -36.794  39.495 0.0000000000
76674  47.196  -36.109  42.251 0.0000000000
63770  38.242  -46.721  40.672 0.0000000000
66246  40.544  -44.031  38.689 0.0000000000
67436  41.294  -42.977  39.602 0.0000000000
68719  42.173  -41.763  40.324 0.0000000000
59815  40.615  -47.484  48.217 0.0000000000
63542  40.099  -45.514  51.549 0.0000000000
66089  41.410  -44.388  48.536 0.0000000000
67316  42.107  -43.535  49.753 0.0000000000
66112  42.444  -43.900  46.917 0.0000000000
67369  42.645  -43.080  44.526 0.0000000000
68699  42.431  -41.693  42.638 0.0000000000
69898  43.241  -40.497  40.746 0.0000000000
71094  43.738  -39.679  41.656 0.0000000000
72450  44.022  -38.175  41.988 0.0000000000
76677  43.615  -36.880  42.471 0.0000000000
73808  44.645  -38.077  46.947 0.0000000000
76641  44.749  -36.868  44.130 0.0000000000
77965  44.521  -36.440  42.773 0.0000000000
77939  45.598  -35.782  43.447 0.0000000000
96444  60.692  -20.319  18.137 0.0000000000
95161  60.362  -21.754  17.218 0.0000000000
93899  60.262  -22.882  16.803 0.0000000000
91310  60.292  -24.338  16.979 0.0000000000
89989  60.784  -25.305  17.046 0.0000000000
91300  59.295  -25.078  19.116 0.0000000000
89981  60.138  -25.403  18.616 0.0000000000
88668  62.102  -26.676  17.969 0.0000000000
88657  63.118  -26.407  19.080 0.0000000000
49709  29.699  -56.461  50.723 0.0000000000
49708  30.653  -56.519  50.857 0.0000000000
43220  14.467  -62.032  48.999 0.0000000000
76709  48.479  -35.810  40.578 0.0000000000
77984  48.996  -35.452  40.862 0.0000000000
54906  32.754  -52.609  44.501 0.0000000000
56206  32.832  -51.731  45.158 0.0000000000
54889  32.732  -52.638  45.561 0.0000000000
52362  25.467  -55.092  43.016 0.0000000000
53653  25.402  -54.195  42.518 0.0000000000
53635  25.675  -54.327  43.510 0.0000000000
52288  20.530  -55.557  51.079 0.0000000000
52276  21.137  -55.307  52.507 0.0000000000
52277  20.191  -55.606  52.141 0.0000000000
95128  56.191  -22.820  21.404 0.0000000000
87177  56.892  -28.146  29.653 0.0000000000
87176  57.703  -27.612  29.955 0.0000000000
84517  46.791  -30.001  27.700 0.0000000000
69925  41.719  -40.984  36.841 0.0000000000
69940  41.595  -40.390  36.479 0.0000000000
69939  41.863  -39.966  36.848 0.0000000000
71131  42.526  -39.469  37.912 0.0000000000
58612  38.448  -47.732  46.601 0.0000000000
59798  38.500  -47.216  48.736 0.0000000000
59831  39.144  -47.702  46.804 0.0000000000
96469  61.930  -20.456  16.388 0.0000000000
96470  61.492  -20.470  16.916 0.0000000000
95178  61.278  -21.509  16.722 0.0000000000
95160  61.007  -21.134  17.255 0.0000000000
54789  30.850  -52.913  52.599 0.0000000000
54788  31.359  -52.645  52.579 0.0000000000
56073  31.023  -52.450  53.640 0.0000000000
48479  17.234  -58.319  49.096 0.0000000000
48471  17.072  -58.085  50.317 0.0000000000
93871  51.738  -22.658  21.237 0.0000000000
92582  52.285  -23.540  21.633 0.0000000000
88581  52.753  -26.754  24.157 0.0000000000
87286  52.248  -27.322  24.631 0.0000000000
83110  45.607  -31.489  32.426 0.0000000000
84432  46.157  -31.374  32.883 0.0000000000
83092  45.964  -31.387  33.349 0.0000000000
40740  11.829  -63.710  46.316 0.0000000000
84521  42.115  -30.028  26.498 0.0000000000
83176  42.933  -31.502  27.724 0.0000000000
81907  42.528  -31.723  27.635 0.0000000000
79355  42.851  -34.464  31.866 0.0000000000
79354  43.450  -33.883  32.024 0.0000000000
78118  43.325  -34.557  32.572 0.0000000000
78091  43.872  -35.119  33.907 0.0000000000
62259  34.007  -46.911  49.084 0.0000000000
62291  34.210  -47.358  47.647 0.0000000000
63620  34.300  -46.956  49.421 0.0000000000
62229  35.228  -47.208  49.591 0.0000000000
60964  34.827  -47.891  49.334 0.0000000000
58564  34.271  -51.188  52.654 0.0000000000
57311  34.374  -51.484  52.060 0.0000000000
56111  34.498  -52.181  51.121 0.0000000000
56102  26.931  -53.549  51.552 0.0000000000
53526  26.944  -54.187  51.688 0.0000000000
54814  26.383  -53.893  50.826 0.0000000000
51002  23.430  -56.279  47.738 0.0000000000
51003  22.577  -55.974  48.293 0.0000000000
49789  18.969  -57.359  43.346 0.0000000000
49778  19.294  -57.468  44.451 0.0000000000
49771  18.826  -57.877  44.956 0.0000000000
56263  27.535  -52.533  42.438 0.0000000000
56243  27.888  -53.378  44.123 0.0000000000
54909  28.489  -53.808  44.750 0.0000000000
56227  27.863  -53.503  45.109 0.0000000000
56141  26.754  -53.582  49.796 0.0000000000
56129  26.736  -53.425  50.643 0.0000000000
56116  26.825  -53.426  51.287 0.0000000000
49649  25.732  -56.898  53.853 0.0000000000
41897  11.212  -63.101  52.644 0.0000000000
41891  11.716  -62.785  53.116 0.0000000000
93885  61.958  -24.501  21.589 0.0000000000
93883  62.863  -24.525  21.818 0.0000000000
93884  62.492  -24.516  21.637 0.0000000000
91194  61.422  -24.731  25.592 0.0000000000
91212  62.163  -24.879  24.777 0.0000000000
91193  61.522  -25.325  25.867 0.0000000000
88546  61.644  -26.227  26.150 0.0000000000
89872  61.511  -25.723  26.562 0.0000000000
89915  57.017  -25.101  24.466 0.0000000000
89896  57.167  -25.393  24.990 0.0000000000
84488  51.272  -29.814  28.233 0.0000000000
84487  52.312  -29.391  28.093 0.0000000000
84414  49.551  -30.662  34.206 0.0000000000
78093  39.349  -35.781  32.815 0.0000000000
76740  43.538  -36.467  39.779 0.0000000000
76739  44.316  -36.402  39.986 0.0000000000
78007  43.990  -36.364  41.351 0.0000000000
62429  36.206  -47.130  39.322 0.0000000000
63794  36.637  -47.159  38.511 0.0000000000
62400  36.576  -47.016  40.353 0.0000000000
66140  40.564  -44.900  45.979 0.0000000000
64935  40.841  -45.099  44.340 0.0000000000
64915  41.423  -44.734  45.025 0.0000000000
64951  41.769  -44.516  43.233 0.0000000000
64914  42.064  -44.484  44.866 0.0000000000
69814  43.917  -41.651  48.734 0.0000000000
69827  43.612  -41.198  45.949 0.0000000000
69820  44.021  -40.886  47.039 0.0000000000
71026  44.311  -40.085  46.293 0.0000000000
71017  44.296  -39.919  47.324 0.0000000000
95155  56.987  -22.322  17.961 0.0000000000
93902  57.674  -22.580  17.708 0.0000000000
92620  57.842  -23.724  17.851 0.0000000000
92574  60.725  -24.478  21.670 0.0000000000
92598  61.160  -24.870  20.992 0.0000000000
92597  61.912  -24.839  20.990 0.0000000000
91282  62.443  -24.937  20.482 0.0000000000
93940  64.174  -22.680  13.942 0.0000000000
92680  64.288  -23.655  13.419 0.0000000000
91354  64.358  -24.648  13.909 0.0000000000
89997  63.519  -25.390  16.360 0.0000000000
88677  62.929  -26.006  16.739 0.0000000000
52229  29.855  -54.590  53.746 0.0000000000
52228  30.589  -54.402  53.904 0.0000000000
50893  30.474  -54.779  53.472 0.0000000000
45890  16.246  -60.003  48.165 0.0000000000
45864  16.038  -59.821  49.295 0.0000000000
45823  15.015  -60.202  51.566 0.0000000000
45800  14.572  -60.303  52.571 0.0000000000
45778  14.704  -59.986  53.066 0.0000000000
44457  14.291  -60.595  52.267 0.0000000000
89956  49.371  -25.154  22.529 0.0000000000
89933  50.904  -25.823  22.959 0.0000000000
89934  49.913  -25.768  23.010 0.0000000000
79298  46.726  -33.526  36.274 0.0000000000
80497  47.233  -32.938  36.283 0.0000000000
79252  47.525  -33.592  37.859 0.0000000000
39469  10.374  -65.141  46.894 0.0000000000
57468  33.202  -50.793  40.849 0.0000000000
58718  33.729  -50.167  41.032 0.0000000000
57448  33.499  -50.624  41.621 0.0000000000
57387  32.888  -49.914  45.704 0.0000000000
58648  33.108  -49.421  45.816 0.0000000000
59842  33.383  -48.554  46.802 0.0000000000
59834  33.068  -48.735  47.412 0.0000000000
53584  26.424  -54.638  47.592 0.0000000000
52314  26.349  -55.318  48.248 0.0000000000
52321  26.319  -55.443  47.413 0.0000000000
51027  25.403  -56.439  46.314 0.0000000000
49760  24.792  -56.577  46.429 0.0000000000
49761  23.963  -56.535  46.309 0.0000000000
51045  23.868  -56.594  45.194 0.0000000000
56247  25.784  -53.111  42.301 0.0000000000
56246  26.242  -52.808  42.588 0.0000000000
56230  26.450  -52.916  43.698 0.0000000000
56211  26.245  -53.367  44.089 0.0000000000
53615  26.184  -54.335  45.450 0.0000000000
54893  26.307  -53.741  45.770 0.0000000000
53598  26.247  -54.287  46.510 0.0000000000
54852  26.385  -53.984  48.203 0.0000000000
52234  22.758  -55.570  54.056 0.0000000000
93864  59.367  -23.894  22.283 0.0000000000
93841  59.891  -23.504  22.648 0.0000000000
93842  59.102  -23.328  22.560 0.0000000000
95087  59.119  -22.843  23.170 0.0000000000
95068  59.751  -23.201  23.712 0.0000000000
93802  59.428  -23.402  24.302 0.0000000000
88530  57.241  -26.699  27.219 0.0000000000
88512  57.497  -27.004  28.156 0.0000000000
88483  58.687  -26.576  29.827 0.0000000000
87266  46.090  -28.040  24.994 0.0000000000
87265  47.128  -27.999  25.017 0.0000000000
85924  46.761  -28.713  25.449 0.0000000000
84515  48.741  -30.190  27.382 0.0000000000
84514  49.715  -29.905  27.455 0.0000000000
73995  39.447  -37.446  33.983 0.0000000000
73978  40.183  -37.502  34.917 0.0000000000
73965  40.590  -37.539  35.812 0.0000000000
72487  42.393  -38.243  38.757 0.0000000000
73953  41.509  -37.814  38.026 0.0000000000
73935  42.549  -37.781  39.287 0.0000000000
75384  42.538  -37.037  39.401 0.0000000000
73922  43.142  -37.497  40.351 0.0000000000
64853  37.333  -45.760  48.299 0.0000000000
64877  37.604  -45.906  47.465 0.0000000000
64812  37.553  -45.561  49.738 0.0000000000
64774  38.772  -45.668  50.813 0.0000000000
64811  38.556  -45.484  49.911 0.0000000000
64789  39.184  -45.375  50.597 0.0000000000
66091  39.591  -45.302  48.571 0.0000000000
66054  39.498  -45.085  50.040 0.0000000000
96432  53.964  -21.036  19.799 0.0000000000
96440  54.162  -20.693  19.414 0.0000000000
93888  55.919  -23.129  20.190 0.0000000000
93891  55.794  -22.935  19.349 0.0000000000
93890  56.144  -23.294  19.054 0.0000000000
92609  56.396  -23.571  19.564 0.0000000000
92608  57.006  -23.909  19.498 0.0000000000
93866  57.549  -23.422  21.692 0.0000000000
92577  57.865  -23.918  21.290 0.0000000000
95190  62.599  -21.438  15.668 0.0000000000
96481  62.894  -20.759  15.326 0.0000000000
95176  63.102  -21.563  15.245 0.0000000000
95175  63.453  -21.704  15.113 0.0000000000
93911  63.152  -22.456  15.491 0.0000000000
93898  63.420  -23.142  15.526 0.0000000000
93913  61.578  -22.337  16.363 0.0000000000
92631  61.986  -23.307  16.164 0.0000000000
53570  31.828  -53.763  48.459 0.0000000000
54849  32.521  -52.942  48.156 0.0000000000
54836  32.222  -53.042  49.270 0.0000000000
58549  31.705  -51.040  53.695 0.0000000000
57314  31.829  -51.026  52.546 0.0000000000
58548  31.890  -50.574  53.498 0.0000000000
59743  32.437  -50.180  53.251 0.0000000000
58522  33.394  -50.930  54.525 0.0000000000
50981  18.706  -56.471  50.845 0.0000000000
50982  18.303  -56.749  51.297 0.0000000000
49679  17.656  -57.067  53.151 0.0000000000
49694  17.808  -57.006  52.268 0.0000000000
49664  17.429  -56.870  53.868 0.0000000000
49647  17.837  -57.287  54.421 0.0000000000
49654  17.483  -56.985  54.251 0.0000000000
48445  16.257  -58.747  51.903 0.0000000000
48432  15.940  -58.492  53.051 0.0000000000
95112  54.555  -22.581  21.614 0.0000000000
93846  54.759  -22.942  21.997 0.0000000000
93868  54.144  -22.842  21.619 0.0000000000
91253  53.602  -24.455  22.293 0.0000000000
91252  54.479  -24.533  22.565 0.0000000000
91238  55.002  -24.879  23.016 0.0000000000
91255  51.860  -24.646  22.182 0.0000000000
91267  52.193  -24.172  21.950 0.0000000000
89953  52.354  -25.200  22.555 0.0000000000
88580  53.623  -26.628  24.291 0.0000000000
88600  54.023  -26.179  23.846 0.0000000000
88579  54.476  -26.405  24.371 0.0000000000
89917  55.019  -25.831  23.986 0.0000000000
88578  55.367  -26.278  24.737 0.0000000000
88565  55.577  -26.825  25.660 0.0000000000
87239  54.656  -27.850  26.684 0.0000000000
87238  55.609  -27.518  26.873 0.0000000000
87204  56.163  -27.988  28.401 0.0000000000
85868  55.073  -28.331  27.973 0.0000000000
83156  46.579  -31.105  29.628 0.0000000000
84430  47.301  -31.173  33.342 0.0000000000
84429  47.907  -31.035  33.624 0.0000000000
81783  47.703  -32.075  36.316 0.0000000000
83045  47.227  -31.454  35.444 0.0000000000
81767  48.217  -31.863  36.894 0.0000000000
83043  48.493  -30.440  36.519 0.0000000000
84370  48.902  -29.847  36.728 0.0000000000
85745  48.569  -30.058  35.841 0.0000000000
85725  49.337  -29.394  36.841 0.0000000000
67492  40.681  -42.825  36.062 0.0000000000
67516  41.001  -41.878  35.898 0.0000000000
67491  41.112  -42.268  36.672 0.0000000000
97627  52.429  -19.466  19.883 0.0000000000
97626  53.200  -19.826  19.700 0.0000000000
96434  52.897  -20.487  20.187 0.0000000000
95145  53.476  -21.349  20.541 0.0000000000
97642  61.561  -18.976  18.092 0.0000000000
41974  13.444  -62.663  46.734 0.0000000000
41962  13.359  -62.864  47.380 0.0000000000
41963  12.861  -63.273  47.435 0.0000000000
40715  12.211  -63.946  49.260 0.0000000000
41942  12.190  -63.651  49.701 0.0000000000
41921  11.504  -63.487  51.008 0.0000000000
40707  11.357  -63.826  50.538 0.0000000000
39437  10.056  -65.311  49.585 0.0000000000
85901  45.388  -29.303  26.035 0.0000000000
85902  44.443  -29.118  26.080 0.0000000000
85881  43.094  -29.580  26.376 0.0000000000
84494  45.220  -30.540  28.305 0.0000000000
84495  44.107  -30.604  27.984 0.0000000000
81887  44.424  -31.946  29.330 0.0000000000
81874  44.736  -31.987  30.086 0.0000000000
80643  42.581  -32.689  28.512 0.0000000000
80605  43.072  -33.148  30.240 0.0000000000
79353  44.133  -33.360  32.307 0.0000000000
80585  43.772  -32.981  31.269 0.0000000000
80566  44.108  -33.102  31.921 0.0000000000
80565  44.600  -32.668  32.444 0.0000000000
80526  45.441  -33.132  33.973 0.0000000000
78073  45.145  -35.109  35.815 0.0000000000
78072  45.663  -34.829  36.281 0.0000000000
76772  46.009  -35.462  37.243 0.0000000000
76737  47.035  -35.534  38.715 0.0000000000
75394  46.536  -36.126  38.341 0.0000000000
62402  35.294  -47.456  40.930 0.0000000000
59897  34.034  -49.621  41.366 0.0000000000
61091  33.944  -48.992  40.690 0.0000000000
61068  34.364  -49.125  41.756 0.0000000000
62335  34.918  -47.269  45.225 0.0000000000
62365  34.790  -47.833  43.714 0.0000000000
62349  35.061  -47.448  44.450 0.0000000000
62364  35.361  -47.495  43.291 0.0000000000
63686  35.849  -46.531  45.890 0.0000000000
64903  36.227  -46.368  46.944 0.0000000000
64855  35.869  -45.972  48.634 0.0000000000
59800  36.160  -47.694  48.301 0.0000000000
60945  36.398  -46.868  49.975 0.0000000000
59818  36.890  -47.695  47.843 0.0000000000
58597  37.226  -47.783  47.203 0.0000000000
58614  36.981  -48.175  46.679 0.0000000000
57347  32.120  -50.948  48.631 0.0000000000
58586  31.927  -50.170  49.553 0.0000000000
59762  33.691  -49.872  51.472 0.0000000000
60931  32.738  -48.697  51.089 0.0000000000
60930  33.330  -48.823  50.870 0.0000000000
60929  33.617  -49.068  50.660 0.0000000000
58577  33.926  -49.774  50.182 0.0000000000
56205  35.363  -51.432  45.401 0.0000000000
56185  35.046  -51.693  46.021 0.0000000000
57368  35.196  -50.697  45.893 0.0000000000
57345  34.767  -50.117  47.439 0.0000000000
58632  35.268  -50.118  46.328 0.0000000000
58616  35.233  -49.692  46.786 0.0000000000
57367  35.613  -50.232  45.369 0.0000000000
58658  36.639  -49.862  43.596 0.0000000000
58674  38.256  -49.174  43.227 0.0000000000
50960  28.661  -55.982  50.818 0.0000000000
49692  27.951  -56.394  50.926 0.0000000000
50938  27.451  -55.853  51.357 0.0000000000
52253  26.242  -55.553  52.220 0.0000000000
50915  26.062  -56.263  52.788 0.0000000000
50916  25.537  -56.083  53.035 0.0000000000
52254  25.424  -55.728  52.737 0.0000000000
52306  25.720  -55.906  49.563 0.0000000000
50961  24.069  -56.146  51.500 0.0000000000
52255  24.308  -55.882  52.984 0.0000000000
50939  24.074  -55.971  52.455 0.0000000000
50940  23.384  -55.942  52.274 0.0000000000
50977  22.166  -55.673  50.637 0.0000000000
50992  21.722  -55.605  49.766 0.0000000000
52307  21.236  -55.511  49.993 0.0000000000
52316  21.050  -55.656  49.144 0.0000000000
51079  23.228  -56.386  43.242 0.0000000000
51121  20.442  -56.000  41.644 0.0000000000
51082  20.711  -56.550  43.766 0.0000000000
51048  21.072  -56.173  45.694 0.0000000000
51032  20.280  -56.411  47.050 0.0000000000
51019  19.370  -56.569  48.348 0.0000000000
51007  19.110  -56.416  49.248 0.0000000000
49752  19.044  -57.212  47.755 0.0000000000
48496  18.110  -58.159  47.490 0.0000000000
48486  17.760  -58.002  48.499 0.0000000000
48508  17.747  -58.712  46.900 0.0000000000
48554  17.407  -58.443  43.382 0.0000000000
48535  18.307  -58.370  44.298 0.0000000000
47252  17.193  -59.300  45.188 0.0000000000
47240  16.668  -59.603  46.755 0.0000000000
45952  15.551  -60.502  45.039 0.0000000000
44521  15.416  -61.329  47.223 0.0000000000
44536  14.047  -61.767  45.323 0.0000000000
43254  13.421  -61.800  44.947 0.0000000000
56320  31.028  -51.874  39.211 0.0000000000
56304  31.561  -52.239  40.019 0.0000000000
54964  32.021  -52.807  41.432 0.0000000000
54965  30.976  -53.102  41.511 0.0000000000
56322  28.583  -52.010  39.524 0.0000000000
56306  29.103  -52.581  40.296 0.0000000000
54926  29.537  -53.738  43.418 0.0000000000
54946  29.751  -53.496  42.553 0.0000000000
53651  30.440  -53.866  43.704 0.0000000000
53665  31.001  -53.748  43.115 0.0000000000
53633  31.001  -54.036  44.633 0.0000000000
53596  31.381  -54.216  46.485 0.0000000000
53614  30.613  -54.309  45.582 0.0000000000
53583  30.222  -54.366  47.882 0.0000000000
54862  29.334  -54.175  48.190 0.0000000000
53561  30.006  -53.902  49.797 0.0000000000
54850  29.321  -53.954  49.175 0.0000000000
56190  27.328  -53.399  46.335 0.0000000000
56170  27.690  -53.443  47.149 0.0000000000
56152  27.638  -53.461  48.118 0.0000000000
56127  27.738  -53.313  50.162 0.0000000000
56113  28.435  -53.177  50.782 0.0000000000
56099  28.954  -52.766  51.856 0.0000000000
54779  28.897  -52.813  53.639 0.0000000000
56088  28.120  -52.756  52.926 0.0000000000
52251  28.636  -54.524  52.304 0.0000000000
50937  28.656  -55.313  51.345 0.0000000000
50959  29.333  -55.771  51.047 0.0000000000
48425  27.637  -58.168  52.404 0.0000000000
50896  19.305  -55.947  53.657 0.0000000000
52237  19.732  -55.829  53.726 0.0000000000
50866  19.960  -56.747  54.633 0.0000000000
43208  13.458  -62.507  49.498 0.0000000000
43186  13.021  -61.789  51.652 0.0000000000
43155  12.340  -61.981  53.428 0.0000000000
44443  12.481  -61.291  52.911 0.0000000000
44425  12.915  -61.400  53.730 0.0000000000
44424  13.491  -60.943  54.041 0.0000000000
41883  13.589  -61.753  54.035 0.0000000000
95084  61.653  -23.518  23.147 0.0000000000
93820  62.553  -23.751  23.055 0.0000000000
92540  62.722  -24.068  23.248 0.0000000000
89894  62.460  -25.908  24.704 0.0000000000
93825  56.813  -23.240  23.122 0.0000000000
92543  56.904  -23.690  23.554 0.0000000000
91214  58.288  -24.387  25.161 0.0000000000
92521  58.438  -23.759  24.484 0.0000000000
92500  58.917  -24.102  25.347 0.0000000000
93785  59.428  -23.851  25.547 0.0000000000
92484  59.853  -23.949  26.465 0.0000000000
89842  58.772  -25.722  27.932 0.0000000000
91165  58.520  -25.247  27.030 0.0000000000
91155  59.356  -25.357  28.239 0.0000000000
91153  60.346  -25.371  28.516 0.0000000000
89841  61.184  -25.892  28.392 0.0000000000
91161  60.778  -25.339  27.851 0.0000000000
87220  61.199  -26.547  27.791 0.0000000000
88606  48.469  -26.379  23.419 0.0000000000
89936  47.946  -25.770  22.982 0.0000000000
88605  49.447  -26.367  23.453 0.0000000000
88584  49.955  -26.871  23.992 0.0000000000
85922  48.735  -28.604  25.492 0.0000000000
85921  49.705  -28.527  25.495 0.0000000000
85895  51.217  -28.675  26.174 0.0000000000
85920  50.625  -28.383  25.536 0.0000000000
85919  51.482  -28.223  25.558 0.0000000000
85894  52.238  -28.371  26.148 0.0000000000
85835  54.096  -29.270  28.991 0.0000000000
85853  53.674  -29.004  28.255 0.0000000000
85834  54.931  -29.201  29.475 0.0000000000
83154  48.280  -31.160  29.513 0.0000000000
83122  50.109  -31.325  31.118 0.0000000000
83135  50.292  -30.914  30.147 0.0000000000
83134  50.785  -30.640  30.095 0.0000000000
83121  50.977  -30.992  30.583 0.0000000000
84444  52.772  -30.150  31.285 0.0000000000
84453  53.504  -29.916  30.367 0.0000000000
76844  40.541  -36.035  32.475 0.0000000000
78138  41.584  -35.529  31.550 0.0000000000
76843  41.410  -35.956  32.422 0.0000000000
76777  40.858  -36.166  35.977 0.0000000000
76788  41.135  -36.037  35.725 0.0000000000
76786  42.490  -36.687  36.740 0.0000000000
76798  42.168  -36.657  35.866 0.0000000000
75436  42.971  -36.912  35.726 0.0000000000
75450  42.888  -36.642  34.685 0.0000000000
75435  44.043  -36.707  35.864 0.0000000000
75360  45.162  -36.555  40.229 0.0000000000
75337  46.296  -36.634  40.940 0.0000000000
75358  46.623  -36.669  40.225 0.0000000000
76693  46.719  -36.414  41.582 0.0000000000
64938  38.477  -46.220  44.793 0.0000000000
63752  38.319  -46.577  41.840 0.0000000000
63717  38.874  -46.152  43.525 0.0000000000
65000  39.713  -45.450  40.497 0.0000000000
65015  39.627  -45.460  39.445 0.0000000000
65031  40.135  -44.810  38.962 0.0000000000
66224  40.477  -44.388  39.279 0.0000000000
66193  41.563  -43.444  41.700 0.0000000000
67428  41.206  -43.280  40.130 0.0000000000
67427  41.594  -42.692  40.520 0.0000000000
67435  41.795  -42.222  39.614 0.0000000000
68712  42.092  -41.960  41.174 0.0000000000
58611  41.188  -48.324  46.576 0.0000000000
59830  40.563  -47.835  47.233 0.0000000000
59829  41.236  -47.801  47.678 0.0000000000
60940  41.268  -46.307  50.764 0.0000000000
62243  40.859  -46.458  50.474 0.0000000000
63541  40.769  -45.296  51.606 0.0000000000
66033  40.365  -44.464  50.858 0.0000000000
66017  40.873  -44.509  51.349 0.0000000000
67315  42.767  -43.001  49.411 0.0000000000
67300  42.194  -43.219  50.527 0.0000000000
67330  42.909  -43.087  48.297 0.0000000000
66088  42.310  -43.820  47.911 0.0000000000
67350  42.904  -43.295  46.429 0.0000000000
67357  42.858  -43.138  45.598 0.0000000000
69848  42.986  -41.206  44.142 0.0000000000
68684  42.597  -41.773  43.488 0.0000000000
69874  42.829  -40.953  42.400 0.0000000000
68718  42.659  -41.257  40.985 0.0000000000
69889  43.063  -40.678  41.695 0.0000000000
73859  44.634  -38.218  43.709 0.0000000000
72449  44.084  -38.637  42.286 0.0000000000
73876  44.552  -37.961  42.862 0.0000000000
75321  43.762  -37.186  42.569 0.0000000000
75310  44.232  -37.316  43.139 0.0000000000
72363  44.590  -39.045  47.586 0.0000000000
73794  44.760  -38.343  47.818 0.0000000000
76615  45.024  -36.696  46.031 0.0000000000
77923  45.120  -36.417  44.767 0.0000000000
76657  44.479  -36.756  43.542 0.0000000000
77922  45.215  -36.053  44.434 0.0000000000
77940  45.114  -36.126  43.555 0.0000000000
96450  54.962  -20.508  18.535 0.0000000000
97650  55.040  -19.331  18.365 0.0000000000
96449  56.108  -20.526  18.118 0.0000000000
95162  59.363  -21.501  17.470 0.0000000000
95153  60.159  -20.929  17.711 0.0000000000
92618  59.767  -23.634  17.060 0.0000000000
89990  60.097  -25.085  17.472 0.0000000000
91301  58.278  -24.652  19.288 0.0000000000
91305  58.503  -24.676  18.551 0.0000000000
91298  61.468  -25.519  19.703 0.0000000000
89980  61.259  -26.055  18.690 0.0000000000
88658  62.344  -26.492  18.706 0.0000000000
88656  63.733  -26.458  19.540 0.0000000000
97690  63.411  -19.853  14.758 0.0000000000
97702  63.544  -19.884  14.343 0.0000000000
96503  63.777  -20.597  13.724 0.0000000000
92628  63.793  -23.983  15.243 0.0000000000
45865  15.443  -60.575  49.506 0.0000000000
44485  14.384  -61.223  50.962 0.0000000000
78023  47.512  -34.774  38.865 0.0000000000
79233  47.448  -34.241  38.354 0.0000000000
78004  48.087  -34.760  39.510 0.0000000000
56242  33.111  -51.593  42.898 0.0000000000
56226  33.008  -51.640  44.085 0.0000000000
57370  32.659  -50.550  46.313 0.0000000000
52340  26.136  -55.174  45.175 0.0000000000
51043  26.031  -55.484  45.967 0.0000000000
54948  25.456  -53.476  41.927 0.0000000000
54910  25.899  -53.717  43.867 0.0000000000
53616  25.989  -54.399  44.487 0.0000000000
52275  21.844  -55.417  52.720 0.0000000000
52210  22.245  -55.629  54.514 0.0000000000
52258  21.427  -55.379  53.311 0.0000000000
52211  21.331  -55.641  54.458 0.0000000000
50864  21.369  -56.458  54.867 0.0000000000
95126  57.880  -23.288  22.205 0.0000000000
95088  58.232  -22.595  23.144 0.0000000000
87203  56.813  -27.714  28.602 0.0000000000
88475  58.278  -27.345  30.896 0.0000000000
85900  46.434  -29.257  26.081 0.0000000000
85899  47.408  -29.012  26.233 0.0000000000
85877  47.098  -29.624  26.846 0.0000000000
84516  47.766  -29.989  27.586 0.0000000000
84491  48.489  -30.492  28.184 0.0000000000
71169  40.904  -39.314  35.433 0.0000000000
72515  41.088  -38.276  36.801 0.0000000000
71141  41.575  -38.694  36.827 0.0000000000
72500  42.673  -38.790  38.449 0.0000000000
72486  42.963  -38.549  39.194 0.0000000000
60944  37.541  -46.657  50.388 0.0000000000
60928  38.108  -46.460  50.703 0.0000000000
59782  38.833  -46.746  49.631 0.0000000000
59771  39.123  -46.517  50.280 0.0000000000
93887  56.327  -23.077  20.824 0.0000000000
92603  56.483  -23.478  20.401 0.0000000000
92579  56.650  -23.332  20.910 0.0000000000
93867  56.798  -23.238  21.366 0.0000000000
93914  60.863  -22.248  16.729 0.0000000000
53548  31.332  -53.654  50.414 0.0000000000
54824  31.915  -53.102  50.288 0.0000000000
54810  31.633  -53.153  51.369 0.0000000000
57304  31.729  -51.683  53.264 0.0000000000
58538  31.599  -51.225  54.090 0.0000000000
49721  17.922  -57.268  50.453 0.0000000000
48470  17.487  -57.663  50.123 0.0000000000
49713  17.334  -57.591  51.434 0.0000000000
49695  17.208  -57.575  52.581 0.0000000000
47112  15.055  -59.276  53.873 0.0000000000
48419  15.471  -58.847  53.603 0.0000000000
92580  53.743  -23.098  21.664 0.0000000000
92581  53.235  -23.261  21.650 0.0000000000
92561  53.079  -23.906  21.956 0.0000000000
88602  52.356  -26.306  23.541 0.0000000000
87284  54.026  -27.022  24.930 0.0000000000
87240  53.801  -27.857  26.244 0.0000000000
83140  45.628  -31.689  30.973 0.0000000000
83126  46.317  -31.475  31.635 0.0000000000
84431  46.627  -31.345  33.029 0.0000000000
84417  46.834  -31.040  33.774 0.0000000000
81752  48.954  -31.772  37.732 0.0000000000
40739  12.508  -63.478  46.842 0.0000000000
40731  12.383  -63.801  47.444 0.0000000000
40725  11.791  -64.410  48.813 0.0000000000
83188  43.268  -30.789  27.561 0.0000000000
84496  43.555  -30.688  27.709 0.0000000000
81888  43.755  -32.082  28.726 0.0000000000
80606  42.447  -33.508  29.960 0.0000000000
79340  44.258  -33.791  32.934 0.0000000000
79315  44.917  -34.339  34.637 0.0000000000
78103  44.184  -34.469  33.714 0.0000000000
78090  44.391  -34.845  34.419 0.0000000000
76796  44.683  -35.827  35.604 0.0000000000
61137  34.063  -48.353  39.053 0.0000000000
61023  34.114  -48.616  44.845 0.0000000000
61035  34.443  -48.215  44.182 0.0000000000
61012  34.342  -47.849  45.698 0.0000000000
63675  34.606  -47.073  47.271 0.0000000000
63654  34.961  -46.634  47.712 0.0000000000
64856  35.374  -46.240  48.816 0.0000000000
63580  35.656  -46.877  49.658 0.0000000000
60963  35.533  -47.438  49.372 0.0000000000
58583  35.834  -47.914  47.946 0.0000000000
60916  32.114  -49.340  52.039 0.0000000000
59774  31.819  -49.064  51.296 0.0000000000
59753  33.167  -49.929  52.537 0.0000000000
57312  34.130  -50.777  51.688 0.0000000000
57322  34.140  -50.767  51.140 0.0000000000
56224  35.704  -52.197  44.303 0.0000000000
57404  35.686  -50.852  44.008 0.0000000000
52252  27.197  -55.127  51.588 0.0000000000
53519  27.158  -54.513  51.704 0.0000000000
53527  26.245  -54.906  51.681 0.0000000000
49731  24.751  -56.454  48.692 0.0000000000
50989  25.146  -56.371  49.455 0.0000000000
51101  21.212  -56.345  42.782 0.0000000000
51049  20.515  -56.611  45.983 0.0000000000
49762  19.242  -57.402  46.714 0.0000000000
49763  18.814  -57.870  46.041 0.0000000000
45951  16.162  -59.918  45.104 0.0000000000
56335  30.516  -51.657  38.596 0.0000000000
56305  30.471  -52.632  40.381 0.0000000000
56286  27.396  -52.351  41.184 0.0000000000
56285  28.482  -52.727  41.646 0.0000000000
54947  28.932  -53.353  42.695 0.0000000000
54908  29.264  -53.959  44.343 0.0000000000
54891  29.335  -54.177  45.649 0.0000000000
54877  28.588  -53.958  46.512 0.0000000000
54863  28.614  -53.995  47.514 0.0000000000
56172  26.670  -53.654  47.579 0.0000000000
56153  27.152  -53.471  48.410 0.0000000000
56140  27.181  -53.427  49.474 0.0000000000
56128  27.229  -53.262  50.440 0.0000000000
56101  27.357  -53.195  51.941 0.0000000000
54791  27.311  -53.669  52.044 0.0000000000
43187  12.020  -62.764  51.362 0.0000000000
43163  11.618  -62.499  52.650 0.0000000000
43156  11.786  -62.448  53.044 0.0000000000
92542  61.813  -23.794  24.184 0.0000000000
92516  62.417  -24.381  23.873 0.0000000000
89914  62.368  -25.474  24.728 0.0000000000
87250  61.689  -26.700  25.824 0.0000000000
87233  61.201  -27.056  26.640 0.0000000000
91236  56.440  -24.521  23.655 0.0000000000
91235  57.106  -24.241  23.963 0.0000000000
91195  58.542  -24.569  25.905 0.0000000000
91131  59.795  -26.060  29.375 0.0000000000
91147  59.885  -25.624  28.869 0.0000000000
88586  48.014  -26.878  23.963 0.0000000000
85874  49.996  -29.354  26.801 0.0000000000
85873  50.877  -29.071  26.878 0.0000000000
84511  51.999  -29.024  27.480 0.0000000000
85871  52.555  -28.792  27.230 0.0000000000
84486  53.058  -29.334  28.299 0.0000000000
83106  49.224  -31.619  32.265 0.0000000000
83123  49.123  -31.475  31.124 0.0000000000
81830  50.088  -31.571  31.995 0.0000000000
83105  50.260  -31.492  32.158 0.0000000000
84426  54.161  -29.318  32.379 0.0000000000
78122  40.004  -35.867  31.990 0.0000000000
76764  42.025  -36.052  38.300 0.0000000000
76774  42.826  -36.241  37.835 0.0000000000
76773  43.451  -36.643  38.453 0.0000000000
75410  43.894  -36.950  37.769 0.0000000000
76762  43.928  -36.579  39.154 0.0000000000
76738  44.855  -36.477  40.043 0.0000000000
76695  45.177  -36.404  41.378 0.0000000000
64917  39.679  -45.244  45.382 0.0000000000
64954  39.428  -45.616  43.767 0.0000000000
64936  39.913  -45.198  44.510 0.0000000000
64971  40.415  -45.044  42.596 0.0000000000
64985  40.759  -44.825  41.738 0.0000000000
65013  40.814  -44.336  40.425 0.0000000000
64970  41.276  -44.759  42.511 0.0000000000
64969  41.759  -44.159  42.555 0.0000000000
66177  41.819  -43.501  42.525 0.0000000000
59814  41.748  -47.805  48.243 0.0000000000
60974  41.823  -47.031  49.697 0.0000000000
60923  41.625  -46.034  51.041 0.0000000000
68617  43.396  -42.361  47.516 0.0000000000
68632  43.193  -42.244  46.330 0.0000000000
68631  43.439  -41.676  46.382 0.0000000000
69835  43.502  -40.788  44.757 0.0000000000
71051  43.937  -40.195  44.291 0.0000000000
71064  43.852  -39.978  43.411 0.0000000000
72419  44.379  -39.270  44.278 0.0000000000
95163  58.259  -21.749  17.529 0.0000000000
92600  59.308  -24.581  20.858 0.0000000000
91285  59.807  -24.979  20.122 0.0000000000
91284  60.811  -25.105  20.269 0.0000000000
91297  62.389  -25.315  19.952 0.0000000000
95214  64.038  -21.652  13.637 0.0000000000
93955  64.096  -22.714  13.016 0.0000000000
91322  63.320  -24.145  16.048 0.0000000000
88675  63.938  -27.164  17.042 0.0000000000
56062  30.216  -52.552  54.229 0.0000000000
56049  30.367  -52.721  54.629 0.0000000000
53476  30.296  -53.383  54.711 0.0000000000
52203  30.895  -53.988  54.152 0.0000000000
50934  31.513  -55.251  52.204 0.0000000000
47177  16.617  -58.766  49.984 0.0000000000
47194  16.420  -59.155  49.543 0.0000000000
47178  16.239  -59.227  50.262 0.0000000000
47164  15.746  -59.453  51.283 0.0000000000
45822  15.352  -59.985  50.920 0.0000000000
47165  15.405  -59.663  51.911 0.0000000000
47125  14.708  -59.765  53.482 0.0000000000
47102  14.632  -59.638  54.023 0.0000000000
45758  14.116  -59.771  54.179 0.0000000000
91256  50.948  -24.636  22.060 0.0000000000
88603  51.388  -26.352  23.486 0.0000000000
81792  46.268  -32.434  34.716 0.0000000000
81800  46.042  -31.895  34.324 0.0000000000
80509  46.922  -32.652  35.582 0.0000000000
80496  47.690  -32.565  36.768 0.0000000000
80455  48.321  -32.845  38.072 0.0000000000
79232  48.059  -33.779  38.860 0.0000000000
80436  48.613  -32.998  38.780 0.0000000000
40733  10.890  -64.913  47.059 0.0000000000
38157  9.474  -65.868  48.036 0.0000000000
38145  9.645  -65.824  48.969 0.0000000000
38137  9.305  -65.962  49.553 0.0000000000
79364  42.685  -34.267  31.376 0.0000000000
78137  42.435  -35.072  31.755 0.0000000000
59878  34.069  -49.594  42.449 0.0000000000
58659  33.386  -49.890  44.143 0.0000000000
59857  33.731  -49.224  44.568 0.0000000000
59849  33.444  -48.842  45.752 0.0000000000
60996  33.505  -48.210  47.433 0.0000000000
62245  33.873  -47.441  49.520 0.0000000000
54839  26.401  -53.956  49.200 0.0000000000
53562  26.227  -54.503  49.598 0.0000000000
52305  26.096  -55.352  49.262 0.0000000000
51001  26.080  -55.952  48.577 0.0000000000
51026  25.850  -55.988  46.726 0.0000000000
49749  25.549  -56.407  47.515 0.0000000000
49740  25.112  -56.519  48.105 0.0000000000
49750  24.878  -56.554  47.351 0.0000000000
49751  24.099  -56.514  47.109 0.0000000000
51014  23.308  -56.396  46.743 0.0000000000
49803  18.556  -57.290  42.708 0.0000000000
49790  18.239  -57.781  43.076 0.0000000000
57450  26.239  -52.454  41.269 0.0000000000
56245  26.842  -52.514  43.010 0.0000000000
56228  27.372  -53.163  44.669 0.0000000000
56191  26.777  -53.496  46.271 0.0000000000
93862  61.273  -24.082  22.312 0.0000000000
93840  60.675  -23.683  22.657 0.0000000000
95105  61.154  -23.593  22.804 0.0000000000
95085  60.873  -23.374  23.284 0.0000000000
95107  59.474  -23.108  22.875 0.0000000000
95086  60.013  -23.170  23.258 0.0000000000
93822  61.429  -23.540  23.901 0.0000000000
93800  61.171  -23.603  24.372 0.0000000000
92519  61.017  -23.890  24.954 0.0000000000
92498  60.703  -23.969  25.475 0.0000000000
89875  56.703  -26.289  25.893 0.0000000000
89874  57.294  -25.880  26.078 0.0000000000
89829  58.929  -26.102  28.946 0.0000000000
88497  58.155  -26.882  29.260 0.0000000000
88496  58.591  -26.475  29.279 0.0000000000
89811  59.344  -26.320  29.836 0.0000000000
85898  48.383  -28.991  26.207 0.0000000000
84467  50.866  -30.020  29.098 0.0000000000
85761  49.884  -29.420  35.726 0.0000000000
84399  50.381  -30.181  34.602 0.0000000000
75452  39.397  -36.689  33.630 0.0000000000
76802  39.738  -36.251  33.881 0.0000000000
75438  40.379  -36.786  34.811 0.0000000000
75425  40.757  -36.757  35.783 0.0000000000
75412  40.949  -36.572  36.868 0.0000000000
73954  41.112  -37.422  37.467 0.0000000000
75399  41.207  -36.449  38.021 0.0000000000
75398  41.981  -36.696  38.660 0.0000000000
76715  42.855  -36.723  39.920 0.0000000000
63701  36.871  -46.543  44.761 0.0000000000
63719  37.117  -46.584  43.654 0.0000000000
63700  37.646  -46.494  44.410 0.0000000000
64919  38.227  -46.178  45.777 0.0000000000
64900  38.696  -45.657  46.403 0.0000000000
64832  38.055  -45.561  49.015 0.0000000000
64876  38.438  -45.644  47.233 0.0000000000
64918  38.948  -45.617  45.533 0.0000000000
64899  39.453  -45.332  46.200 0.0000000000
66132  40.079  -45.198  46.856 0.0000000000
66114  40.728  -44.871  47.612 0.0000000000
95158  54.998  -21.398  18.760 0.0000000000
93895  55.711  -22.295  18.514 0.0000000000
93894  56.355  -22.920  18.505 0.0000000000
92612  56.979  -23.727  18.777 0.0000000000
91302  57.499  -24.250  19.399 0.0000000000
91287  57.982  -24.505  19.954 0.0000000000
92601  58.312  -24.393  20.699 0.0000000000
92575  59.805  -24.384  21.676 0.0000000000
98811  63.120  -19.061  15.071 0.0000000000
97680  62.643  -19.734  15.663 0.0000000000
96480  63.376  -20.855  14.896 0.0000000000
95188  63.786  -21.794  14.822 0.0000000000
93925  64.011  -22.743  14.676 0.0000000000
93897  63.515  -23.448  15.485 0.0000000000
91309  63.286  -23.684  15.764 0.0000000000
92630  62.815  -23.290  15.867 0.0000000000
89999  62.066  -24.976  16.505 0.0000000000
53595  32.122  -53.561  46.213 0.0000000000
54874  32.704  -52.509  46.294 0.0000000000
56150  32.445  -52.020  48.946 0.0000000000
57340  31.990  -51.198  49.616 0.0000000000
56125  32.087  -52.294  50.952 0.0000000000
57333  31.781  -50.707  51.167 0.0000000000
58573  31.634  -50.101  51.420 0.0000000000
59755  32.058  -49.829  52.639 0.0000000000
58546  33.816  -50.779  53.410 0.0000000000
56048  31.015  -52.213  54.587 0.0000000000
57276  31.480  -51.764  54.851 0.0000000000
57274  32.590  -51.469  54.953 0.0000000000
54754  33.350  -52.378  54.626 0.0000000000
57273  33.234  -51.393  54.770 0.0000000000
51097  24.581  -55.337  41.815 0.0000000000
50980  19.383  -56.079  50.656 0.0000000000
50942  19.648  -55.818  51.818 0.0000000000
50965  19.247  -56.020  51.451 0.0000000000
50921  18.724  -56.235  53.081 0.0000000000
50967  18.215  -56.643  51.930 0.0000000000
50922  18.178  -56.624  52.836 0.0000000000
50868  18.177  -56.649  54.452 0.0000000000
48444  16.708  -58.098  52.213 0.0000000000
48418  15.825  -58.356  53.864 0.0000000000
49666  16.288  -57.980  54.161 0.0000000000
49665  16.783  -57.413  54.054 0.0000000000
93845  55.557  -22.982  22.216 0.0000000000
92558  55.839  -23.352  22.564 0.0000000000
92545  55.555  -24.087  22.864 0.0000000000
89928  55.949  -24.984  23.637 0.0000000000
89916  56.239  -25.499  24.299 0.0000000000
91254  52.713  -24.510  22.211 0.0000000000
89931  52.910  -25.700  23.080 0.0000000000
89930  54.197  -25.504  23.223 0.0000000000
88564  56.308  -26.440  25.692 0.0000000000
88548  56.502  -26.805  26.510 0.0000000000
87256  55.238  -27.373  26.229 0.0000000000
87224  56.449  -27.606  27.934 0.0000000000
84493  46.502  -30.510  28.743 0.0000000000
84472  47.024  -30.835  29.299 0.0000000000
83155  47.515  -31.145  29.712 0.0000000000
83125  47.203  -31.575  31.585 0.0000000000
83124  48.192  -31.430  31.441 0.0000000000
84415  48.476  -30.834  34.115 0.0000000000
85796  48.888  -30.320  34.616 0.0000000000
81799  46.593  -31.480  34.607 0.0000000000
83055  47.092  -31.041  35.036 0.0000000000
84401  47.159  -30.749  34.580 0.0000000000
83028  48.429  -30.989  36.684 0.0000000000
83054  47.506  -30.639  35.415 0.0000000000
84400  47.742  -30.384  34.996 0.0000000000
85783  48.179  -30.305  35.035 0.0000000000
85782  48.704  -30.175  35.095 0.0000000000
85762  49.013  -29.889  35.603 0.0000000000
85743  50.055  -29.277  36.465 0.0000000000
68784  40.933  -41.156  35.278 0.0000000000
68768  41.397  -41.385  36.494 0.0000000000
68751  42.212  -41.281  37.855 0.0000000000
58672  40.211  -49.036  43.819 0.0000000000
59855  40.427  -48.514  45.227 0.0000000000
58653  41.327  -49.197  44.922 0.0000000000
97653  61.449  -19.735  17.603 0.0000000000
43209  12.997  -62.778  49.786 0.0000000000
41952  12.754  -63.472  48.247 0.0000000000
41941  12.751  -63.226  49.419 0.0000000000
41932  12.576  -63.071  50.079 0.0000000000
43198  12.327  -62.914  50.733 0.0000000000
41922  11.084  -63.305  51.670 0.0000000000
39457  11.224  -64.710  48.466 0.0000000000
39446  11.260  -64.539  49.258 0.0000000000
40708  10.831  -64.229  50.529 0.0000000000
40697  10.432  -64.158  51.479 0.0000000000
40677  10.647  -63.934  52.391 0.0000000000
83173  45.810  -30.928  29.108 0.0000000000
83157  45.531  -31.576  29.894 0.0000000000
83128  45.284  -31.698  31.751 0.0000000000
83111  45.199  -31.712  32.091 0.0000000000
80642  43.176  -32.443  28.552 0.0000000000
81860  44.150  -32.468  30.610 0.0000000000
81847  44.410  -32.381  31.307 0.0000000000
81833  45.161  -31.929  32.419 0.0000000000
80525  45.853  -32.907  34.442 0.0000000000
79299  46.174  -33.931  35.955 0.0000000000
78079  45.426  -34.483  35.658 0.0000000000
79280  46.189  -34.402  36.521 0.0000000000
78047  46.652  -34.790  37.749 0.0000000000
76736  47.548  -35.544  39.323 0.0000000000
75356  48.238  -36.213  40.817 0.0000000000
62477  35.340  -47.248  37.403 0.0000000000
62456  35.496  -47.282  38.252 0.0000000000
62401  35.844  -47.035  40.492 0.0000000000
61118  33.592  -48.919  39.840 0.0000000000
61117  34.134  -48.483  39.741 0.0000000000
61050  34.528  -48.348  43.253 0.0000000000
62431  34.698  -47.859  40.250 0.0000000000
62381  35.336  -47.547  42.096 0.0000000000
62363  35.775  -47.269  42.577 0.0000000000
63720  36.284  -46.771  43.876 0.0000000000
63685  36.466  -46.495  45.530 0.0000000000
64878  36.815  -46.126  47.692 0.0000000000
64813  36.741  -45.843  49.472 0.0000000000
64814  36.104  -45.931  49.251 0.0000000000
63579  36.681  -46.325  49.837 0.0000000000
62215  37.055  -46.780  50.265 0.0000000000
59799  37.359  -47.422  48.582 0.0000000000
58613  37.848  -47.780  46.726 0.0000000000
58643  38.872  -48.276  45.657 0.0000000000
56187  32.606  -51.352  46.943 0.0000000000
57358  32.288  -50.668  47.534 0.0000000000
59787  31.838  -48.925  50.474 0.0000000000
60966  32.436  -48.547  49.816 0.0000000000
59820  32.415  -48.966  48.240 0.0000000000
60965  33.032  -48.290  49.592 0.0000000000
62231  33.874  -48.302  50.152 0.0000000000
60948  33.896  -48.582  50.133 0.0000000000
54847  34.613  -52.545  48.701 0.0000000000
54848  34.524  -51.837  48.390 0.0000000000
54859  34.553  -51.661  47.940 0.0000000000
56136  34.373  -51.292  48.711 0.0000000000
57339  34.251  -50.570  48.977 0.0000000000
58585  34.315  -49.246  48.869 0.0000000000
59802  34.513  -48.535  48.957 0.0000000000
58615  35.915  -48.732  46.644 0.0000000000
58646  36.463  -49.616  44.540 0.0000000000
58630  36.940  -48.608  45.873 0.0000000000
58644  38.069  -48.538  45.277 0.0000000000
58655  39.402  -48.552  44.700 0.0000000000
48460  29.073  -57.259  50.799 0.0000000000
48442  27.743  -57.476  51.652 0.0000000000
48443  27.314  -57.153  52.044 0.0000000000
49677  26.987  -56.786  52.177 0.0000000000
49662  26.609  -57.148  52.861 0.0000000000
49663  26.144  -56.911  53.435 0.0000000000
50894  25.464  -56.578  53.779 0.0000000000
52206  24.884  -56.404  54.234 0.0000000000
53551  26.079  -54.610  50.389 0.0000000000
53552  25.692  -55.115  50.880 0.0000000000
53538  25.592  -55.202  51.483 0.0000000000
52285  25.106  -55.743  51.115 0.0000000000
52273  25.273  -55.459  52.275 0.0000000000
52231  24.991  -56.204  53.771 0.0000000000
52232  24.470  -56.191  53.744 0.0000000000
52233  23.608  -55.979  53.954 0.0000000000
50919  23.023  -55.889  52.885 0.0000000000
50941  22.499  -55.680  52.341 0.0000000000
50963  22.216  -55.602  51.566 0.0000000000
52298  21.712  -55.436  51.319 0.0000000000
52299  21.290  -55.425  50.733 0.0000000000
51077  24.801  -55.572  42.572 0.0000000000
51046  22.771  -56.418  45.267 0.0000000000
51029  22.568  -56.323  46.179 0.0000000000
51081  21.448  -56.395  43.879 0.0000000000
51047  21.862  -56.243  45.478 0.0000000000
51017  20.793  -55.968  47.820 0.0000000000
51005  20.602  -55.867  48.847 0.0000000000
50993  20.275  -55.889  49.651 0.0000000000
50994  19.594  -56.147  49.844 0.0000000000
49732  18.561  -56.831  49.648 0.0000000000
49733  18.112  -57.341  49.159 0.0000000000
48487  17.367  -58.554  48.274 0.0000000000
48521  17.866  -58.927  45.828 0.0000000000
47225  17.256  -59.096  47.504 0.0000000000
47208  16.935  -58.898  48.484 0.0000000000
45914  15.876  -60.496  47.465 0.0000000000
43242  14.789  -61.933  46.586 0.0000000000
41988  12.559  -62.620  45.563 0.0000000000
41976  11.940  -63.102  45.868 0.0000000000
57488  32.863  -50.997  39.905 0.0000000000
56282  32.779  -51.522  40.693 0.0000000000
56303  32.322  -51.784  39.974 0.0000000000
54963  32.620  -52.177  41.158 0.0000000000
54943  32.700  -52.450  42.157 0.0000000000
54924  32.263  -53.373  43.956 0.0000000000
56321  29.782  -52.083  39.129 0.0000000000
54966  30.077  -53.205  41.823 0.0000000000
53650  31.430  -53.763  43.773 0.0000000000
53612  32.074  -53.594  45.401 0.0000000000
53597  30.342  -54.382  46.710 0.0000000000
53571  31.063  -54.371  48.743 0.0000000000
53549  30.597  -53.755  50.403 0.0000000000
53535  30.383  -53.518  50.950 0.0000000000
54812  29.955  -53.270  51.312 0.0000000000
56207  27.909  -53.494  45.808 0.0000000000
56169  28.134  -53.592  46.936 0.0000000000
56138  28.121  -53.584  48.828 0.0000000000
54838  28.704  -53.664  49.473 0.0000000000
54826  28.857  -53.420  50.356 0.0000000000
54813  29.183  -53.147  51.153 0.0000000000
56098  29.714  -52.898  52.155 0.0000000000
56075  29.177  -52.708  53.689 0.0000000000
53493  29.207  -53.260  53.975 0.0000000000
52205  29.501  -54.169  54.024 0.0000000000
54780  28.481  -53.106  53.308 0.0000000000
52230  29.196  -54.364  53.408 0.0000000000
52250  29.428  -54.646  53.022 0.0000000000
50936  29.694  -55.354  51.919 0.0000000000
52260  19.808  -55.733  52.885 0.0000000000
52189  21.007  -56.037  54.693 0.0000000000
43207  14.258  -61.824  50.187 0.0000000000
44486  13.974  -61.485  51.198 0.0000000000
44471  13.298  -61.441  51.973 0.0000000000
45802  13.405  -60.704  52.784 0.0000000000
45768  13.597  -60.546  53.586 0.0000000000
45759  13.738  -60.535  53.950 0.0000000000
93860  62.393  -24.212  22.214 0.0000000000
92539  62.999  -24.598  22.892 0.0000000000
93843  57.136  -22.927  23.005 0.0000000000
95089  57.708  -22.716  23.237 0.0000000000
95070  58.192  -22.733  23.499 0.0000000000
92522  57.606  -23.690  23.944 0.0000000000
93804  58.049  -23.106  23.740 0.0000000000
93803  58.668  -23.198  23.947 0.0000000000
93784  59.837  -23.656  25.292 0.0000000000
93783  60.289  -23.766  25.633 0.0000000000
91181  58.107  -25.160  26.449 0.0000000000
91180  58.805  -24.757  26.643 0.0000000000
92472  59.205  -24.536  26.823 0.0000000000
91154  59.868  -25.203  28.394 0.0000000000
91163  59.714  -24.749  27.711 0.0000000000
92471  59.561  -24.393  26.973 0.0000000000
92470  60.071  -24.309  27.099 0.0000000000
92469  60.597  -24.619  27.010 0.0000000000
91179  61.209  -25.198  26.700 0.0000000000
88529  61.491  -26.212  27.196 0.0000000000
88583  50.901  -26.832  24.037 0.0000000000
87290  48.553  -27.517  24.394 0.0000000000
87289  49.526  -27.480  24.421 0.0000000000
87287  51.363  -27.350  24.544 0.0000000000
87260  51.778  -27.778  25.096 0.0000000000
87259  52.575  -27.760  25.367 0.0000000000
87241  53.052  -27.940  25.991 0.0000000000
85892  53.900  -28.252  26.887 0.0000000000
85870  53.448  -28.640  27.404 0.0000000000
85869  54.358  -28.427  27.568 0.0000000000
85851  55.566  -28.516  28.673 0.0000000000
85832  56.589  -28.691  30.467 0.0000000000
84470  48.293  -30.876  28.819 0.0000000000
84469  49.257  -30.837  28.919 0.0000000000
83136  49.277  -31.139  29.998 0.0000000000
84468  50.041  -30.279  28.999 0.0000000000
84413  50.821  -30.733  33.969 0.0000000000
84412  51.897  -29.894  33.424 0.0000000000
84445  51.813  -30.638  30.934 0.0000000000
84452  54.610  -29.657  30.585 0.0000000000
84451  55.334  -29.504  31.012 0.0000000000
85823  55.959  -29.147  30.911 0.0000000000
85822  56.524  -28.705  31.321 0.0000000000
78161  41.412  -34.964  30.723 0.0000000000
76842  42.335  -35.544  32.543 0.0000000000
76814  40.086  -35.982  33.571 0.0000000000
76813  40.849  -36.067  34.022 0.0000000000
76829  40.766  -35.960  33.168 0.0000000000
76787  41.783  -35.965  36.210 0.0000000000
76812  41.439  -36.511  34.369 0.0000000000
76828  41.707  -36.316  33.390 0.0000000000
75464  42.404  -36.497  33.945 0.0000000000
76827  42.802  -35.741  33.345 0.0000000000
76826  43.429  -35.563  33.763 0.0000000000
76810  43.739  -35.872  34.469 0.0000000000
75434  44.739  -36.346  36.279 0.0000000000
75421  45.295  -36.306  36.911 0.0000000000
75396  44.818  -37.039  38.815 0.0000000000
75409  45.087  -36.890  37.721 0.0000000000
75395  45.898  -36.731  38.533 0.0000000000
75336  47.168  -36.538  40.942 0.0000000000
63753  37.171  -46.993  41.382 0.0000000000
63769  39.148  -46.188  41.150 0.0000000000
63791  38.939  -46.065  40.035 0.0000000000
66269  40.441  -43.878  37.511 0.0000000000
66223  40.900  -43.878  39.687 0.0000000000
66245  41.036  -43.356  38.978 0.0000000000
67468  41.201  -42.698  37.578 0.0000000000
67447  41.499  -42.502  38.712 0.0000000000
67446  41.999  -41.967  39.094 0.0000000000
68734  42.222  -41.566  38.631 0.0000000000
59840  40.332  -48.133  46.405 0.0000000000
59797  39.697  -47.062  48.953 0.0000000000
60942  39.676  -46.464  50.683 0.0000000000
59796  40.973  -46.990  49.268 0.0000000000
60960  40.232  -46.516  50.402 0.0000000000
62199  39.652  -45.907  51.483 0.0000000000
66053  40.120  -44.400  50.143 0.0000000000
66071  40.739  -44.399  49.477 0.0000000000
66113  41.596  -44.375  47.328 0.0000000000
65999  41.744  -44.145  52.060 0.0000000000
67280  42.142  -43.257  51.532 0.0000000000
67281  41.734  -43.510  51.328 0.0000000000
66032  41.213  -43.988  51.074 0.0000000000
66070  41.546  -43.936  49.570 0.0000000000
66130  41.826  -44.417  46.382 0.0000000000
66138  42.492  -43.952  45.031 0.0000000000
66164  42.344  -43.369  43.872 0.0000000000
67387  42.330  -42.743  43.496 0.0000000000
68667  42.765  -42.076  44.328 0.0000000000
67404  42.274  -42.197  43.040 0.0000000000
68700  42.127  -42.078  41.924 0.0000000000
68726  42.774  -41.128  40.203 0.0000000000
69904  43.083  -40.480  39.572 0.0000000000
69911  43.106  -39.974  39.008 0.0000000000
71121  43.295  -39.401  39.483 0.0000000000
72474  43.458  -38.415  40.210 0.0000000000
71079  43.917  -39.453  42.537 0.0000000000
72459  43.929  -38.571  41.404 0.0000000000
73908  43.594  -37.640  41.117 0.0000000000
75339  43.369  -37.141  41.904 0.0000000000
76696  43.455  -36.748  41.836 0.0000000000
72382  44.574  -39.044  46.631 0.0000000000
73825  44.921  -38.156  45.877 0.0000000000
75247  44.888  -37.533  46.884 0.0000000000
75279  45.014  -37.360  45.036 0.0000000000
75294  44.634  -37.402  43.879 0.0000000000
76642  44.426  -37.022  43.654 0.0000000000
77966  44.010  -36.643  42.737 0.0000000000
77988  43.865  -36.458  41.926 0.0000000000
77987  44.471  -36.407  42.017 0.0000000000
77964  45.094  -36.233  42.747 0.0000000000
77963  45.792  -36.003  42.590 0.0000000000
79177  46.006  -35.457  44.045 0.0000000000
76675  46.301  -36.148  42.152 0.0000000000
96443  61.025  -20.131  18.145 0.0000000000
96453  60.675  -20.867  17.585 0.0000000000
92617  60.307  -23.585  16.827 0.0000000000
91325  60.975  -24.487  16.667 0.0000000000
90000  61.387  -24.976  16.614 0.0000000000
89988  61.632  -25.651  16.831 0.0000000000
91313  58.124  -24.353  18.187 0.0000000000
91304  59.148  -24.923  18.250 0.0000000000
89986  59.747  -25.232  18.028 0.0000000000
89985  60.479  -25.663  17.897 0.0000000000
89984  61.332  -26.094  17.578 0.0000000000
88673  62.175  -26.293  17.144 0.0000000000
88667  63.042  -26.773  18.298 0.0000000000
38128  9.086  -66.068  50.060 0.0000000000
39435  11.249  -64.397  49.638 0.0000000000
40684  10.448  -63.982  52.051 0.0000000000
40695  11.283  -63.707  50.867 0.0000000000
40696  11.010  -63.848  51.031 0.0000000000
40709  10.598  -64.188  50.938 0.0000000000
40717  11.164  -64.171  50.184 0.0000000000
41909  11.043  -63.066  52.269 0.0000000000
41910  10.559  -63.482  51.966 0.0000000000
41940  13.140  -62.882  49.129 0.0000000000
43151  13.529  -61.382  54.095 0.0000000000
43152  12.950  -61.704  53.847 0.0000000000
43162  12.111  -61.875  53.040 0.0000000000
43174  12.830  -61.604  52.211 0.0000000000
43185  13.495  -61.648  51.411 0.0000000000
43188  11.493  -62.874  51.713 0.0000000000
43195  14.163  -61.656  50.706 0.0000000000
44422  14.577  -60.580  54.397 0.0000000000
44423  14.194  -60.617  54.277 0.0000000000
44431  13.186  -60.939  53.700 0.0000000000
44432  12.578  -61.318  53.394 0.0000000000
44458  13.960  -60.764  52.287 0.0000000000
44459  13.115  -61.140  52.490 0.0000000000
44460  12.618  -61.417  52.654 0.0000000000
44470  13.706  -61.333  51.655 0.0000000000
45779  14.346  -60.174  53.343 0.0000000000
45780  13.435  -60.552  53.050 0.0000000000
45801  13.782  -60.582  52.775 0.0000000000
47113  14.654  -59.703  53.721 0.0000000000
47124  15.162  -59.490  53.201 0.0000000000
47142  15.606  -59.220  52.386 0.0000000000
48401  15.959  -58.630  54.472 0.0000000000
48411  15.417  -58.806  53.973 0.0000000000
48431  16.707  -57.963  52.846 0.0000000000
48433  15.505  -58.898  53.312 0.0000000000
48472  16.581  -58.681  50.381 0.0000000000
49650  25.205  -56.707  54.476 0.0000000000
49711  28.483  -56.460  50.808 0.0000000000
49722  17.419  -57.619  50.739 0.0000000000
49729  25.782  -56.281  48.681 0.0000000000
49739  25.712  -56.351  48.241 0.0000000000
49768  24.380  -56.578  45.802 0.0000000000
49769  23.892  -56.557  45.809 0.0000000000
50873  25.178  -56.443  54.077 0.0000000000
50876  19.467  -56.366  54.431 0.0000000000
50897  18.869  -56.092  53.794 0.0000000000
50898  18.086  -56.432  53.558 0.0000000000
50911  30.904  -55.027  52.914 0.0000000000
50918  23.691  -55.955  52.858 0.0000000000
50920  19.296  -55.943  53.293 0.0000000000
50945  18.173  -56.631  52.370 0.0000000000
50964  19.843  -55.802  51.271 0.0000000000
50966  18.709  -56.332  51.723 0.0000000000
50988  25.811  -56.164  49.112 0.0000000000
52182  31.203  -53.364  54.771 0.0000000000
52183  30.576  -53.625  54.585 0.0000000000
52184  30.222  -53.715  54.537 0.0000000000
52185  24.131  -56.337  54.701 0.0000000000
52204  30.089  -54.051  54.396 0.0000000000
52207  24.523  -56.380  54.403 0.0000000000
52209  23.109  -55.918  54.474 0.0000000000
52212  20.291  -55.960  54.310 0.0000000000
52213  19.516  -56.015  54.134 0.0000000000
52227  31.401  -54.172  53.823 0.0000000000
52235  21.832  -55.291  54.044 0.0000000000
52238  19.158  -56.027  53.983 0.0000000000
52256  23.278  -55.861  53.427 0.0000000000
52259  20.529  -55.531  53.115 0.0000000000
52272  27.518  -55.318  51.354 0.0000000000
52278  19.777  -55.743  52.484 0.0000000000
52286  21.761  -55.373  52.021 0.0000000000
52308  20.845  -55.633  49.543 0.0000000000
52315  21.270  -55.594  49.439 0.0000000000
52339  26.360  -54.898  45.948 0.0000000000
53466  30.765  -53.090  55.023 0.0000000000
53471  33.279  -52.824  54.421 0.0000000000
53475  30.928  -53.295  54.911 0.0000000000
53488  33.586  -53.020  54.021 0.0000000000
53491  29.889  -53.769  54.509 0.0000000000
53492  29.548  -53.571  54.337 0.0000000000
53506  29.006  -54.007  53.660 0.0000000000
53517  28.777  -54.188  53.124 0.0000000000
53518  28.213  -54.041  52.836 0.0000000000
53520  26.275  -55.255  51.995 0.0000000000
53536  29.944  -53.437  50.874 0.0000000000
53550  29.952  -53.631  50.479 0.0000000000
53560  30.805  -53.996  49.655 0.0000000000
53632  31.818  -53.734  44.691 0.0000000000
53652  29.804  -53.912  44.020 0.0000000000
53666  30.556  -53.745  43.076 0.0000000000
54745  30.836  -52.825  55.063 0.0000000000
54746  30.552  -52.939  54.879 0.0000000000
54758  30.147  -53.032  54.711 0.0000000000
54759  29.746  -53.049  54.502 0.0000000000
54769  33.537  -52.656  54.331 0.0000000000
54770  29.321  -52.969  54.070 0.0000000000
54771  29.015  -53.072  53.692 0.0000000000
54787  31.612  -52.399  52.511 0.0000000000
54797  31.608  -52.624  52.161 0.0000000000
54798  31.160  -53.048  52.120 0.0000000000
54799  30.316  -53.044  52.071 0.0000000000
54800  29.601  -52.989  51.731 0.0000000000
54802  26.589  -53.991  51.333 0.0000000000
54811  30.809  -53.396  51.544 0.0000000000
54823  34.518  -52.294  49.642 0.0000000000
54834  34.630  -52.666  49.346 0.0000000000
54835  34.488  -52.037  49.073 0.0000000000
54837  29.341  -53.744  50.046 0.0000000000
54860  32.709  -52.270  46.590 0.0000000000
54861  32.555  -52.767  46.937 0.0000000000
54864  26.295  -53.974  47.330 0.0000000000
54875  32.597  -53.010  46.147 0.0000000000
54890  32.434  -53.268  45.658 0.0000000000
54892  28.348  -53.732  45.683 0.0000000000
54905  35.602  -52.568  44.819 0.0000000000
54925  30.167  -53.709  43.035 0.0000000000
54981  32.494  -51.998  40.591 0.0000000000
56033  31.165  -52.264  54.985 0.0000000000
56034  30.791  -52.573  54.939 0.0000000000
56044  33.717  -51.780  54.641 0.0000000000
56045  33.021  -51.945  55.083 0.0000000000
56046  32.200  -52.069  55.198 0.0000000000
56047  31.550  -51.955  55.074 0.0000000000
56050  29.994  -52.885  54.559 0.0000000000
56061  31.047  -52.232  54.082 0.0000000000
56063  29.768  -52.758  54.327 0.0000000000
56074  30.041  -52.609  53.655 0.0000000000
56076  28.626  -52.713  53.432 0.0000000000
56084  31.670  -52.232  52.811 0.0000000000
56085  31.217  -52.616  53.074 0.0000000000
56089  27.612  -53.161  52.427 0.0000000000
56096  34.467  -51.919  51.588 0.0000000000
56097  31.836  -52.148  52.401 0.0000000000
56114  27.905  -53.021  51.135 0.0000000000
56122  34.829  -52.977  50.277 0.0000000000
56124  34.341  -51.575  49.503 0.0000000000
56149  34.462  -51.219  48.067 0.0000000000
56165  34.723  -51.494  46.738 0.0000000000
56167  32.728  -52.001  46.902 0.0000000000
56186  32.815  -51.774  46.191 0.0000000000
56189  27.779  -53.456  46.348 0.0000000000
56208  27.520  -53.406  45.598 0.0000000000
56283  30.274  -53.010  41.211 0.0000000000
56287  27.098  -52.359  41.302 0.0000000000
56319  31.797  -51.766  39.367 0.0000000000
57272  33.686  -51.238  54.514 0.0000000000
57275  31.886  -51.472  54.909 0.0000000000
57283  34.277  -51.372  53.763 0.0000000000
57285  31.800  -51.222  54.583 0.0000000000
57286  31.550  -51.561  54.445 0.0000000000
57294  34.497  -51.604  53.293 0.0000000000
57303  31.857  -51.719  52.687 0.0000000000
57313  31.914  -51.550  52.154 0.0000000000
57321  34.344  -51.490  51.184 0.0000000000
57323  31.958  -51.460  51.436 0.0000000000
57324  31.807  -50.801  51.843 0.0000000000
57330  34.363  -51.714  50.734 0.0000000000
57332  31.901  -51.219  50.538 0.0000000000
57346  34.498  -50.433  48.148 0.0000000000
57356  34.772  -50.561  46.871 0.0000000000
57357  34.566  -50.725  47.618 0.0000000000
57384  35.855  -50.024  44.927 0.0000000000
57386  32.934  -50.602  44.971 0.0000000000
57403  36.022  -50.241  44.178 0.0000000000
57425  35.826  -50.897  43.627 0.0000000000
57426  33.488  -50.741  42.499 0.0000000000
57427  26.603  -52.570  42.203 0.0000000000
57428  26.297  -52.652  41.860 0.0000000000
57449  26.649  -52.443  41.561 0.0000000000
57451  25.889  -52.468  41.085 0.0000000000
58523  32.881  -50.928  54.665 0.0000000000
58524  32.265  -51.035  54.669 0.0000000000
58525  31.981  -51.084  54.653 0.0000000000
58534  33.786  -50.796  54.152 0.0000000000
58535  33.156  -50.507  54.159 0.0000000000
58536  32.501  -50.619  54.279 0.0000000000
58545  34.196  -51.161  53.409 0.0000000000
58547  33.482  -50.505  53.689 0.0000000000
58555  34.341  -51.263  53.054 0.0000000000
58556  34.017  -50.981  52.883 0.0000000000
58557  31.911  -50.247  53.146 0.0000000000
58558  31.844  -50.500  52.942 0.0000000000
58565  34.015  -50.710  52.111 0.0000000000
58572  33.923  -50.193  51.219 0.0000000000
58578  31.792  -50.663  50.055 0.0000000000
58587  31.774  -49.538  49.973 0.0000000000
58596  37.667  -47.701  47.112 0.0000000000
58600  34.487  -49.883  48.430 0.0000000000
58627  41.133  -48.566  45.921 0.0000000000
58628  38.594  -47.880  46.238 0.0000000000
58633  32.846  -49.594  46.301 0.0000000000
58645  37.106  -48.961  44.916 0.0000000000
58656  38.225  -48.837  44.273 0.0000000000
58676  36.692  -50.030  43.038 0.0000000000
58677  33.662  -50.056  43.058 0.0000000000
58733  33.340  -50.195  40.103 0.0000000000
59731  32.675  -50.353  53.802 0.0000000000
59732  32.238  -50.454  53.785 0.0000000000
59733  32.003  -50.543  53.713 0.0000000000
59742  32.987  -50.209  53.326 0.0000000000
59744  32.064  -50.318  53.331 0.0000000000
59752  33.620  -50.369  52.480 0.0000000000
59754  32.657  -49.776  52.608 0.0000000000
59756  31.789  -49.855  52.309 0.0000000000
59763  31.937  -49.409  51.943 0.0000000000
59764  31.712  -49.623  51.714 0.0000000000
59770  39.542  -46.515  50.334 0.0000000000
59772  38.319  -46.677  50.188 0.0000000000
59775  31.622  -49.438  50.970 0.0000000000
59780  40.553  -46.678  49.741 0.0000000000
59781  39.912  -46.594  49.923 0.0000000000
59785  35.831  -47.585  48.961 0.0000000000
59786  34.459  -48.281  49.321 0.0000000000
59788  31.703  -49.333  50.243 0.0000000000
59795  42.168  -47.527  49.063 0.0000000000
59801  34.978  -48.129  48.680 0.0000000000
59803  31.960  -49.146  49.518 0.0000000000
59804  31.759  -49.268  49.935 0.0000000000
59817  38.021  -47.572  47.513 0.0000000000
59819  36.399  -47.755  47.873 0.0000000000
59832  38.335  -47.672  46.865 0.0000000000
59833  33.343  -48.497  47.218 0.0000000000
59841  39.524  -48.096  46.050 0.0000000000
59843  33.064  -49.077  46.612 0.0000000000
59847  40.386  -48.360  45.741 0.0000000000
59850  33.128  -49.220  46.129 0.0000000000
59856  40.103  -48.478  44.979 0.0000000000
59866  33.957  -49.475  43.523 0.0000000000
60913  33.408  -49.522  51.708 0.0000000000
60915  32.397  -49.263  51.991 0.0000000000
60924  40.895  -46.122  51.235 0.0000000000
60925  40.124  -46.307  51.288 0.0000000000
60926  39.325  -46.260  51.140 0.0000000000
60927  38.556  -46.257  50.802 0.0000000000
60932  32.141  -48.981  51.585 0.0000000000
60939  41.922  -46.343  50.595 0.0000000000
60941  40.603  -46.404  50.756 0.0000000000
60943  38.750  -46.417  50.650 0.0000000000
60946  35.434  -47.309  49.602 0.0000000000
60947  34.332  -48.057  49.586 0.0000000000
60950  32.222  -48.726  50.783 0.0000000000
60958  41.485  -46.578  50.253 0.0000000000
60959  40.782  -46.564  50.102 0.0000000000
60961  37.158  -46.930  49.823 0.0000000000
60962  36.559  -47.082  49.724 0.0000000000
60976  32.907  -48.136  48.828 0.0000000000
60977  32.614  -48.485  48.864 0.0000000000
60986  33.075  -48.533  48.039 0.0000000000
60997  33.240  -48.492  47.636 0.0000000000
61006  34.290  -47.710  46.199 0.0000000000
61007  33.880  -48.088  46.405 0.0000000000
61013  34.060  -48.305  45.556 0.0000000000
61022  34.415  -48.066  44.981 0.0000000000
61051  34.281  -48.977  42.853 0.0000000000
61067  34.624  -48.489  42.188 0.0000000000
62196  41.319  -45.244  51.692 0.0000000000
62197  40.908  -45.502  51.570 0.0000000000
62198  40.278  -45.759  51.539 0.0000000000
62209  41.350  -45.578  51.513 0.0000000000
62210  40.518  -45.989  51.471 0.0000000000
62211  39.821  -46.109  51.473 0.0000000000
62212  39.153  -46.182  51.205 0.0000000000
62213  38.619  -46.104  50.994 0.0000000000
62214  37.784  -46.660  50.531 0.0000000000
62216  33.209  -48.619  50.524 0.0000000000
62217  33.116  -48.485  50.261 0.0000000000
62225  41.277  -46.422  50.548 0.0000000000
62226  41.044  -46.401  50.627 0.0000000000
62227  37.076  -47.001  50.238 0.0000000000
62232  33.341  -48.218  49.675 0.0000000000
62242  41.096  -46.484  50.400 0.0000000000
62244  34.055  -47.303  49.599 0.0000000000
62246  33.509  -47.721  49.300 0.0000000000
62260  33.593  -47.523  48.757 0.0000000000
62273  34.327  -46.783  48.681 0.0000000000
62274  34.100  -47.104  48.394 0.0000000000
62275  33.789  -47.654  48.016 0.0000000000
62292  33.914  -47.708  47.366 0.0000000000
62309  34.276  -47.555  46.793 0.0000000000
62321  34.965  -47.089  45.557 0.0000000000
62322  34.620  -47.346  45.884 0.0000000000
62336  34.666  -47.607  45.114 0.0000000000
62379  36.334  -47.018  41.090 0.0000000000
62380  35.890  -47.179  41.623 0.0000000000
62403  34.848  -47.893  41.525 0.0000000000
62428  36.823  -47.082  39.716 0.0000000000
63539  41.953  -44.962  51.888 0.0000000000
63540  41.306  -45.038  51.780 0.0000000000
63543  39.513  -45.676  51.374 0.0000000000
63558  38.932  -45.827  51.109 0.0000000000
63560  37.463  -46.366  50.341 0.0000000000
63578  37.505  -45.905  50.313 0.0000000000
63581  34.977  -47.000  49.636 0.0000000000
63599  36.294  -46.022  49.418 0.0000000000
63600  35.678  -46.330  49.367 0.0000000000
63601  34.730  -46.941  49.512 0.0000000000
63602  33.973  -47.064  49.468 0.0000000000
63618  35.425  -46.198  49.081 0.0000000000
63619  34.912  -46.532  49.109 0.0000000000
63636  34.779  -46.570  48.497 0.0000000000
63637  34.392  -46.807  48.400 0.0000000000
63655  34.466  -46.880  47.983 0.0000000000
63673  35.568  -46.596  46.629 0.0000000000
63674  35.087  -46.822  46.933 0.0000000000
63688  34.714  -47.137  46.570 0.0000000000
63703  35.313  -46.928  45.146 0.0000000000
63718  38.157  -46.404  43.713 0.0000000000
63721  35.654  -47.080  44.160 0.0000000000
63734  39.208  -46.017  43.059 0.0000000000
63735  38.535  -46.334  42.837 0.0000000000
63737  36.506  -47.011  42.601 0.0000000000
63738  35.892  -47.105  43.299 0.0000000000
63751  39.231  -46.132  42.241 0.0000000000
63771  37.369  -46.997  40.121 0.0000000000
64759  41.842  -44.413  52.066 0.0000000000
64761  40.604  -44.902  51.557 0.0000000000
64762  39.892  -45.254  51.464 0.0000000000
64772  40.058  -44.839  51.355 0.0000000000
64773  39.414  -45.348  51.176 0.0000000000
64788  39.662  -44.851  51.029 0.0000000000
64790  38.102  -45.624  50.350 0.0000000000
64833  37.030  -45.739  49.054 0.0000000000
64835  35.683  -45.971  49.053 0.0000000000
64836  35.391  -46.024  48.932 0.0000000000
64854  36.528  -45.887  48.477 0.0000000000
64879  36.096  -46.186  47.923 0.0000000000
64880  35.464  -46.340  48.206 0.0000000000
64898  40.784  -44.844  45.929 0.0000000000
64901  37.906  -46.108  46.641 0.0000000000
64902  37.059  -46.309  46.840 0.0000000000
64904  35.581  -46.480  47.399 0.0000000000
64916  40.547  -44.938  45.389 0.0000000000
64921  36.552  -46.423  46.230 0.0000000000
64933  42.206  -44.268  44.546 0.0000000000
64934  41.806  -44.648  44.146 0.0000000000
64937  39.200  -45.556  44.680 0.0000000000
64939  37.698  -46.459  45.151 0.0000000000
64953  40.161  -45.164  43.548 0.0000000000
64972  39.727  -45.512  42.817 0.0000000000
64983  41.681  -43.862  42.130 0.0000000000
64984  41.434  -44.261  41.822 0.0000000000
64998  41.046  -44.356  41.115 0.0000000000
64999  40.410  -44.862  40.869 0.0000000000
66000  41.209  -44.459  51.483 0.0000000000
66016  41.587  -43.994  51.722 0.0000000000
66034  39.745  -44.768  50.598 0.0000000000
66051  41.717  -43.634  50.094 0.0000000000
66052  41.172  -43.965  50.352 0.0000000000
66072  39.925  -44.865  49.382 0.0000000000
66073  39.144  -45.426  49.277 0.0000000000
66092  38.817  -45.475  48.538 0.0000000000
66115  39.886  -45.272  47.751 0.0000000000
66129  42.536  -43.926  45.999 0.0000000000
66131  40.881  -44.829  46.506 0.0000000000
66133  39.243  -45.381  47.038 0.0000000000
66139  42.026  -44.481  45.545 0.0000000000
66151  42.297  -43.920  44.149 0.0000000000
66165  42.120  -43.727  43.287 0.0000000000
66210  41.497  -43.096  41.113 0.0000000000
66211  41.249  -43.636  40.733 0.0000000000
66268  40.933  -43.304  38.283 0.0000000000
67263  41.967  -43.542  52.020 0.0000000000
67301  41.505  -43.578  50.856 0.0000000000
67331  42.222  -43.690  48.950 0.0000000000
67388  41.986  -43.141  42.969 0.0000000000
67405  41.916  -42.646  42.503 0.0000000000
68616  43.595  -41.659  46.829 0.0000000000
68648  42.942  -42.276  45.260 0.0000000000
68711  42.530  -41.437  41.802 0.0000000000
68727  42.402  -41.463  39.480 0.0000000000
68735  41.775  -41.956  37.981 0.0000000000
68783  41.153  -41.019  36.007 0.0000000000
69828  43.162  -41.771  45.659 0.0000000000
69847  43.444  -40.585  43.880 0.0000000000
69858  43.442  -40.468  43.427 0.0000000000
69859  42.981  -40.855  43.236 0.0000000000
69905  42.690  -41.047  39.002 0.0000000000
69924  42.081  -40.452  37.292 0.0000000000
71080  43.424  -40.294  42.586 0.0000000000
71093  43.921  -39.186  42.087 0.0000000000
71109  43.549  -39.515  40.483 0.0000000000
71154  41.769  -39.728  36.628 0.0000000000
71155  41.531  -39.223  36.233 0.0000000000
72458  43.941  -39.009  41.855 0.0000000000
72501  42.093  -38.456  38.011 0.0000000000
72529  40.323  -38.089  35.376 0.0000000000
73807  44.840  -37.741  47.336 0.0000000000
73877  44.063  -37.560  42.589 0.0000000000
73893  44.244  -37.926  42.282 0.0000000000
73894  43.818  -37.694  41.988 0.0000000000
73923  42.792  -37.402  39.800 0.0000000000
73943  41.996  -37.586  38.668 0.0000000000
73964  40.846  -37.519  36.556 0.0000000000
75264  44.993  -37.248  46.206 0.0000000000
75295  44.306  -37.122  43.452 0.0000000000
75309  44.564  -37.641  43.388 0.0000000000
75335  47.940  -36.408  41.011 0.0000000000
75338  45.799  -36.600  40.950 0.0000000000
75357  47.661  -36.302  40.305 0.0000000000
75359  45.689  -36.686  40.408 0.0000000000
75361  43.194  -37.026  41.063 0.0000000000
75380  47.593  -36.047  39.693 0.0000000000
75383  45.183  -36.758  39.746 0.0000000000
75397  43.992  -36.903  38.566 0.0000000000
75407  46.409  -35.857  37.919 0.0000000000
75408  45.988  -36.225  37.623 0.0000000000
75411  43.100  -36.896  37.294 0.0000000000
75413  40.820  -36.255  36.338 0.0000000000
75437  42.302  -36.776  35.234 0.0000000000
75439  39.792  -36.673  34.282 0.0000000000
75465  41.865  -36.656  34.025 0.0000000000
76627  45.055  -36.631  45.451 0.0000000000
76658  44.136  -36.920  43.224 0.0000000000
76676  45.831  -36.196  42.081 0.0000000000
76711  45.525  -36.534  40.917 0.0000000000
76712  44.979  -36.421  40.769 0.0000000000
76713  44.082  -36.333  40.658 0.0000000000
76760  46.656  -35.443  38.127 0.0000000000
76765  41.256  -35.929  37.532 0.0000000000
76771  46.338  -35.441  37.662 0.0000000000
76784  45.642  -35.496  36.787 0.0000000000
76785  45.160  -35.645  36.296 0.0000000000
76789  40.838  -36.423  35.266 0.0000000000
76797  44.117  -36.179  35.159 0.0000000000
76799  41.595  -36.548  35.318 0.0000000000
76811  43.086  -36.143  33.991 0.0000000000
76830  40.118  -35.984  32.911 0.0000000000
76845  40.076  -35.948  32.513 0.0000000000
76860  41.603  -35.777  31.974 0.0000000000
77912  45.121  -36.279  45.388 0.0000000000
77938  46.283  -35.539  43.464 0.0000000000
77941  44.720  -36.525  43.634 0.0000000000
77942  44.328  -36.697  43.258 0.0000000000
77985  45.596  -36.246  42.039 0.0000000000
77986  45.143  -36.345  41.894 0.0000000000
78005  44.932  -36.391  41.356 0.0000000000
78024  47.072  -34.851  38.272 0.0000000000
78064  46.105  -34.840  36.864 0.0000000000
78092  39.687  -35.966  33.034 0.0000000000
78104  43.617  -34.857  33.171 0.0000000000
78119  42.888  -34.747  32.264 0.0000000000
78120  41.394  -35.903  31.941 0.0000000000
78139  40.673  -35.686  31.272 0.0000000000
79231  48.783  -33.294  39.413 0.0000000000
79279  46.831  -33.996  36.988 0.0000000000
79327  45.437  -33.444  34.347 0.0000000000
79376  42.760  -33.521  30.587 0.0000000000
79391  42.168  -33.705  29.826 0.0000000000
80454  48.857  -32.503  38.391 0.0000000000
80478  47.865  -32.845  37.328 0.0000000000
80479  47.441  -33.168  36.948 0.0000000000
80498  46.690  -33.227  35.853 0.0000000000
80544  45.609  -32.508  33.920 0.0000000000
81766  48.678  -31.286  37.060 0.0000000000
81791  46.798  -31.997  35.009 0.0000000000
81817  45.176  -32.166  32.930 0.0000000000
81831  49.840  -31.606  31.978 0.0000000000
81832  45.475  -31.712  32.919 0.0000000000
81844  50.003  -31.536  31.761 0.0000000000
81846  44.859  -32.098  31.827 0.0000000000
81858  45.306  -31.833  30.860 0.0000000000
81873  45.252  -31.822  30.565 0.0000000000
83027  49.013  -30.592  37.070 0.0000000000
83070  46.442  -31.187  34.164 0.0000000000
83071  45.926  -31.499  33.878 0.0000000000
83090  48.271  -31.154  33.520 0.0000000000
83109  46.187  -31.384  32.355 0.0000000000
83141  45.410  -31.721  31.386 0.0000000000
84382  47.946  -30.397  35.561 0.0000000000
84383  47.410  -30.513  35.131 0.0000000000
84418  46.414  -31.295  33.335 0.0000000000
84456  50.554  -30.485  29.637 0.0000000000
85724  50.063  -29.444  37.126 0.0000000000
85763  48.364  -30.247  35.400 0.0000000000
85798  47.948  -30.451  34.807 0.0000000000
85824  55.393  -29.335  30.332 0.0000000000
87161  57.927  -27.597  30.688 0.0000000000
87237  56.236  -27.422  27.310 0.0000000000
87261  50.955  -27.819  25.058 0.0000000000
88510  61.313  -26.188  28.058 0.0000000000
88511  61.324  -26.125  28.512 0.0000000000
88513  56.896  -27.380  28.044 0.0000000000
88562  62.435  -26.184  24.661 0.0000000000
89830  58.512  -26.438  28.996 0.0000000000
89840  61.332  -25.936  27.899 0.0000000000
89852  61.456  -25.907  27.446 0.0000000000
89854  58.602  -25.466  27.402 0.0000000000
89873  61.373  -25.647  27.108 0.0000000000
89982  59.571  -25.165  18.517 0.0000000000
91145  60.695  -25.934  29.290 0.0000000000
91178  61.403  -25.421  26.395 0.0000000000
91233  63.079  -24.852  22.830 0.0000000000
91237  55.666  -24.556  23.204 0.0000000000
91281  62.738  -24.928  20.567 0.0000000000
91308  63.520  -23.944  15.620 0.0000000000
92497  61.181  -24.195  25.270 0.0000000000
92517  62.018  -24.126  24.383 0.0000000000
92518  61.402  -23.833  24.592 0.0000000000
92520  58.957  -23.477  24.398 0.0000000000
92541  62.189  -23.847  23.837 0.0000000000
92556  63.065  -24.629  22.466 0.0000000000
92557  62.876  -24.311  22.860 0.0000000000
92573  63.285  -24.794  21.768 0.0000000000
92610  56.010  -23.314  19.799 0.0000000000
92615  63.485  -23.698  15.552 0.0000000000
92616  63.257  -23.498  15.682 0.0000000000
93770  60.255  -23.794  25.998 0.0000000000
93771  60.033  -23.674  26.030 0.0000000000
93772  59.720  -23.785  25.940 0.0000000000
93837  62.863  -24.377  22.556 0.0000000000
93838  62.691  -24.069  22.722 0.0000000000
93839  61.020  -23.747  22.636 0.0000000000
93861  61.995  -24.154  22.088 0.0000000000
93926  62.878  -21.824  15.412 0.0000000000
95071  57.860  -22.765  23.479 0.0000000000
95083  62.238  -23.640  22.910 0.0000000000
95103  62.186  -23.827  22.554 0.0000000000
95104  61.790  -23.639  22.732 0.0000000000
95123  62.087  -23.964  22.321 0.0000000000
95124  61.823  -23.851  22.429 0.0000000000
95165  56.975  -21.811  17.777 0.0000000000
95189  62.852  -21.403  15.392 0.0000000000
96468  63.241  -21.206  15.075 0.0000000000
98793  62.986  -19.091  15.257 0.0000000000
