#!ascii label  , from subject sub-01 vox2ras=TkReg
649
101784  23.914  -16.462  -29.049 0.0000000000
108691  33.533  -10.748  -29.848 0.0000000000
122330  28.691  1.686  -27.102 0.0000000000
119107  25.261  -1.119  -31.566 0.0000000000
95875  25.419  -21.905  -27.778 0.0000000000
97134  29.668  -20.598  -29.909 0.0000000000
105299  28.242  -13.567  -30.157 0.0000000000
112093  26.839  -7.444  -31.898 0.0000000000
115628  30.252  -4.366  -27.677 0.0000000000
121268  33.705  0.221  -30.614 0.0000000000
128717  30.178  7.391  -26.795 0.0000000000
98277  24.460  -19.241  -28.511 0.0000000000
95911  27.165  -21.576  -29.183 0.0000000000
100615  27.151  -18.170  -28.989 0.0000000000
110970  24.788  -8.630  -30.890 0.0000000000
114431  24.479  -6.284  -31.047 0.0000000000
121263  26.814  0.725  -29.835 0.0000000000
118008  27.230  -2.480  -29.896 0.0000000000
120125  29.954  -1.061  -26.640 0.0000000000
117973  33.116  -2.791  -27.866 0.0000000000
121241  32.429  0.566  -26.791 0.0000000000
129689  27.384  8.328  -25.181 0.0000000000
127707  26.578  6.807  -26.445 0.0000000000
130644  29.158  9.236  -26.580 0.0000000000
106416  31.545  -12.765  -29.573 0.0000000000
103020  31.098  -15.515  -31.645 0.0000000000
105331  33.144  -14.149  -32.902 0.0000000000
125604  27.112  3.845  -29.349 0.0000000000
110965  34.493  -8.564  -31.088 0.0000000000
105286  23.795  -13.534  -29.437 0.0000000000
103026  26.218  -15.321  -30.133 0.0000000000
106452  25.791  -12.322  -31.073 0.0000000000
108692  28.145  -10.525  -31.285 0.0000000000
109813  29.660  -9.306  -29.101 0.0000000000
115678  26.372  -4.020  -31.669 0.0000000000
113216  28.492  -6.069  -29.622 0.0000000000
112059  32.368  -7.468  -28.071 0.0000000000
115640  34.365  -5.472  -29.139 0.0000000000
126656  26.791  5.757  -28.265 0.0000000000
125579  29.408  4.525  -26.955 0.0000000000
131539  31.520  10.156  -28.611 0.0000000000
128741  32.827  7.296  -28.050 0.0000000000
125587  32.945  4.259  -27.284 0.0000000000
124553  33.584  3.403  -30.481 0.0000000000
101810  29.461  -16.848  -30.258 0.0000000000
102976  23.310  -15.333  -27.890 0.0000000000
101770  23.360  -16.132  -27.980 0.0000000000
100618  23.902  -17.405  -28.629 0.0000000000
99407  26.015  -18.540  -29.188 0.0000000000
100629  25.608  -17.263  -29.540 0.0000000000
122347  27.400  1.394  -28.543 0.0000000000
120127  27.905  -0.570  -27.759 0.0000000000
121244  29.456  -0.065  -26.471 0.0000000000
120112  31.322  -0.419  -26.604 0.0000000000
122327  31.152  1.484  -26.226 0.0000000000
131514  28.193  10.383  -25.653 0.0000000000
130633  28.494  9.220  -25.931 0.0000000000
131523  29.059  10.098  -26.606 0.0000000000
107571  32.804  -12.276  -29.933 0.0000000000
105296  32.205  -13.653  -31.292 0.0000000000
107595  33.604  -12.524  -32.139 0.0000000000
122381  26.159  3.009  -31.123 0.0000000000
126708  25.086  5.227  -30.414 0.0000000000
97100  23.846  -20.658  -27.311 0.0000000000
95857  24.230  -22.032  -26.848 0.0000000000
93254  25.535  -23.494  -27.439 0.0000000000
94539  26.735  -23.126  -27.917 0.0000000000
95922  28.470  -21.182  -30.145 0.0000000000
95873  28.230  -22.031  -27.976 0.0000000000
106437  25.020  -12.365  -30.767 0.0000000000
107575  24.748  -11.368  -30.576 0.0000000000
110968  26.451  -8.581  -31.594 0.0000000000
109852  26.974  -9.591  -31.629 0.0000000000
109851  27.817  -9.537  -31.512 0.0000000000
109830  28.568  -9.991  -30.151 0.0000000000
110957  28.554  -8.386  -30.846 0.0000000000
116895  24.117  -2.963  -31.471 0.0000000000
118033  25.571  -2.174  -31.636 0.0000000000
116853  28.515  -3.669  -28.450 0.0000000000
115656  27.897  -4.571  -29.786 0.0000000000
115654  29.096  -4.867  -28.841 0.0000000000
113203  30.257  -6.449  -28.549 0.0000000000
114407  31.421  -5.949  -27.796 0.0000000000
113200  33.006  -6.482  -27.941 0.0000000000
115625  32.825  -4.828  -27.655 0.0000000000
120133  33.614  -0.732  -28.883 0.0000000000
118007  34.050  -2.765  -29.459 0.0000000000
127705  28.857  6.653  -27.141 0.0000000000
127720  27.255  6.362  -27.553 0.0000000000
126645  28.517  5.952  -27.464 0.0000000000
126654  28.864  5.234  -27.793 0.0000000000
126643  30.242  5.801  -26.672 0.0000000000
127717  33.353  5.987  -28.070 0.0000000000
126689  33.871  5.534  -29.579 0.0000000000
124543  33.739  3.659  -29.408 0.0000000000
104180  27.594  -14.521  -30.132 0.0000000000
103004  27.171  -15.983  -29.738 0.0000000000
103023  29.084  -15.713  -29.799 0.0000000000
101833  32.597  -16.619  -32.415 0.0000000000
100652  31.237  -17.670  -31.505 0.0000000000
97120  23.924  -19.773  -27.947 0.0000000000
97119  24.807  -20.478  -28.014 0.0000000000
94558  26.126  -22.025  -28.227 0.0000000000
97118  25.969  -20.460  -28.528 0.0000000000
98274  27.199  -19.872  -28.932 0.0000000000
98302  28.679  -19.422  -29.816 0.0000000000
112084  23.774  -7.871  -30.351 0.0000000000
113229  24.701  -7.060  -30.922 0.0000000000
113241  25.308  -6.606  -31.448 0.0000000000
120156  26.123  0.062  -30.656 0.0000000000
119095  26.569  -1.344  -30.841 0.0000000000
120154  27.025  -0.432  -30.060 0.0000000000
119058  27.959  -1.813  -27.930 0.0000000000
117977  29.532  -3.043  -27.447 0.0000000000
116835  31.657  -3.713  -27.296 0.0000000000
119067  30.991  -2.069  -26.804 0.0000000000
120122  32.597  -0.489  -27.214 0.0000000000
121255  33.511  0.463  -28.468 0.0000000000
128708  25.968  7.657  -25.345 0.0000000000
128706  27.953  7.779  -25.605 0.0000000000
129719  28.582  8.208  -26.233 0.0000000000
129717  30.325  8.108  -26.984 0.0000000000
105283  29.909  -13.658  -29.463 0.0000000000
104162  30.221  -14.537  -29.777 0.0000000000
105297  31.501  -14.240  -30.615 0.0000000000
105316  31.650  -14.441  -32.862 0.0000000000
120170  24.930  -0.028  -31.327 0.0000000000
121284  26.195  1.601  -30.782 0.0000000000
123478  27.085  2.399  -29.874 0.0000000000
123463  27.681  2.364  -28.237 0.0000000000
94538  27.590  -22.546  -27.662 0.0000000000
109850  34.449  -9.487  -30.767 0.0000000000
107594  33.880  -11.840  -32.584 0.0000000000
104166  24.082  -14.541  -29.158 0.0000000000
103006  24.774  -15.509  -29.831 0.0000000000
104183  25.223  -13.861  -30.273 0.0000000000
105302  25.636  -13.212  -30.852 0.0000000000
106435  27.291  -12.397  -30.840 0.0000000000
108704  25.788  -10.636  -31.132 0.0000000000
107585  27.095  -11.576  -31.173 0.0000000000
106434  28.124  -12.474  -30.666 0.0000000000
107556  29.236  -11.688  -29.622 0.0000000000
107534  30.542  -11.319  -28.965 0.0000000000
108676  32.464  -10.547  -28.752 0.0000000000
114444  24.787  -5.295  -31.427 0.0000000000
113251  27.213  -6.062  -32.264 0.0000000000
116891  26.892  -3.523  -31.101 0.0000000000
114441  27.473  -5.270  -31.255 0.0000000000
112082  27.952  -6.802  -30.822 0.0000000000
112080  29.068  -7.439  -29.788 0.0000000000
110931  31.005  -8.335  -28.583 0.0000000000
109828  33.409  -9.392  -29.056 0.0000000000
110927  34.006  -8.319  -29.030 0.0000000000
113213  34.474  -7.043  -29.828 0.0000000000
116833  33.489  -3.970  -28.125 0.0000000000
125590  27.304  4.503  -28.680 0.0000000000
124510  28.090  3.467  -27.900 0.0000000000
124489  29.953  3.610  -26.617 0.0000000000
131532  30.662  10.074  -27.777 0.0000000000
129729  31.065  8.344  -27.353 0.0000000000
130658  32.504  8.910  -28.778 0.0000000000
128732  31.648  7.445  -27.225 0.0000000000
127701  32.454  5.902  -26.996 0.0000000000
125577  31.488  4.555  -26.501 0.0000000000
123437  31.539  2.550  -26.436 0.0000000000
123461  32.927  2.614  -27.333 0.0000000000
123476  33.551  2.566  -28.776 0.0000000000
122372  33.312  1.312  -30.131 0.0000000000
101796  26.090  -16.353  -29.849 0.0000000000
100627  27.747  -17.651  -29.484 0.0000000000
99433  29.665  -18.779  -30.479 0.0000000000
101809  30.194  -16.793  -30.886 0.0000000000
99432  30.622  -18.599  -30.821 0.0000000000
102989  23.700  -15.392  -28.625 0.0000000000
100617  24.407  -17.218  -29.156 0.0000000000
101783  24.363  -16.738  -29.311 0.0000000000
122346  28.127  1.388  -27.705 0.0000000000
121231  28.528  1.122  -27.122 0.0000000000
121230  29.050  1.001  -26.724 0.0000000000
121229  29.914  0.786  -26.330 0.0000000000
122328  30.194  1.561  -26.244 0.0000000000
131513  28.769  9.675  -26.175 0.0000000000
107552  33.155  -11.162  -29.644 0.0000000000
107570  33.453  -11.696  -30.430 0.0000000000
95876  24.560  -21.413  -27.504 0.0000000000
95877  24.075  -21.353  -27.005 0.0000000000
94541  24.930  -22.689  -27.292 0.0000000000
94540  25.965  -22.828  -27.851 0.0000000000
93253  26.155  -23.717  -27.695 0.0000000000
95908  29.041  -21.276  -30.226 0.0000000000
95890  28.844  -21.266  -29.288 0.0000000000
97114  29.234  -20.716  -28.670 0.0000000000
98273  29.929  -20.172  -29.328 0.0000000000
107576  24.268  -11.112  -29.988 0.0000000000
108694  23.980  -10.196  -29.838 0.0000000000
110967  27.331  -8.488  -31.646 0.0000000000
110966  28.052  -8.502  -31.291 0.0000000000
112091  28.213  -7.877  -31.086 0.0000000000
118034  24.781  -2.073  -31.567 0.0000000000
116852  29.075  -4.055  -27.946 0.0000000000
115644  28.861  -4.455  -28.423 0.0000000000
115643  29.566  -4.723  -28.201 0.0000000000
114409  30.023  -5.555  -28.552 0.0000000000
115642  30.317  -4.976  -28.034 0.0000000000
114395  31.412  -5.311  -27.661 0.0000000000
115627  30.984  -4.629  -27.606 0.0000000000
120142  34.066  -0.992  -30.008 0.0000000000
127704  29.759  6.569  -26.815 0.0000000000
126644  29.389  5.572  -27.048 0.0000000000
127703  30.679  6.480  -26.735 0.0000000000
127747  34.097  6.080  -29.965 0.0000000000
126707  33.906  5.478  -30.699 0.0000000000
125630  33.709  4.506  -30.146 0.0000000000
104179  28.498  -14.629  -29.844 0.0000000000
101821  32.482  -16.786  -31.873 0.0000000000
101807  31.880  -17.068  -31.139 0.0000000000
99410  23.596  -17.994  -28.269 0.0000000000
99391  23.105  -18.296  -27.577 0.0000000000
98278  23.618  -18.873  -28.213 0.0000000000
98276  25.422  -19.484  -28.728 0.0000000000
99406  26.961  -18.921  -28.930 0.0000000000
98293  27.483  -19.508  -29.313 0.0000000000
99421  27.555  -18.762  -29.409 0.0000000000
113230  23.992  -6.896  -30.553 0.0000000000
121269  26.887  0.199  -30.109 0.0000000000
120155  26.608  -0.314  -30.478 0.0000000000
121262  27.034  0.193  -29.663 0.0000000000
120126  28.811  -0.861  -27.211 0.0000000000
119059  27.405  -1.125  -28.103 0.0000000000
119057  29.017  -2.045  -27.678 0.0000000000
117978  28.736  -2.760  -27.970 0.0000000000
117994  30.832  -2.271  -26.743 0.0000000000
119056  30.087  -2.043  -26.642 0.0000000000
121227  31.632  0.486  -26.476 0.0000000000
120111  31.972  -0.423  -26.668 0.0000000000
120121  33.314  -0.576  -27.874 0.0000000000
121240  33.059  0.725  -27.570 0.0000000000
130635  26.784  9.085  -25.006 0.0000000000
129704  26.347  8.543  -24.925 0.0000000000
128707  27.011  7.965  -25.498 0.0000000000
128721  26.644  7.329  -25.831 0.0000000000
130645  28.886  8.749  -26.423 0.0000000000
129718  29.465  8.292  -26.715 0.0000000000
129730  30.099  8.818  -27.077 0.0000000000
106417  30.505  -12.741  -29.442 0.0000000000
105282  30.952  -13.847  -29.849 0.0000000000
105281  31.941  -13.583  -30.101 0.0000000000
105314  32.771  -13.492  -32.186 0.0000000000
105315  31.881  -14.052  -32.544 0.0000000000
105332  32.054  -14.517  -33.008 0.0000000000
104207  32.565  -15.166  -33.046 0.0000000000
121286  24.493  1.090  -30.677 0.0000000000
121285  25.589  1.274  -31.210 0.0000000000
122382  25.057  2.579  -31.206 0.0000000000
165989  26.063  4.194  -31.058 0.0000000000
124530  26.769  2.926  -30.216 0.0000000000
124529  26.968  3.189  -29.567 0.0000000000
123477  27.112  2.290  -29.093 0.0000000000
124511  27.239  3.282  -28.732 0.0000000000
94574  27.044  -22.046  -29.290 0.0000000000
94557  26.675  -22.608  -28.785 0.0000000000
94556  27.415  -22.853  -28.666 0.0000000000
95874  28.009  -22.099  -27.350 0.0000000000
105268  23.063  -13.508  -28.726 0.0000000000
105285  24.365  -13.975  -29.601 0.0000000000
104165  24.780  -14.504  -29.858 0.0000000000
105318  26.019  -12.724  -31.124 0.0000000000
105301  26.560  -13.354  -30.777 0.0000000000
106436  26.699  -12.520  -30.873 0.0000000000
109855  24.534  -9.195  -30.603 0.0000000000
109842  24.579  -9.628  -30.510 0.0000000000
109854  25.154  -9.664  -30.830 0.0000000000
108702  27.439  -10.558  -31.471 0.0000000000
108703  26.611  -10.624  -31.412 0.0000000000
107584  27.775  -11.353  -31.312 0.0000000000
106449  27.849  -11.938  -31.113 0.0000000000
107572  28.258  -11.455  -31.026 0.0000000000
107557  28.577  -11.560  -30.185 0.0000000000
108657  29.393  -9.940  -29.358 0.0000000000
108656  30.028  -10.536  -28.869 0.0000000000
107533  31.154  -11.104  -28.750 0.0000000000
108655  31.183  -10.149  -28.593 0.0000000000
115679  25.670  -4.324  -31.689 0.0000000000
115680  24.575  -4.036  -31.496 0.0000000000
114443  26.020  -5.564  -31.804 0.0000000000
114455  26.338  -4.836  -31.909 0.0000000000
118009  26.758  -2.192  -30.288 0.0000000000
118021  26.640  -2.391  -30.842 0.0000000000
118020  26.971  -2.699  -30.561 0.0000000000
114420  28.183  -5.440  -29.701 0.0000000000
115666  27.406  -4.440  -30.538 0.0000000000
114430  27.670  -5.421  -30.373 0.0000000000
113238  27.695  -6.207  -30.984 0.0000000000
113228  28.033  -6.363  -30.204 0.0000000000
112081  28.484  -7.364  -30.634 0.0000000000
113227  28.802  -6.664  -29.920 0.0000000000
112060  31.451  -7.448  -28.228 0.0000000000
112061  30.539  -7.408  -28.525 0.0000000000
110930  31.880  -8.338  -28.279 0.0000000000
109810  32.323  -9.122  -28.453 0.0000000000
110929  32.720  -8.343  -28.353 0.0000000000
110945  33.821  -8.784  -29.179 0.0000000000
112058  33.242  -7.575  -28.310 0.0000000000
114405  33.701  -5.824  -28.260 0.0000000000
113199  33.750  -6.888  -28.549 0.0000000000
114404  34.212  -6.431  -29.107 0.0000000000
114417  34.369  -6.114  -29.951 0.0000000000
117974  32.319  -2.713  -27.238 0.0000000000
116834  32.621  -3.869  -27.609 0.0000000000
127721  26.126  6.551  -27.559 0.0000000000
125591  26.293  5.251  -28.934 0.0000000000
126653  29.212  4.984  -27.415 0.0000000000
125589  28.323  4.571  -27.988 0.0000000000
124509  28.529  4.058  -27.591 0.0000000000
124490  28.951  3.545  -27.143 0.0000000000
131540  30.647  10.861  -28.263 0.0000000000
131531  31.334  9.581  -27.929 0.0000000000
130653  30.800  9.264  -27.469 0.0000000000
129743  33.544  7.894  -29.222 0.0000000000
129744  33.105  8.550  -29.348 0.0000000000
129735  32.960  8.096  -28.393 0.0000000000
129728  32.181  8.171  -27.598 0.0000000000
128731  32.389  7.354  -27.582 0.0000000000
127702  31.786  6.441  -26.886 0.0000000000
127718  32.827  6.428  -27.610 0.0000000000
125586  33.423  4.610  -27.872 0.0000000000
126652  32.843  5.235  -27.227 0.0000000000
125576  32.380  4.413  -26.815 0.0000000000
124488  30.979  3.604  -26.398 0.0000000000
124508  32.667  3.484  -27.027 0.0000000000
123436  32.370  2.560  -26.748 0.0000000000
124507  33.199  3.533  -27.617 0.0000000000
123486  33.439  2.453  -29.773 0.0000000000
122365  33.447  1.451  -29.120 0.0000000000
123492  33.394  2.281  -30.785 0.0000000000
103005  25.434  -15.552  -30.098 0.0000000000
101813  26.469  -15.747  -29.882 0.0000000000
101811  28.455  -16.873  -29.868 0.0000000000
101794  27.696  -16.622  -29.676 0.0000000000
100642  28.384  -17.636  -29.931 0.0000000000
100626  28.431  -18.119  -29.929 0.0000000000
100641  28.982  -17.849  -30.298 0.0000000000
103000  30.842  -15.175  -30.515 0.0000000000
103022  30.069  -15.994  -30.185 0.0000000000
103021  30.779  -15.769  -31.126 0.0000000000
100638  31.446  -17.726  -31.229 0.0000000000
100653  30.962  -17.905  -31.390 0.0000000000
99418  31.166  -18.314  -30.648 0.0000000000
99409  24.261  -18.153  -28.701 0.0000000000
99408  25.006  -18.561  -29.068 0.0000000000
99424  24.800  -17.834  -29.139 0.0000000000
99423  25.372  -17.895  -29.312 0.0000000000
99422  25.866  -17.841  -29.453 0.0000000000
122360  26.948  1.424  -29.336 0.0000000000
121256  27.057  0.453  -28.930 0.0000000000
121246  27.654  0.436  -28.049 0.0000000000
121245  28.445  0.348  -27.181 0.0000000000
120124  30.462  -1.085  -26.557 0.0000000000
121243  30.191  -0.395  -26.412 0.0000000000
121228  30.732  0.236  -26.399 0.0000000000
122326  32.042  1.544  -26.505 0.0000000000
130634  27.420  9.592  -25.029 0.0000000000
129702  28.003  8.513  -25.229 0.0000000000
130632  28.789  9.377  -26.251 0.0000000000
106415  32.352  -12.782  -29.863 0.0000000000
105280  32.374  -13.277  -30.382 0.0000000000
106433  32.803  -12.836  -30.459 0.0000000000
106432  33.123  -12.851  -31.202 0.0000000000
106462  33.588  -13.064  -32.410 0.0000000000
165993  25.627  4.463  -31.060 0.0000000000
125605  26.522  4.274  -30.097 0.0000000000
98240  23.143  -20.260  -26.816 0.0000000000
97084  23.352  -20.776  -26.720 0.0000000000
95858  23.564  -21.444  -26.542 0.0000000000
91971  26.234  -24.314  -27.352 0.0000000000
93239  26.688  -23.841  -27.280 0.0000000000
95909  28.286  -21.854  -29.682 0.0000000000
94572  28.048  -22.645  -29.105 0.0000000000
95891  28.463  -22.134  -28.879 0.0000000000
106439  23.751  -12.823  -29.845 0.0000000000
105304  23.985  -13.065  -30.076 0.0000000000
106438  24.144  -12.264  -30.171 0.0000000000
107587  25.452  -11.513  -30.980 0.0000000000
110969  25.532  -8.667  -31.347 0.0000000000
109853  26.076  -9.641  -31.394 0.0000000000
108679  28.468  -10.605  -30.552 0.0000000000
109841  28.436  -9.468  -30.817 0.0000000000
109840  28.672  -8.853  -30.442 0.0000000000
110956  28.917  -8.278  -30.234 0.0000000000
116894  25.063  -3.129  -31.736 0.0000000000
116893  25.936  -3.198  -31.657 0.0000000000
116854  27.895  -3.327  -28.908 0.0000000000
116866  27.598  -3.548  -29.720 0.0000000000
116865  28.044  -3.966  -29.176 0.0000000000
115655  28.488  -4.638  -29.105 0.0000000000
114419  28.739  -5.483  -29.215 0.0000000000
113215  29.047  -6.129  -29.354 0.0000000000
113214  29.553  -6.280  -28.924 0.0000000000
113202  31.027  -6.585  -28.113 0.0000000000
113201  31.973  -6.538  -27.840 0.0000000000
114393  33.055  -5.733  -27.802 0.0000000000
115624  33.476  -5.098  -27.983 0.0000000000
119066  33.403  -1.730  -28.283 0.0000000000
117992  33.616  -2.802  -28.674 0.0000000000
119081  33.675  -1.848  -29.254 0.0000000000
119080  34.189  -2.030  -29.932 0.0000000000
127706  27.848  6.558  -26.909 0.0000000000
126646  27.919  6.093  -27.494 0.0000000000
126655  27.914  5.517  -27.985 0.0000000000
125578  30.327  4.766  -26.544 0.0000000000
128750  33.648  7.209  -29.067 0.0000000000
127732  33.112  6.866  -28.179 0.0000000000
127731  33.480  6.422  -28.608 0.0000000000
126670  33.528  5.453  -28.456 0.0000000000
125603  33.716  4.572  -28.847 0.0000000000
124528  33.567  3.595  -28.383 0.0000000000
125617  33.758  4.572  -29.494 0.0000000000
104181  26.749  -14.426  -30.386 0.0000000000
103025  26.940  -15.356  -29.900 0.0000000000
103024  27.844  -15.754  -29.902 0.0000000000
103037  31.298  -15.977  -31.990 0.0000000000
103038  30.904  -16.447  -31.664 0.0000000000
101822  31.871  -17.016  -32.066 0.0000000000
98256  23.209  -19.490  -27.367 0.0000000000
97099  24.392  -20.845  -27.597 0.0000000000
95895  25.110  -21.256  -27.858 0.0000000000
95894  25.716  -21.248  -28.130 0.0000000000
95893  26.632  -21.484  -28.738 0.0000000000
97117  26.870  -20.479  -28.731 0.0000000000
98275  26.407  -19.609  -28.801 0.0000000000
97116  27.339  -20.439  -28.984 0.0000000000
97136  27.735  -20.400  -29.511 0.0000000000
97145  28.502  -20.368  -30.087 0.0000000000
97144  29.330  -20.467  -30.311 0.0000000000
112083  24.426  -7.809  -30.703 0.0000000000
112095  25.077  -7.747  -31.211 0.0000000000
112094  25.912  -7.621  -31.601 0.0000000000
113240  26.306  -6.639  -31.861 0.0000000000
120169  25.706  -0.164  -31.111 0.0000000000
119106  26.049  -1.246  -31.473 0.0000000000
120168  26.290  -0.586  -31.038 0.0000000000
119082  26.900  -1.400  -29.997 0.0000000000
120134  27.329  -0.470  -28.477 0.0000000000
119070  27.460  -1.543  -28.942 0.0000000000
119069  27.722  -2.174  -28.531 0.0000000000
117995  28.100  -2.704  -28.472 0.0000000000
116838  29.096  -3.444  -27.797 0.0000000000
116837  29.783  -3.719  -27.551 0.0000000000
116836  30.724  -3.625  -27.310 0.0000000000
117975  31.354  -2.651  -26.856 0.0000000000
119043  31.199  -0.968  -26.635 0.0000000000
119054  32.124  -1.546  -26.774 0.0000000000
119053  32.812  -1.644  -27.527 0.0000000000
121261  33.674  0.299  -29.525 0.0000000000
128720  27.383  7.316  -26.175 0.0000000000
128719  28.288  7.350  -26.537 0.0000000000
128718  29.167  7.451  -26.800 0.0000000000
105284  28.974  -13.606  -29.522 0.0000000000
104163  29.396  -14.552  -29.659 0.0000000000
104161  30.794  -14.682  -30.197 0.0000000000
104178  31.169  -14.906  -30.679 0.0000000000
104176  31.539  -14.052  -32.038 0.0000000000
104194  31.542  -14.881  -32.524 0.0000000000
103049  32.079  -15.825  -32.632 0.0000000000
121271  26.078  0.727  -30.935 0.0000000000
121270  26.539  0.811  -30.365 0.0000000000
122373  26.716  2.078  -30.266 0.0000000000
122367  26.843  1.346  -29.880 0.0000000000
123487  27.169  1.997  -29.614 0.0000000000
123462  28.318  2.392  -27.541 0.0000000000
94537  27.927  -22.380  -28.035 0.0000000000
108690  34.057  -10.402  -30.381 0.0000000000
107582  33.993  -11.304  -31.515 0.0000000000
108701  34.341  -10.390  -31.246 0.0000000000
104147  23.326  -14.491  -28.352 0.0000000000
103007  24.291  -15.396  -29.323 0.0000000000
101798  24.416  -15.979  -29.508 0.0000000000
104164  25.135  -15.011  -30.127 0.0000000000
104182  25.714  -14.419  -30.368 0.0000000000
105303  24.675  -13.333  -30.077 0.0000000000
105300  27.433  -13.467  -30.539 0.0000000000
108693  24.582  -10.272  -30.396 0.0000000000
108705  25.158  -10.692  -30.779 0.0000000000
107586  26.262  -11.598  -31.151 0.0000000000
107573  26.968  -12.109  -30.852 0.0000000000
106419  28.745  -12.587  -29.870 0.0000000000
106418  29.554  -12.649  -29.499 0.0000000000
107555  30.066  -11.690  -29.294 0.0000000000
108678  29.055  -10.593  -29.700 0.0000000000
108677  29.586  -11.119  -29.356 0.0000000000
107554  31.031  -11.877  -29.201 0.0000000000
107532  31.869  -10.728  -28.615 0.0000000000
108675  33.104  -10.484  -29.210 0.0000000000
114432  23.789  -5.538  -30.630 0.0000000000
114442  26.677  -6.017  -32.179 0.0000000000
112103  27.218  -6.777  -32.060 0.0000000000
118032  26.240  -2.269  -31.353 0.0000000000
116892  26.557  -3.272  -31.286 0.0000000000
116877  27.171  -3.424  -30.647 0.0000000000
115677  26.993  -4.290  -31.452 0.0000000000
114453  27.302  -5.236  -32.029 0.0000000000
113250  27.559  -6.066  -31.769 0.0000000000
112092  27.611  -7.222  -31.387 0.0000000000
110946  29.275  -8.339  -29.352 0.0000000000
112071  29.543  -7.303  -28.858 0.0000000000
110932  30.021  -8.344  -28.760 0.0000000000
109812  30.555  -9.315  -28.723 0.0000000000
109811  31.505  -9.207  -28.533 0.0000000000
108653  32.775  -9.796  -28.631 0.0000000000
108674  33.754  -9.949  -29.656 0.0000000000
109827  33.953  -9.229  -29.479 0.0000000000
109839  34.348  -9.427  -29.943 0.0000000000
110955  34.642  -8.643  -30.196 0.0000000000
112057  33.917  -7.764  -28.727 0.0000000000
113198  34.224  -7.321  -29.168 0.0000000000
112079  34.650  -7.765  -30.457 0.0000000000
115626  31.932  -4.678  -27.500 0.0000000000
116850  34.438  -4.600  -29.324 0.0000000000
125618  25.615  5.140  -30.145 0.0000000000
124491  28.511  2.980  -27.346 0.0000000000
123440  28.877  2.482  -27.019 0.0000000000
131533  29.558  10.640  -27.578 0.0000000000
130654  29.855  9.667  -27.226 0.0000000000
128733  30.832  7.669  -27.101 0.0000000000
131538  32.171  9.514  -28.953 0.0000000000
129736  32.243  8.702  -28.141 0.0000000000
128716  31.023  7.087  -26.922 0.0000000000
126642  31.099  5.584  -26.577 0.0000000000
126641  32.060  5.373  -26.722 0.0000000000
123438  30.569  2.573  -26.359 0.0000000000
122345  32.705  1.642  -27.059 0.0000000000
123460  33.416  2.627  -27.923 0.0000000000
122359  33.461  1.613  -28.184 0.0000000000
124561  33.251  3.183  -31.541 0.0000000000
123497  33.075  2.089  -31.611 0.0000000000
122379  33.273  1.220  -31.107 0.0000000000
121282  33.454  0.241  -31.719 0.0000000000
101797  24.850  -16.518  -29.619 0.0000000000
100628  26.511  -17.571  -29.344 0.0000000000
101812  26.717  -15.998  -29.745 0.0000000000
101795  27.035  -16.620  -29.593 0.0000000000
99420  28.236  -18.717  -29.686 0.0000000000
98301  29.246  -19.659  -30.231 0.0000000000
98300  29.877  -19.717  -30.512 0.0000000000
103002  29.834  -15.203  -29.877 0.0000000000
101808  30.636  -16.771  -31.449 0.0000000000
100639  30.597  -17.545  -31.233 0.0000000000
100640  29.987  -17.771  -30.631 0.0000000000
98290  30.258  -19.949  -30.096 0.0000000000
91972  25.796  -24.133  -27.455 0.0000000000
94555  27.975  -22.530  -28.431 0.0000000000
94573  27.479  -22.482  -29.382 0.0000000000
95856  27.865  -22.096  -26.746 0.0000000000
95892  27.333  -21.014  -29.002 0.0000000000
95910  27.644  -21.519  -29.539 0.0000000000
95921  28.857  -20.906  -30.376 0.0000000000
95923  28.081  -21.410  -29.929 0.0000000000
97133  29.990  -20.346  -30.176 0.0000000000
97135  28.124  -20.150  -29.743 0.0000000000
97143  29.873  -20.307  -30.388 0.0000000000
97146  27.958  -20.964  -30.012 0.0000000000
98291  29.995  -20.293  -29.841 0.0000000000
98292  28.049  -19.623  -29.658 0.0000000000
99431  31.131  -18.082  -31.189 0.0000000000
99434  29.020  -18.739  -29.852 0.0000000000
99441  31.184  -18.002  -31.376 0.0000000000
99442  30.924  -18.126  -31.254 0.0000000000
100616  26.669  -18.268  -29.008 0.0000000000
100630  24.994  -17.353  -29.388 0.0000000000
101823  31.054  -17.127  -31.712 0.0000000000
101834  32.428  -16.478  -32.553 0.0000000000
103001  30.452  -15.243  -30.212 0.0000000000
103003  27.421  -16.244  -29.723 0.0000000000
104134  23.011  -15.014  -27.668 0.0000000000
104177  31.410  -14.820  -31.620 0.0000000000
104193  31.457  -14.333  -32.278 0.0000000000
104208  31.859  -14.897  -32.998 0.0000000000
105295  32.831  -13.233  -31.669 0.0000000000
105298  31.128  -14.427  -30.298 0.0000000000
105317  26.271  -12.861  -31.026 0.0000000000
105333  31.782  -14.592  -33.013 0.0000000000
106448  33.285  -12.933  -31.878 0.0000000000
106450  27.536  -11.814  -31.103 0.0000000000
106451  26.307  -12.360  -31.044 0.0000000000
107553  32.365  -11.614  -29.265 0.0000000000
107569  34.105  -11.007  -30.866 0.0000000000
107574  26.677  -12.015  -30.927 0.0000000000
107583  33.613  -12.225  -31.636 0.0000000000
108654  32.047  -9.964  -28.421 0.0000000000
109809  32.975  -9.044  -28.576 0.0000000000
109829  28.934  -9.339  -29.858 0.0000000000
110928  33.479  -8.470  -28.692 0.0000000000
110944  34.332  -8.616  -29.498 0.0000000000
110958  24.185  -8.603  -30.500 0.0000000000
112056  34.301  -7.978  -29.176 0.0000000000
112070  34.622  -7.890  -29.661 0.0000000000
112102  27.427  -6.523  -31.940 0.0000000000
113180  32.859  -6.098  -27.811 0.0000000000
113181  32.587  -6.087  -27.791 0.0000000000
113226  29.192  -6.757  -29.382 0.0000000000
113239  26.878  -6.604  -32.191 0.0000000000
114392  33.435  -5.551  -27.965 0.0000000000
114394  32.154  -5.596  -27.657 0.0000000000
114406  33.279  -6.011  -27.954 0.0000000000
114408  30.742  -5.647  -28.004 0.0000000000
114418  29.300  -5.544  -28.812 0.0000000000
114454  26.827  -5.249  -32.234 0.0000000000
115688  27.046  -4.792  -32.098 0.0000000000
115689  26.691  -4.606  -31.928 0.0000000000
115690  26.286  -4.460  -31.786 0.0000000000
116878  26.918  -3.041  -30.968 0.0000000000
117976  30.372  -2.721  -26.890 0.0000000000
117993  31.264  -2.401  -26.974 0.0000000000
117996  27.634  -2.626  -29.050 0.0000000000
119042  31.592  -0.950  -26.593 0.0000000000
119055  31.033  -1.650  -26.729 0.0000000000
119068  30.702  -2.046  -26.711 0.0000000000
119083  26.637  -1.843  -30.458 0.0000000000
119094  26.789  -0.861  -30.358 0.0000000000
120123  30.913  -0.820  -26.603 0.0000000000
120143  27.195  -0.513  -29.388 0.0000000000
121242  30.614  -0.613  -26.516 0.0000000000
121257  26.858  0.765  -29.441 0.0000000000
122329  29.337  1.695  -26.587 0.0000000000
122344  33.178  1.845  -27.574 0.0000000000
122361  26.803  1.078  -29.601 0.0000000000
122366  27.096  1.860  -29.840 0.0000000000
123439  29.600  2.591  -26.564 0.0000000000
124487  31.967  3.532  -26.539 0.0000000000
125588  28.917  4.522  -27.530 0.0000000000
125631  25.661  4.671  -30.656 0.0000000000
126651  33.298  5.562  -27.779 0.0000000000
126688  34.049  5.845  -29.904 0.0000000000
126706  34.084  5.911  -30.147 0.0000000000
127719  32.158  6.924  -27.318 0.0000000000
127748  33.896  6.513  -29.571 0.0000000000
127761  34.114  6.156  -30.200 0.0000000000
128699  27.595  8.097  -25.165 0.0000000000
128700  27.181  8.226  -25.283 0.0000000000
128740  33.287  7.282  -28.481 0.0000000000
129688  27.604  8.371  -25.099 0.0000000000
129703  27.161  8.622  -25.234 0.0000000000
129727  32.604  7.753  -27.877 0.0000000000
129734  33.443  7.669  -28.755 0.0000000000
130652  31.620  8.929  -27.740 0.0000000000
130659  31.859  9.279  -28.380 0.0000000000
165987  26.921  2.485  -30.135 0.0000000000
165988  25.575  4.169  -31.282 0.0000000000
165991  25.415  4.472  -31.160 0.0000000000
