#!ascii label  , from subject sub-01 vox2ras=TkReg
396
35063  40.680  -68.419  -10.202 0.0000000000
22771  41.471  -77.302  -18.580 0.0000000000
29348  48.827  -72.514  -11.910 0.0000000000
28008  41.290  -73.588  -13.716 0.0000000000
19015  48.373  -80.469  -14.203 0.0000000000
23985  49.301  -76.684  -13.568 0.0000000000
20267  45.914  -79.941  -12.380 0.0000000000
25369  41.395  -75.864  -16.165 0.0000000000
32293  38.909  -70.211  -15.933 0.0000000000
30788  44.321  -71.018  -10.650 0.0000000000
26669  46.033  -74.396  -12.857 0.0000000000
24005  45.312  -76.433  -14.638 0.0000000000
20317  44.293  -79.887  -15.250 0.0000000000
16525  44.781  -82.525  -15.334 0.0000000000
39043  40.739  -65.438  -10.155 0.0000000000
35095  44.054  -68.082  -12.007 0.0000000000
33605  46.801  -69.633  -10.395 0.0000000000
35149  38.155  -68.815  -13.816 0.0000000000
21468  46.103  -78.342  -12.101 0.0000000000
24025  41.143  -76.815  -16.933 0.0000000000
26728  39.890  -73.984  -17.562 0.0000000000
29349  47.685  -71.930  -12.002 0.0000000000
27988  48.033  -73.560  -12.664 0.0000000000
21520  49.151  -78.199  -14.104 0.0000000000
25343  47.846  -75.980  -14.576 0.0000000000
21523  47.216  -78.507  -14.278 0.0000000000
22741  44.587  -77.785  -14.689 0.0000000000
19017  46.246  -80.446  -14.844 0.0000000000
16561  46.015  -82.255  -16.861 0.0000000000
37783  46.022  -67.282  -11.119 0.0000000000
35092  46.869  -68.684  -11.274 0.0000000000
35033  45.899  -68.638  -10.091 0.0000000000
29375  41.519  -73.007  -12.752 0.0000000000
30844  39.241  -71.617  -13.698 0.0000000000
36586  39.850  -67.345  -16.438 0.0000000000
39150  39.314  -65.559  -15.933 0.0000000000
26651  48.246  -74.467  -11.471 0.0000000000
26666  49.092  -74.415  -12.785 0.0000000000
23951  48.234  -76.114  -12.107 0.0000000000
21488  48.269  -78.666  -12.634 0.0000000000
18970  47.594  -80.703  -12.896 0.0000000000
26707  41.410  -74.380  -14.745 0.0000000000
29397  39.624  -72.535  -14.588 0.0000000000
28032  39.755  -73.713  -16.035 0.0000000000
30870  39.356  -71.329  -16.662 0.0000000000
24044  43.081  -76.672  -19.525 0.0000000000
32219  42.817  -70.330  -10.572 0.0000000000
27970  43.142  -73.318  -11.874 0.0000000000
26672  43.433  -74.019  -12.978 0.0000000000
26686  47.583  -74.687  -13.552 0.0000000000
26703  45.689  -74.969  -14.306 0.0000000000
26705  43.659  -74.769  -14.261 0.0000000000
24013  43.988  -76.511  -15.028 0.0000000000
22757  42.800  -77.755  -15.573 0.0000000000
21565  42.195  -78.931  -16.701 0.0000000000
16523  46.723  -82.112  -15.051 0.0000000000
17800  46.412  -81.545  -15.955 0.0000000000
19061  44.958  -80.869  -16.737 0.0000000000
21582  42.862  -78.966  -18.532 0.0000000000
40277  38.899  -64.509  -9.280 0.0000000000
37759  40.212  -66.720  -9.797 0.0000000000
36513  42.313  -66.873  -11.326 0.0000000000
35061  42.626  -68.477  -10.948 0.0000000000
33634  44.088  -69.544  -11.106 0.0000000000
32237  47.156  -70.220  -11.482 0.0000000000
32213  48.187  -71.074  -11.030 0.0000000000
30768  46.044  -71.163  -9.560 0.0000000000
27943  47.482  -73.141  -10.533 0.0000000000
35159  38.511  -68.603  -14.846 0.0000000000
36457  39.226  -67.423  -9.752 0.0000000000
36458  38.651  -67.491  -9.890 0.0000000000
35036  38.814  -67.949  -9.884 0.0000000000
22772  40.907  -76.798  -18.227 0.0000000000
24034  40.636  -76.094  -18.153 0.0000000000
30827  48.260  -71.813  -12.051 0.0000000000
27965  47.879  -72.643  -12.310 0.0000000000
29372  48.689  -72.729  -12.186 0.0000000000
20283  48.804  -79.657  -13.913 0.0000000000
21522  48.147  -78.447  -14.345 0.0000000000
20299  47.716  -79.315  -14.310 0.0000000000
20300  46.747  -79.547  -14.328 0.0000000000
19016  47.501  -80.575  -14.634 0.0000000000
16563  43.891  -82.402  -17.394 0.0000000000
36476  46.223  -67.826  -10.522 0.0000000000
29387  41.364  -73.343  -13.345 0.0000000000
29377  39.840  -72.053  -13.105 0.0000000000
29389  40.034  -72.468  -13.609 0.0000000000
39163  39.827  -65.449  -16.542 0.0000000000
25296  47.829  -75.483  -11.583 0.0000000000
23952  47.368  -76.638  -11.857 0.0000000000
20245  45.422  -79.134  -12.107 0.0000000000
22702  47.088  -77.977  -12.243 0.0000000000
21490  46.294  -79.207  -12.322 0.0000000000
20265  47.861  -79.660  -12.700 0.0000000000
20266  46.928  -79.881  -12.442 0.0000000000
25361  41.331  -75.350  -15.763 0.0000000000
28025  40.330  -73.885  -15.358 0.0000000000
26723  40.132  -74.451  -16.405 0.0000000000
28047  39.635  -72.795  -17.261 0.0000000000
29429  39.631  -71.762  -17.207 0.0000000000
33761  40.256  -69.319  -17.022 0.0000000000
30789  43.302  -71.179  -10.549 0.0000000000
27992  43.533  -73.720  -12.466 0.0000000000
26670  44.952  -74.291  -12.896 0.0000000000
25311  49.236  -75.579  -13.070 0.0000000000
28003  48.727  -74.264  -13.056 0.0000000000
26685  48.548  -75.115  -13.852 0.0000000000
24004  46.292  -76.610  -14.538 0.0000000000
25344  46.981  -75.876  -14.561 0.0000000000
25345  45.988  -75.729  -14.549 0.0000000000
26704  44.668  -74.833  -14.314 0.0000000000
25346  44.922  -75.615  -14.601 0.0000000000
25358  43.604  -75.832  -15.086 0.0000000000
24012  44.598  -76.283  -14.770 0.0000000000
21526  44.147  -78.498  -14.819 0.0000000000
22756  43.771  -77.526  -15.059 0.0000000000
21547  43.384  -78.657  -15.303 0.0000000000
21548  42.590  -78.758  -15.898 0.0000000000
20319  43.104  -79.363  -15.729 0.0000000000
11816  42.589  -87.050  -14.781 0.0000000000
15313  43.570  -83.865  -14.930 0.0000000000
16506  44.182  -83.044  -14.673 0.0000000000
16524  45.824  -82.470  -15.267 0.0000000000
17799  46.738  -81.731  -15.559 0.0000000000
16544  46.381  -82.219  -16.094 0.0000000000
19073  45.267  -81.245  -17.984 0.0000000000
17846  45.352  -81.278  -17.195 0.0000000000
19074  44.995  -80.974  -17.595 0.0000000000
20348  43.351  -80.091  -17.558 0.0000000000
20364  43.518  -79.825  -18.221 0.0000000000
40276  39.877  -64.081  -9.478 0.0000000000
39017  39.975  -65.409  -9.634 0.0000000000
37734  40.133  -66.088  -9.730 0.0000000000
37758  40.630  -66.325  -10.037 0.0000000000
36512  43.022  -67.207  -11.822 0.0000000000
35096  43.212  -68.142  -11.501 0.0000000000
35097  42.508  -67.729  -11.138 0.0000000000
33662  43.735  -68.882  -11.396 0.0000000000
33635  43.333  -69.516  -10.857 0.0000000000
33661  44.686  -69.048  -11.514 0.0000000000
35058  47.308  -69.113  -10.984 0.0000000000
33659  46.616  -69.253  -11.425 0.0000000000
33632  47.472  -69.705  -11.101 0.0000000000
32236  47.711  -70.716  -11.406 0.0000000000
32215  47.201  -70.399  -10.393 0.0000000000
29281  44.241  -72.249  -8.762 0.0000000000
29304  45.613  -72.131  -9.455 0.0000000000
29303  46.553  -71.794  -9.836 0.0000000000
30858  38.710  -71.182  -15.107 0.0000000000
30851  38.647  -71.144  -14.490 0.0000000000
33719  38.700  -69.455  -15.480 0.0000000000
39151  38.762  -65.602  -15.275 0.0000000000
24021  41.145  -76.223  -16.618 0.0000000000
25370  40.790  -75.481  -16.409 0.0000000000
30807  45.845  -71.255  -11.181 0.0000000000
29327  44.915  -71.737  -10.702 0.0000000000
29350  46.652  -72.115  -11.542 0.0000000000
27989  46.734  -73.757  -12.323 0.0000000000
22735  49.349  -77.501  -13.940 0.0000000000
25341  48.978  -76.184  -14.097 0.0000000000
22737  48.492  -77.574  -14.364 0.0000000000
22738  47.693  -77.589  -14.448 0.0000000000
22739  46.695  -77.556  -14.403 0.0000000000
22740  45.508  -77.475  -14.489 0.0000000000
21524  46.123  -78.529  -14.269 0.0000000000
20301  45.610  -79.502  -14.512 0.0000000000
19018  45.147  -80.221  -15.040 0.0000000000
16545  45.614  -82.479  -16.309 0.0000000000
16546  44.488  -82.448  -16.394 0.0000000000
16562  45.331  -82.430  -17.556 0.0000000000
35094  45.104  -68.142  -11.711 0.0000000000
35093  46.189  -68.375  -11.501 0.0000000000
36508  46.572  -67.908  -11.222 0.0000000000
36475  46.824  -68.143  -10.910 0.0000000000
35032  46.470  -69.025  -10.417 0.0000000000
32279  39.139  -71.216  -12.920 0.0000000000
33712  38.311  -69.835  -13.793 0.0000000000
35173  39.602  -68.272  -16.336 0.0000000000
35158  39.009  -68.466  -15.687 0.0000000000
36576  39.289  -67.481  -15.806 0.0000000000
26629  48.483  -73.631  -11.435 0.0000000000
27963  49.091  -73.293  -12.152 0.0000000000
26650  48.922  -74.011  -11.923 0.0000000000
25295  48.628  -75.116  -11.982 0.0000000000
23970  48.508  -76.827  -12.480 0.0000000000
22701  47.705  -77.574  -12.278 0.0000000000
22700  48.739  -77.741  -12.715 0.0000000000
21487  48.922  -78.497  -13.110 0.0000000000
20264  48.553  -79.487  -13.259 0.0000000000
28017  41.644  -74.034  -14.049 0.0000000000
29396  40.280  -73.037  -14.153 0.0000000000
28019  40.125  -73.287  -14.765 0.0000000000
28026  39.686  -73.169  -15.440 0.0000000000
30857  38.969  -71.250  -15.836 0.0000000000
26724  39.689  -73.750  -16.690 0.0000000000
29412  39.314  -72.102  -16.515 0.0000000000
32311  39.353  -70.473  -16.614 0.0000000000
33736  39.911  -68.791  -16.632 0.0000000000
36585  40.491  -67.172  -16.893 0.0000000000
22781  42.487  -77.445  -19.184 0.0000000000
33637  41.268  -69.421  -10.346 0.0000000000
33638  40.179  -69.466  -10.213 0.0000000000
32220  41.781  -70.391  -10.437 0.0000000000
27994  42.135  -73.380  -12.954 0.0000000000
28006  42.514  -73.810  -13.306 0.0000000000
26668  47.033  -74.404  -12.869 0.0000000000
26701  47.682  -75.349  -14.255 0.0000000000
26687  46.420  -74.682  -13.630 0.0000000000
26688  45.350  -74.521  -13.724 0.0000000000
26689  44.294  -74.472  -13.645 0.0000000000
26690  43.220  -74.290  -13.519 0.0000000000
28016  42.171  -74.082  -13.776 0.0000000000
26706  42.471  -74.648  -14.465 0.0000000000
25359  42.752  -75.587  -15.283 0.0000000000
24015  42.360  -76.331  -15.696 0.0000000000
22755  44.626  -76.986  -14.819 0.0000000000
24014  43.121  -76.631  -15.452 0.0000000000
24019  42.366  -77.056  -15.833 0.0000000000
22764  42.008  -77.898  -16.255 0.0000000000
21566  41.684  -78.330  -16.977 0.0000000000
21584  41.393  -77.797  -18.141 0.0000000000
17731  46.844  -81.586  -12.932 0.0000000000
14068  43.087  -85.151  -15.123 0.0000000000
16503  46.751  -82.038  -14.178 0.0000000000
17777  47.946  -81.239  -14.342 0.0000000000
17798  47.232  -81.461  -14.916 0.0000000000
19037  46.680  -81.211  -15.336 0.0000000000
19038  45.738  -80.988  -15.852 0.0000000000
17844  46.256  -82.008  -16.696 0.0000000000
19060  45.642  -81.224  -16.547 0.0000000000
19039  44.443  -80.349  -15.680 0.0000000000
19063  43.105  -79.993  -16.840 0.0000000000
20365  42.551  -79.208  -18.075 0.0000000000
21583  42.016  -78.322  -18.442 0.0000000000
21589  42.917  -78.289  -18.997 0.0000000000
42725  37.649  -62.789  -9.823 0.0000000000
41502  38.161  -63.638  -9.487 0.0000000000
40278  38.005  -64.676  -9.668 0.0000000000
39018  38.752  -65.623  -9.525 0.0000000000
37735  39.721  -66.474  -9.678 0.0000000000
36479  40.193  -67.341  -9.864 0.0000000000
36532  43.212  -66.614  -12.259 0.0000000000
37757  41.622  -66.581  -10.787 0.0000000000
36477  41.904  -67.385  -10.822 0.0000000000
35062  41.786  -68.327  -10.642 0.0000000000
33636  42.389  -69.346  -10.658 0.0000000000
32218  43.808  -70.250  -10.690 0.0000000000
32217  44.845  -70.119  -11.138 0.0000000000
33660  45.686  -69.046  -11.523 0.0000000000
32238  46.022  -70.096  -11.377 0.0000000000
32216  45.467  -70.579  -11.150 0.0000000000
30806  46.943  -71.046  -11.633 0.0000000000
32259  48.094  -71.353  -11.951 0.0000000000
30804  48.417  -71.735  -11.592 0.0000000000
30786  47.445  -71.372  -10.403 0.0000000000
29325  47.914  -72.218  -10.709 0.0000000000
27942  48.313  -72.984  -11.023 0.0000000000
32288  38.480  -70.473  -14.194 0.0000000000
36568  38.316  -67.664  -14.212 0.0000000000
36577  38.727  -67.607  -15.124 0.0000000000
37836  38.487  -66.658  -14.652 0.0000000000
12940  42.661  -86.161  -15.191 0.0000000000
16502  47.427  -81.665  -14.055 0.0000000000
16522  47.250  -81.685  -14.541 0.0000000000
17730  47.529  -81.257  -13.273 0.0000000000
17752  48.280  -81.144  -14.007 0.0000000000
17776  48.376  -80.951  -14.117 0.0000000000
17825  46.454  -81.878  -16.223 0.0000000000
17826  46.062  -81.617  -16.558 0.0000000000
17827  45.591  -81.386  -16.915 0.0000000000
17845  45.713  -81.745  -17.448 0.0000000000
18969  48.159  -80.172  -13.096 0.0000000000
18971  46.482  -80.790  -12.521 0.0000000000
19019  44.562  -80.016  -15.159 0.0000000000
19036  47.080  -81.314  -15.135 0.0000000000
19040  43.735  -80.143  -15.826 0.0000000000
19062  43.649  -80.301  -16.474 0.0000000000
19075  43.990  -80.474  -17.427 0.0000000000
19076  43.325  -80.164  -17.139 0.0000000000
19090  44.443  -80.432  -18.006 0.0000000000
20282  49.049  -78.838  -14.047 0.0000000000
20297  48.944  -78.658  -14.177 0.0000000000
20298  48.525  -79.307  -14.190 0.0000000000
20302  44.512  -79.449  -14.865 0.0000000000
20303  43.914  -79.063  -15.044 0.0000000000
20318  43.790  -79.635  -15.404 0.0000000000
20334  43.342  -79.902  -15.920 0.0000000000
20335  42.864  -79.642  -16.385 0.0000000000
20349  42.756  -79.691  -17.346 0.0000000000
21467  46.762  -78.129  -12.212 0.0000000000
21486  49.197  -78.208  -13.469 0.0000000000
21489  47.148  -78.700  -12.366 0.0000000000
21502  49.285  -78.220  -13.845 0.0000000000
21503  49.040  -78.846  -13.648 0.0000000000
21521  48.812  -78.310  -14.253 0.0000000000
21525  45.033  -78.543  -14.462 0.0000000000
21576  42.051  -78.807  -17.547 0.0000000000
21577  41.476  -78.082  -17.635 0.0000000000
21590  42.334  -77.957  -18.903 0.0000000000
22699  49.168  -77.805  -13.130 0.0000000000
22717  49.293  -77.565  -13.515 0.0000000000
22736  49.059  -77.529  -14.191 0.0000000000
22765  41.404  -77.548  -16.922 0.0000000000
22767  41.045  -77.214  -17.710 0.0000000000
22768  40.749  -76.628  -17.866 0.0000000000
22770  42.006  -77.688  -18.870 0.0000000000
22782  41.898  -77.271  -19.035 0.0000000000
23969  49.190  -76.881  -12.964 0.0000000000
23971  47.967  -76.786  -12.196 0.0000000000
24000  49.223  -76.739  -14.024 0.0000000000
24001  48.794  -76.781  -14.270 0.0000000000
24002  48.142  -76.751  -14.480 0.0000000000
24003  47.287  -76.706  -14.559 0.0000000000
24020  41.696  -76.687  -16.252 0.0000000000
24026  40.748  -76.276  -17.288 0.0000000000
24045  41.803  -76.528  -19.256 0.0000000000
25278  47.343  -74.763  -11.068 0.0000000000
25312  48.849  -75.854  -12.567 0.0000000000
25328  49.148  -75.810  -13.742 0.0000000000
25329  48.885  -75.726  -14.064 0.0000000000
25342  48.554  -75.964  -14.338 0.0000000000
25347  44.041  -75.382  -14.593 0.0000000000
25348  43.293  -75.263  -14.710 0.0000000000
25357  44.221  -75.916  -14.818 0.0000000000
25360  41.906  -75.721  -15.618 0.0000000000
26649  49.076  -73.954  -12.416 0.0000000000
26667  48.973  -74.757  -12.522 0.0000000000
26671  43.968  -74.166  -12.932 0.0000000000
26684  49.084  -74.832  -13.256 0.0000000000
26691  42.564  -74.230  -13.748 0.0000000000
26700  48.201  -75.556  -14.328 0.0000000000
26702  46.731  -75.187  -14.176 0.0000000000
26708  40.852  -74.197  -14.966 0.0000000000
26716  42.195  -75.246  -15.104 0.0000000000
26717  41.703  -74.996  -15.186 0.0000000000
26718  40.914  -74.691  -15.521 0.0000000000
26729  39.607  -73.410  -16.998 0.0000000000
27964  48.791  -73.045  -11.666 0.0000000000
27966  47.314  -72.907  -11.946 0.0000000000
27986  49.069  -73.613  -12.454 0.0000000000
27993  42.673  -73.456  -12.556 0.0000000000
28002  49.022  -74.116  -12.784 0.0000000000
28004  48.286  -74.423  -13.271 0.0000000000
28005  43.058  -73.863  -12.973 0.0000000000
28007  41.825  -73.564  -13.447 0.0000000000
28018  40.822  -73.729  -14.368 0.0000000000
28033  39.495  -73.053  -16.379 0.0000000000
29305  44.736  -72.560  -9.155 0.0000000000
29324  48.450  -72.153  -11.340 0.0000000000
29326  47.028  -72.411  -10.228 0.0000000000
29347  49.042  -73.014  -12.207 0.0000000000
29351  45.560  -72.410  -11.164 0.0000000000
29371  49.031  -73.227  -12.298 0.0000000000
29373  48.178  -72.454  -12.285 0.0000000000
29374  42.133  -73.198  -12.514 0.0000000000
29376  40.473  -72.328  -12.665 0.0000000000
29388  40.796  -73.133  -13.478 0.0000000000
29402  39.264  -72.330  -15.615 0.0000000000
30784  48.327  -71.515  -11.150 0.0000000000
30785  48.166  -71.426  -10.950 0.0000000000
30787  45.124  -70.917  -10.819 0.0000000000
30805  47.784  -71.086  -11.850 0.0000000000
30826  48.456  -71.974  -11.961 0.0000000000
30845  38.627  -71.031  -13.892 0.0000000000
30850  39.015  -71.702  -14.897 0.0000000000
30891  39.633  -71.001  -17.136 0.0000000000
32214  47.832  -70.630  -10.950 0.0000000000
32235  48.206  -71.145  -11.323 0.0000000000
32239  45.308  -69.565  -11.432 0.0000000000
32258  48.230  -71.360  -11.658 0.0000000000
32280  38.636  -70.622  -13.254 0.0000000000
32294  38.632  -70.488  -15.110 0.0000000000
32336  39.915  -70.300  -17.254 0.0000000000
33633  47.368  -69.666  -10.794 0.0000000000
33658  47.241  -69.516  -11.275 0.0000000000
33663  43.060  -68.883  -11.086 0.0000000000
33720  38.445  -69.613  -14.560 0.0000000000
33737  39.345  -69.345  -16.396 0.0000000000
33762  39.671  -69.851  -16.872 0.0000000000
35037  38.527  -67.824  -10.047 0.0000000000
35059  46.986  -68.898  -10.796 0.0000000000
35060  46.550  -68.443  -10.577 0.0000000000
35064  39.489  -68.423  -9.944 0.0000000000
35091  47.180  -68.928  -11.118 0.0000000000
35115  44.438  -67.644  -12.027 0.0000000000
36474  47.134  -68.646  -11.004 0.0000000000
36478  41.140  -67.409  -10.398 0.0000000000
36507  46.969  -68.442  -11.077 0.0000000000
36509  45.741  -67.570  -11.474 0.0000000000
36511  43.493  -67.673  -11.989 0.0000000000
37754  46.393  -67.518  -10.905 0.0000000000
37786  42.700  -66.189  -12.030 0.0000000000
37845  39.428  -66.392  -15.996 0.0000000000
37846  38.922  -66.752  -15.384 0.0000000000
37855  40.023  -66.509  -16.620 0.0000000000
40432  40.196  -64.573  -16.987 0.0000000000
