#!ascii label  , from subject sub-01 vox2ras=TkReg
732
85316  24.815  -28.774  -24.832 0.1428571492
86679  22.652  -28.391  -24.464 0.1428571492
87994  23.922  -26.974  -25.445 0.1428571492
85300  25.065  -29.319  -24.258 0.1428571492
87993  24.631  -27.528  -25.570 0.2857142985
86678  23.606  -28.305  -24.772 0.1428571492
86676  25.417  -28.359  -24.992 0.1428571492
90597  24.579  -25.718  -25.893 0.5714285970
89250  25.724  -27.013  -25.463 0.1428571492
90581  26.801  -25.569  -24.988 0.2857142985
89248  26.885  -26.378  -24.453 0.2857142985
90579  28.275  -25.006  -24.329 0.1428571492
90580  27.637  -25.517  -24.309 0.2857142985
95841  27.787  -22.186  -26.147 0.2857142985
94505  27.848  -22.524  -25.732 0.1428571492
93221  27.592  -23.431  -25.615 0.2857142985
97097  29.203  -20.435  -27.499 0.2857142985
95839  28.978  -20.996  -25.497 0.2857142985
98255  29.713  -19.873  -28.243 0.2857142985
99405  30.950  -18.517  -29.146 0.2857142985
101807  31.880  -17.068  -31.139 0.8571428657
100625  31.448  -17.758  -30.417 0.4285714328
99390  30.683  -18.444  -28.054 0.2857142985
103047  33.713  -15.669  -32.819 0.7142857313
103036  33.074  -16.260  -32.421 0.7142857313
101821  32.482  -16.786  -31.873 0.7142857313
104205  34.712  -15.051  -33.207 0.8571428657
104206  33.579  -15.166  -33.021 0.8571428657
103048  32.898  -16.135  -33.036 0.7142857313
101833  32.597  -16.619  -32.415 0.7142857313
105358  35.769  -13.660  -34.627 0.4285714328
105330  34.454  -14.251  -33.746 0.7142857313
108731  35.774  -10.746  -34.574 0.2857142985
108721  35.285  -10.778  -33.814 0.5714285970
106474  34.989  -12.949  -34.431 0.8571428657
106473  35.539  -12.320  -34.810 0.7142857313
106461  34.313  -13.087  -33.134 0.8571428657
109877  35.986  -9.699  -34.720 0.1428571492
108730  36.417  -10.667  -34.928 0.1428571492
109878  35.476  -9.921  -34.221 0.4285714328
107604  35.445  -11.747  -34.365 0.5714285970
107605  34.793  -11.865  -33.541 0.8571428657
113248  35.104  -7.193  -33.284 0.1428571492
110993  35.464  -8.822  -34.165 0.1428571492
109870  34.984  -9.636  -33.502 0.4285714328
108712  34.389  -10.592  -32.161 0.8571428657
113260  34.691  -6.115  -33.609 0.1428571492
113259  35.174  -6.906  -33.706 0.1428571492
113249  34.700  -6.672  -32.794 0.1428571492
112100  35.007  -7.475  -33.008 0.1428571492
112101  34.640  -7.688  -32.371 0.4285714328
110984  34.693  -8.815  -32.720 0.5714285970
109862  34.600  -9.451  -31.795 0.7142857313
108701  34.341  -10.390  -31.246 0.8571428657
114439  34.154  -5.688  -31.884 0.1428571492
115675  34.155  -4.573  -31.787 0.1428571492
113237  34.463  -6.728  -31.661 0.5714285970
110965  34.493  -8.564  -31.088 0.8571428657
109850  34.449  -9.487  -30.767 0.8571428657
115676  33.835  -4.355  -32.456 0.1428571492
116875  34.201  -3.723  -31.070 0.2857142985
115653  34.604  -5.134  -30.031 0.8571428657
112090  34.484  -7.659  -31.373 0.8571428657
110975  34.506  -8.427  -31.892 0.7142857313
113213  34.474  -7.043  -29.828 0.8571428657
119092  34.013  -2.142  -30.486 0.1428571492
119093  33.620  -1.965  -31.094 0.1428571492
116851  34.158  -3.721  -29.063 0.8571428657
116850  34.438  -4.600  -29.324 0.8571428657
114404  34.212  -6.431  -29.107 0.8571428657
113199  33.750  -6.888  -28.549 0.8571428657
118006  34.291  -2.937  -30.235 0.4285714328
115641  34.053  -4.763  -28.559 0.8571428657
115640  34.365  -5.472  -29.139 0.8571428657
115624  33.476  -5.098  -27.983 0.8571428657
120152  33.831  -1.537  -30.557 0.1428571492
120142  34.066  -0.992  -30.008 0.2857142985
119080  34.189  -2.030  -29.932 0.5714285970
119081  33.675  -1.848  -29.254 0.8571428657
118007  34.050  -2.765  -29.459 0.8571428657
117992  33.616  -2.802  -28.674 0.8571428657
116833  33.489  -3.970  -28.125 0.8571428657
117973  33.116  -2.791  -27.866 0.8571428657
115625  32.825  -4.828  -27.655 0.8571428657
121268  33.705  0.221  -30.614 0.2857142985
120133  33.614  -0.732  -28.883 0.7142857313
117974  32.319  -2.713  -27.238 0.8571428657
116834  32.621  -3.869  -27.609 0.8571428657
120121  33.314  -0.576  -27.874 0.8571428657
119053  32.812  -1.644  -27.527 0.8571428657
120111  31.972  -0.423  -26.668 0.7142857313
119054  32.124  -1.546  -26.774 0.7142857313
121255  33.511  0.463  -28.468 0.8571428657
121240  33.059  0.725  -27.570 0.8571428657
120122  32.597  -0.489  -27.214 0.8571428657
121241  32.429  0.566  -26.791 0.8571428657
122345  32.705  1.642  -27.059 0.8571428657
121227  31.632  0.486  -26.476 0.7142857313
123476  33.551  2.566  -28.776 0.7142857313
123460  33.416  2.627  -27.923 0.8571428657
124507  33.199  3.533  -27.617 0.8571428657
125586  33.423  4.610  -27.872 0.7142857313
123461  32.927  2.614  -27.333 0.8571428657
126720  33.548  5.325  -31.834 0.1428571492
124528  33.567  3.595  -28.383 0.8571428657
125603  33.716  4.572  -28.847 0.7142857313
126670  33.528  5.453  -28.456 0.7142857313
125587  32.945  4.259  -27.284 0.8571428657
127784  32.856  7.086  -32.623 0.1428571492
127747  34.097  6.080  -29.965 0.5714285970
128759  33.799  7.293  -29.893 0.5714285970
129743  33.544  7.894  -29.222 0.5714285970
128768  33.560  7.385  -30.975 0.1428571492
128788  32.233  8.200  -33.169 0.1428571492
129744  33.105  8.550  -29.348 0.5714285970
130696  31.290  9.217  -32.502 0.1428571492
130706  31.091  9.115  -33.344 0.1428571492
129765  32.638  8.506  -31.178 0.1428571492
130707  30.353  9.713  -33.592 0.1428571492
129755  32.928  8.645  -30.223 0.5714285970
130697  30.652  9.767  -32.645 0.1428571492
130686  31.015  9.844  -31.981 0.1428571492
131590  29.541  10.072  -33.451 0.1428571492
131563  30.369  10.567  -31.726 0.1428571492
85301  23.978  -29.628  -24.059 0.1428571492
85319  22.644  -29.102  -24.193 0.1428571492
87992  25.383  -27.526  -25.530 0.2857142985
86675  26.330  -27.913  -24.553 0.1428571492
87974  27.134  -27.220  -24.257 0.2857142985
89249  26.226  -26.523  -25.342 0.2857142985
94504  28.353  -22.495  -25.246 0.2857142985
93205  28.353  -23.437  -24.889 0.2857142985
93206  27.825  -23.887  -25.102 0.1428571492
98272  30.495  -19.390  -28.976 0.2857142985
101793  31.696  -16.983  -29.998 0.4285714328
99404  31.267  -18.370  -29.939 0.5714285970
104218  35.399  -14.652  -34.076 0.2857142985
101822  31.871  -17.016  -32.066 0.7142857313
106487  35.907  -12.855  -35.036 0.1428571492
106462  33.588  -13.064  -32.410 0.8571428657
108722  34.614  -10.731  -33.081 0.7142857313
114440  33.925  -5.097  -32.421 0.1428571492
114429  34.492  -5.872  -30.863 0.8571428657
114417  34.369  -6.114  -29.951 0.8571428657
113198  34.224  -7.321  -29.168 0.8571428657
114405  33.701  -5.824  -28.260 0.8571428657
121261  33.674  0.299  -29.525 0.8571428657
124543  33.739  3.659  -29.408 0.8571428657
126689  33.871  5.534  -29.579 0.7142857313
127762  34.058  6.430  -30.390 0.2857142985
129764  33.156  8.128  -30.768 0.1428571492
129783  32.199  8.346  -32.761 0.1428571492
130719  29.829  10.038  -34.619 0.1428571492
85303  22.149  -29.395  -23.735 0.1428571492
89268  25.294  -26.527  -25.832 0.4285714328
89267  26.021  -26.152  -26.267 0.4285714328
89285  25.646  -25.979  -26.297 0.2857142985
91937  27.465  -24.285  -25.299 0.1428571492
95825  28.630  -21.959  -25.049 0.2857142985
97069  28.916  -20.769  -25.966 0.2857142985
95855  28.304  -21.649  -27.064 0.2857142985
95874  28.009  -22.099  -27.350 0.2857142985
97083  28.735  -20.936  -26.739 0.2857142985
100638  31.446  -17.726  -31.229 0.7142857313
112119  35.643  -7.555  -34.384 0.1428571492
114461  34.110  -5.480  -33.699 0.1428571492
116889  34.019  -3.836  -31.886 0.1428571492
116876  33.851  -3.270  -31.602 0.2857142985
118019  33.625  -2.615  -31.749 0.1428571492
116863  34.525  -4.004  -30.037 0.8571428657
110955  34.642  -8.643  -30.196 0.8571428657
109839  34.348  -9.427  -29.943 1.0000000000
120153  33.552  -0.936  -31.117 0.1428571492
122372  33.312  1.312  -30.131 0.2857142985
119067  30.991  -2.069  -26.804 0.8571428657
122365  33.447  1.451  -29.120 0.5714285970
123486  33.439  2.453  -29.773 0.5714285970
124553  33.584  3.403  -30.481 0.5714285970
125617  33.758  4.572  -29.494 0.7142857313
126707  33.906  5.478  -30.699 0.4285714328
125641  33.549  4.343  -31.186 0.2857142985
127773  33.760  6.358  -31.395 0.1428571492
128778  33.432  6.950  -31.711 0.1428571492
128779  32.931  7.525  -31.903 0.1428571492
131551  32.125  10.094  -30.427 0.2857142985
128787  32.582  7.716  -32.969 0.1428571492
130685  31.619  9.475  -31.710 0.1428571492
131562  31.291  10.361  -31.381 0.1428571492
131577  29.131  10.644  -32.919 0.1428571492
131564  29.577  10.790  -32.162 0.1428571492
131578  28.673  10.782  -33.369 0.1428571492
123492  33.394  2.281  -30.785 0.4285714328
125630  33.709  4.506  -30.146 0.5714285970
87977  24.347  -27.826  -25.359 0.1428571492
86680  22.066  -28.281  -24.205 0.1428571492
89269  24.275  -26.406  -25.658 0.4285714328
89251  23.324  -26.888  -25.120 0.2857142985
86674  26.787  -27.642  -24.400 0.1428571492
90595  26.449  -25.581  -25.943 0.1428571492
91921  27.288  -24.893  -24.904 0.1428571492
95840  28.361  -21.620  -25.840 0.2857142985
103049  32.079  -15.825  -32.632 0.7142857313
105346  35.344  -13.860  -34.312 0.8571428657
112110  35.120  -7.822  -33.678 0.1428571492
112111  34.906  -8.085  -33.067 0.1428571492
115665  34.526  -4.809  -30.967 0.5714285970
112079  34.650  -7.765  -30.457 0.8571428657
116864  34.312  -3.333  -29.675 0.8571428657
119066  33.403  -1.730  -28.283 0.8571428657
122359  33.461  1.613  -28.184 0.8571428657
127783  33.233  6.397  -32.380 0.1428571492
129754  33.419  8.035  -30.089 0.5714285970
128750  33.648  7.209  -29.067 0.5714285970
129791  31.605  8.450  -34.047 0.1428571492
130672  32.521  9.332  -30.357 0.4285714328
129766  32.047  8.824  -31.647 0.1428571492
130718  30.478  9.716  -34.516 0.1428571492
130717  31.160  9.245  -34.278 0.1428571492
129774  32.412  8.319  -32.149 0.1428571492
130684  32.169  9.405  -31.098 0.1428571492
131576  29.961  10.321  -32.793 0.1428571492
93204  29.446  -23.408  -24.289 0.1428571492
90613  26.107  -25.514  -26.661 0.4285714328
97098  28.707  -21.194  -27.747 0.5714285970
131552  31.552  10.612  -30.577 0.1428571492
94572  28.048  -22.645  -29.105 0.5714285970
94574  27.044  -22.046  -29.290 0.5714285970
95894  25.716  -21.248  -28.130 0.2857142985
95922  28.470  -21.182  -30.145 0.5714285970
97116  27.339  -20.439  -28.984 0.5714285970
95875  25.419  -21.905  -27.778 0.4285714328
95909  28.286  -21.854  -29.682 0.5714285970
97119  24.807  -20.478  -28.014 0.2857142985
97118  25.969  -20.460  -28.528 0.4285714328
98290  30.258  -19.949  -30.096 0.4285714328
97144  29.330  -20.467  -30.311 0.5714285970
98293  27.483  -19.508  -29.313 0.5714285970
99406  26.961  -18.921  -28.930 0.4285714328
98300  29.877  -19.717  -30.512 0.5714285970
99433  29.665  -18.779  -30.479 0.5714285970
98302  28.679  -19.422  -29.816 0.4285714328
100641  28.982  -17.849  -30.298 0.4285714328
99432  30.622  -18.599  -30.821 0.4285714328
98275  26.407  -19.609  -28.801 0.4285714328
98276  25.422  -19.484  -28.728 0.2857142985
98277  24.460  -19.241  -28.511 0.2857142985
99421  27.555  -18.762  -29.409 0.4285714328
101808  30.636  -16.771  -31.449 0.7142857313
103022  30.069  -15.994  -30.185 0.4285714328
103000  30.842  -15.175  -30.515 0.7142857313
104162  30.221  -14.537  -29.777 0.5714285970
104161  30.794  -14.682  -30.197 0.7142857313
105283  29.909  -13.658  -29.463 0.2857142985
100652  31.237  -17.670  -31.505 0.5714285970
103038  30.904  -16.447  -31.664 0.5714285970
103021  30.779  -15.769  -31.126 0.7142857313
104176  31.539  -14.052  -32.038 0.7142857313
105281  31.941  -13.583  -30.101 0.7142857313
105280  32.374  -13.277  -30.382 0.7142857313
106416  31.545  -12.765  -29.573 0.7142857313
106417  30.505  -12.741  -29.442 0.4285714328
107554  31.031  -11.877  -29.201 0.4285714328
104207  32.565  -15.166  -33.046 0.5714285970
104194  31.542  -14.881  -32.524 0.5714285970
105332  32.054  -14.517  -33.008 0.5714285970
105296  32.205  -13.653  -31.292 0.5714285970
106433  32.803  -12.836  -30.459 0.7142857313
107571  32.804  -12.276  -29.933 0.7142857313
108675  33.104  -10.484  -29.210 0.7142857313
107533  31.154  -11.104  -28.750 0.7142857313
109811  31.505  -9.207  -28.533 0.5714285970
107594  33.880  -11.840  -32.584 0.7142857313
107595  33.604  -12.524  -32.139 0.5714285970
106432  33.123  -12.851  -31.202 0.5714285970
107570  33.453  -11.696  -30.430 0.7142857313
108674  33.754  -9.949  -29.656 0.8571428657
107534  30.542  -11.319  -28.965 0.4285714328
109828  33.409  -9.392  -29.056 0.7142857313
109810  32.323  -9.122  -28.453 0.7142857313
110929  32.720  -8.343  -28.353 0.7142857313
110931  31.005  -8.335  -28.583 0.5714285970
110930  31.880  -8.338  -28.279 0.7142857313
107552  33.155  -11.162  -29.644 0.7142857313
109827  33.953  -9.229  -29.479 0.8571428657
110945  33.821  -8.784  -29.179 0.8571428657
112059  32.368  -7.468  -28.071 0.7142857313
112060  31.451  -7.448  -28.228 0.5714285970
114409  30.023  -5.555  -28.552 0.2857142985
112058  33.242  -7.575  -28.310 0.7142857313
115628  30.252  -4.366  -27.677 0.7142857313
110927  34.006  -8.319  -29.030 0.7142857313
113202  31.027  -6.585  -28.113 0.8571428657
115626  31.932  -4.678  -27.500 0.8571428657
113201  31.973  -6.538  -27.840 0.8571428657
115642  30.317  -4.976  -28.034 0.5714285970
115627  30.984  -4.629  -27.606 0.8571428657
116836  30.724  -3.625  -27.310 0.8571428657
116837  29.783  -3.719  -27.551 0.7142857313
113200  33.006  -6.482  -27.941 0.8571428657
116835  31.657  -3.713  -27.296 0.8571428657
117975  31.354  -2.651  -26.856 0.8571428657
117994  30.832  -2.271  -26.743 0.7142857313
122326  32.042  1.544  -26.505 0.7142857313
122327  31.152  1.484  -26.226 0.7142857313
122328  30.194  1.561  -26.244 0.7142857313
123437  31.539  2.550  -26.436 0.7142857313
123436  32.370  2.560  -26.748 0.7142857313
124508  32.667  3.484  -27.027 0.8571428657
125577  31.488  4.555  -26.501 0.7142857313
123438  30.569  2.573  -26.359 0.7142857313
125578  30.327  4.766  -26.544 0.7142857313
126642  31.099  5.584  -26.577 0.7142857313
126652  32.843  5.235  -27.227 0.7142857313
127701  32.454  5.902  -26.996 0.7142857313
126643  30.242  5.801  -26.672 0.5714285970
127702  31.786  6.441  -26.886 0.4285714328
127703  30.679  6.480  -26.735 0.5714285970
126644  29.389  5.572  -27.048 0.5714285970
128732  31.648  7.445  -27.225 0.5714285970
128716  31.023  7.087  -26.922 0.5714285970
128717  30.178  7.391  -26.795 0.5714285970
127704  29.759  6.569  -26.815 0.4285714328
127705  28.857  6.653  -27.141 0.5714285970
126645  28.517  5.952  -27.464 0.4285714328
128718  29.167  7.451  -26.800 0.5714285970
127706  27.848  6.558  -26.909 0.4285714328
126656  26.791  5.757  -28.265 0.4285714328
128719  28.288  7.350  -26.537 0.5714285970
128706  27.953  7.779  -25.605 0.4285714328
101806  32.289  -16.498  -30.751 0.2857142985
129719  28.582  8.208  -26.233 0.2857142985
94557  26.675  -22.608  -28.785 0.5714285970
94540  25.965  -22.828  -27.851 0.5714285970
97114  29.234  -20.716  -28.670 0.2857142985
95890  28.844  -21.266  -29.288 0.4285714328
94558  26.126  -22.025  -28.227 0.5714285970
98273  29.929  -20.172  -29.328 0.2857142985
97134  29.668  -20.598  -29.909 0.5714285970
95895  25.110  -21.256  -27.858 0.2857142985
99420  28.236  -18.717  -29.686 0.4285714328
100626  28.431  -18.119  -29.929 0.5714285970
99408  25.006  -18.561  -29.068 0.2857142985
99407  26.015  -18.540  -29.188 0.2857142985
101810  29.461  -16.848  -30.258 0.5714285970
103018  33.369  -15.434  -30.945 0.2857142985
104179  28.498  -14.629  -29.844 0.2857142985
105282  30.952  -13.847  -29.849 0.7142857313
112057  33.917  -7.764  -28.727 0.8571428657
114407  31.421  -5.949  -27.796 0.7142857313
120112  31.322  -0.419  -26.604 0.7142857313
121228  30.732  0.236  -26.399 0.7142857313
121243  30.191  -0.395  -26.412 0.7142857313
127717  33.353  5.987  -28.070 0.5714285970
127718  32.827  6.428  -27.610 0.5714285970
127732  33.112  6.866  -28.179 0.5714285970
128731  32.389  7.354  -27.582 0.5714285970
129717  30.325  8.108  -26.984 0.2857142985
100627  27.747  -17.651  -29.484 0.4285714328
105331  33.144  -14.149  -32.902 0.7142857313
103037  31.298  -15.977  -31.990 0.5714285970
108690  34.057  -10.402  -30.381 0.7142857313
107582  33.993  -11.304  -31.515 0.7142857313
114393  33.055  -5.733  -27.802 0.7142857313
125576  32.380  4.413  -26.815 0.8571428657
99418  31.166  -18.314  -30.648 0.5714285970
100653  30.962  -17.905  -31.390 0.5714285970
119056  30.087  -2.043  -26.642 0.7142857313
105316  31.650  -14.441  -32.862 0.5714285970
95891  28.463  -22.134  -28.879 0.5714285970
95911  27.165  -21.576  -29.183 0.5714285970
94556  27.415  -22.853  -28.666 0.4285714328
95893  26.632  -21.484  -28.738 0.5714285970
97117  26.870  -20.479  -28.731 0.4285714328
95908  29.041  -21.276  -30.226 0.5714285970
97136  27.735  -20.400  -29.511 0.5714285970
97145  28.502  -20.368  -30.087 0.5714285970
98274  27.199  -19.872  -28.932 0.4285714328
98301  29.246  -19.659  -30.231 0.5714285970
100615  27.151  -18.170  -28.989 0.4285714328
100640  29.987  -17.771  -30.631 0.5714285970
100639  30.597  -17.545  -31.233 0.5714285970
101809  30.194  -16.793  -30.886 0.7142857313
103002  29.834  -15.203  -29.877 0.4285714328
103023  29.084  -15.713  -29.799 0.4285714328
103020  31.098  -15.515  -31.645 0.7142857313
104178  31.169  -14.906  -30.679 0.7142857313
104163  29.396  -14.552  -29.659 0.2857142985
105297  31.501  -14.240  -30.615 0.7142857313
105315  31.881  -14.052  -32.544 0.7142857313
106415  32.352  -12.782  -29.863 0.7142857313
105314  32.771  -13.492  -32.186 0.5714285970
107532  31.869  -10.728  -28.615 0.7142857313
108676  32.464  -10.547  -28.752 0.7142857313
108691  33.533  -10.748  -29.848 0.5714285970
108653  32.775  -9.796  -28.631 0.7142857313
109812  30.555  -9.315  -28.723 0.2857142985
113203  30.257  -6.449  -28.549 0.5714285970
113214  29.553  -6.280  -28.924 0.2857142985
114395  31.412  -5.311  -27.661 0.8571428657
124488  30.979  3.604  -26.398 0.7142857313
126641  32.060  5.373  -26.722 0.8571428657
128733  30.832  7.669  -27.101 0.7142857313
129718  29.465  8.292  -26.715 0.5714285970
99422  25.866  -17.841  -29.453 0.1428571492
101795  27.035  -16.620  -29.593 0.4285714328
98223  29.772  -19.713  -26.286 0.1428571492
98239  29.657  -19.716  -27.155 0.1428571492
98238  30.198  -19.197  -26.748 0.1428571492
100613  31.294  -17.716  -29.245 0.1428571492
99377  30.533  -18.686  -27.201 0.1428571492
98222  30.342  -19.254  -25.758 0.1428571492
101782  31.742  -16.783  -28.701 0.1428571492
100614  30.983  -18.026  -28.488 0.1428571492
99376  31.016  -18.052  -27.051 0.1428571492
104175  34.008  -15.124  -31.328 0.2857142985
104190  35.361  -14.697  -32.346 0.1428571492
119043  31.199  -0.968  -26.635 0.5714285970
132492  27.091  11.629  -32.432 0.1428571492
119057  29.017  -2.045  -27.678 0.4285714328
132486  27.428  11.774  -31.541 0.1428571492
132489  29.621  11.160  -31.460 0.1428571492
121244  29.456  -0.065  -26.471 0.4285714328
121229  29.914  0.786  -26.330 0.5714285970
122330  28.691  1.686  -27.102 0.4285714328
131541  29.956  11.249  -28.270 0.2857142985
131532  30.662  10.074  -27.777 0.2857142985
129729  31.065  8.344  -27.353 0.2857142985
131531  31.334  9.581  -27.929 0.2857142985
123477  27.112  2.290  -29.093 0.1428571492
123440  28.877  2.482  -27.019 0.5714285970
124489  29.953  3.610  -26.617 0.5714285970
130654  29.855  9.667  -27.226 0.2857142985
129728  32.181  8.171  -27.598 0.4285714328
124510  28.090  3.467  -27.900 0.4285714328
124509  28.529  4.058  -27.591 0.5714285970
125590  27.304  4.503  -28.680 0.4285714328
125589  28.323  4.571  -27.988 0.2857142985
130645  28.886  8.749  -26.423 0.1428571492
129730  30.099  8.818  -27.077 0.1428571492
130644  29.158  9.236  -26.580 0.1428571492
125591  26.293  5.251  -28.934 0.1428571492
126655  27.914  5.517  -27.985 0.4285714328
130633  28.494  9.220  -25.931 0.1428571492
130632  28.789  9.377  -26.251 0.1428571492
131523  29.059  10.098  -26.606 0.1428571492
129702  28.003  8.513  -25.229 0.2857142985
129704  26.347  8.543  -24.925 0.1428571492
131513  28.769  9.675  -26.175 0.1428571492
130634  27.420  9.592  -25.029 0.1428571492
131514  28.193  10.383  -25.653 0.1428571492
131515  27.693  10.345  -24.933 0.1428571492
90616  24.239  -25.195  -26.063 0.4285714328
93242  23.848  -23.601  -26.358 0.2857142985
97068  29.569  -20.330  -25.495 0.1428571492
99389  30.919  -17.985  -27.740 0.1428571492
101792  32.277  -16.346  -29.525 0.1428571492
127731  33.480  6.422  -28.608 0.4285714328
131538  32.171  9.514  -28.953 0.2857142985
131533  29.558  10.640  -27.578 0.2857142985
131540  30.647  10.861  -28.263 0.2857142985
131524  28.643  10.937  -26.614 0.2857142985
93222  23.389  -23.624  -25.836 0.2857142985
91919  28.788  -24.422  -24.277 0.1428571492
91920  27.920  -24.467  -24.686 0.1428571492
95824  29.238  -21.425  -24.879 0.1428571492
103046  34.235  -15.328  -32.543 0.1428571492
103019  32.837  -15.937  -31.471 0.1428571492
120125  29.954  -1.061  -26.640 0.4285714328
124511  27.239  3.282  -28.732 0.2857142985
126653  29.212  4.984  -27.415 0.5714285970
129735  32.960  8.096  -28.393 0.4285714328
132462  29.325  11.378  -27.949 0.2857142985
131539  31.520  10.156  -28.611 0.2857142985
132466  31.201  11.007  -28.851 0.2857142985
133376  30.184  11.814  -29.159 0.2857142985
132476  29.563  11.698  -29.591 0.1428571492
132477  28.638  12.258  -29.936 0.1428571492
131534  28.804  11.253  -27.401 0.2857142985
132484  29.138  11.575  -30.742 0.1428571492
131553  30.850  10.968  -30.715 0.1428571492
132483  29.986  11.209  -30.638 0.1428571492
104204  35.692  -14.736  -32.842 0.2857142985
130663  32.602  9.170  -29.532 0.4285714328
131546  31.588  10.598  -29.606 0.2857142985
132474  31.025  11.151  -29.353 0.1428571492
90615  24.746  -25.175  -26.245 0.4285714328
103035  33.804  -15.470  -32.037 0.4285714328
128741  32.827  7.296  -28.050 0.4285714328
130658  32.504  8.910  -28.778 0.2857142985
131545  32.209  9.899  -29.557 0.2857142985
121230  29.050  1.001  -26.724 0.4285714328
125579  29.408  4.525  -26.955 0.5714285970
129736  32.243  8.702  -28.141 0.2857142985
128707  27.011  7.965  -25.498 0.2857142985
120124  30.462  -1.085  -26.557 0.5714285970
126654  28.864  5.234  -27.793 0.5714285970
100600  31.198  -17.525  -27.939 0.1428571492
99366  30.625  -18.643  -26.473 0.1428571492
101781  32.221  -16.236  -28.754 0.1428571492
121231  28.528  1.122  -27.122 0.2857142985
130653  30.800  9.264  -27.469 0.2857142985
123463  27.681  2.364  -28.237 0.2857142985
124491  28.511  2.980  -27.346 0.4285714328
125604  27.112  3.845  -29.349 0.2857142985
124490  28.951  3.545  -27.143 0.5714285970
91939  23.485  -24.518  -25.794 0.2857142985
102988  32.630  -15.582  -28.844 0.1428571492
120126  28.811  -0.861  -27.211 0.2857142985
132467  30.557  11.498  -28.832 0.2857142985
132475  30.399  11.344  -29.681 0.2857142985
108655  31.183  -10.149  -28.593 0.4285714328
133354  27.909  12.424  -25.961 0.1428571492
133362  27.914  12.635  -26.932 0.1428571492
131503  27.289  10.634  -24.275 0.1428571492
132457  28.328  11.777  -26.722 0.1428571492
132463  28.620  11.901  -27.837 0.1428571492
132440  28.109  11.167  -24.938 0.1428571492
132441  27.252  11.695  -24.381 0.1428571492
132449  28.061  11.551  -25.607 0.1428571492
132450  27.629  12.341  -25.131 0.1428571492
134341  27.674  13.434  -26.612 0.1428571492
133347  27.364  12.914  -24.375 0.1428571492
133355  27.711  13.135  -25.297 0.1428571492
112061  30.539  -7.408  -28.525 0.2857142985
133363  27.718  13.306  -27.271 0.1428571492
99419  31.023  -19.049  -30.019 0.2857142985
133368  28.171  12.853  -27.990 0.1428571492
93253  26.155  -23.717  -27.695 0.4285714328
93239  26.688  -23.841  -27.280 0.2857142985
93238  27.157  -23.703  -26.547 0.1428571492
94539  26.735  -23.126  -27.917 0.2857142985
94523  27.107  -23.193  -27.194 0.1428571492
94538  27.590  -22.546  -27.662 0.2857142985
91971  26.234  -24.314  -27.352 0.2857142985
95873  28.230  -22.031  -27.976 0.2857142985
93254  25.535  -23.494  -27.439 0.4285714328
95856  27.865  -22.096  -26.746 0.1428571492
94522  27.478  -22.756  -26.489 0.1428571492
91955  27.176  -24.188  -25.929 0.1428571492
94537  27.927  -22.380  -28.035 0.2857142985
123462  28.318  2.392  -27.541 0.2857142985
93241  24.530  -23.517  -26.713 0.2857142985
93240  25.281  -24.005  -27.110 0.2857142985
94524  24.351  -22.732  -26.768 0.2857142985
94541  24.930  -22.689  -27.292 0.2857142985
100642  28.384  -17.636  -29.931 0.2857142985
101811  28.455  -16.873  -29.868 0.2857142985
103024  27.844  -15.754  -29.902 0.2857142985
106418  29.554  -12.649  -29.499 0.1428571492
107555  30.066  -11.690  -29.294 0.2857142985
108656  30.028  -10.536  -28.869 0.1428571492
113215  29.047  -6.129  -29.354 0.1428571492
115654  29.096  -4.867  -28.841 0.1428571492
116852  29.075  -4.055  -27.946 0.1428571492
115644  28.861  -4.455  -28.423 0.1428571492
116838  29.096  -3.444  -27.797 0.1428571492
117995  28.100  -2.704  -28.472 0.1428571492
121246  27.654  0.436  -28.049 0.1428571492
122346  28.127  1.388  -27.705 0.1428571492
123487  27.169  1.997  -29.614 0.1428571492
122347  27.400  1.394  -28.543 0.1428571492
126646  27.919  6.093  -27.494 0.1428571492
127721  26.126  6.551  -27.559 0.1428571492
127707  26.578  6.807  -26.445 0.1428571492
128720  27.383  7.316  -26.175 0.1428571492
90598  23.719  -25.377  -25.725 0.2857142985
91957  25.788  -24.792  -27.142 0.1428571492
117977  29.532  -3.043  -27.447 0.2857142985
119058  27.959  -1.813  -27.930 0.1428571492
91940  22.898  -24.569  -25.215 0.2857142985
101794  27.696  -16.622  -29.676 0.2857142985
103004  27.171  -15.983  -29.738 0.2857142985
107556  29.236  -11.688  -29.622 0.1428571492
109813  29.660  -9.306  -29.101 0.1428571492
110946  29.275  -8.339  -29.352 0.1428571492
110932  30.021  -8.344  -28.760 0.1428571492
113216  28.492  -6.069  -29.622 0.1428571492
114419  28.739  -5.483  -29.215 0.1428571492
115655  28.488  -4.638  -29.105 0.1428571492
116865  28.044  -3.966  -29.176 0.1428571492
122360  26.948  1.424  -29.336 0.1428571492
127720  27.255  6.362  -27.553 0.1428571492
101812  26.717  -15.998  -29.745 0.2857142985
91958  24.983  -24.553  -26.651 0.2857142985
108677  29.586  -11.119  -29.356 0.1428571492
115643  29.566  -4.723  -28.201 0.1428571492
100628  26.511  -17.571  -29.344 0.1428571492
117978  28.736  -2.760  -27.970 0.1428571492
121245  28.445  0.348  -27.181 0.1428571492
94525  23.706  -22.729  -26.313 0.2857142985
103025  26.940  -15.356  -29.900 0.1428571492
116853  28.515  -3.669  -28.450 0.1428571492
114420  28.183  -5.440  -29.701 0.1428571492
93207  22.201  -23.994  -24.799 0.1428571492
93208  21.725  -23.434  -24.497 0.1428571492
93223  22.727  -23.437  -25.116 0.1428571492
95857  24.230  -22.032  -26.848 0.1428571492
104227  36.024  -14.619  -34.308 0.1428571492
104216  36.210  -14.649  -33.285 0.1428571492
123497  33.075  2.089  -31.611 0.1428571492
89271  23.098  -26.352  -25.094 0.1428571492
94507  23.108  -22.670  -25.603 0.1428571492
97099  24.392  -20.845  -27.597 0.1428571492
122379  33.273  1.220  -31.107 0.1428571492
124561  33.251  3.183  -31.541 0.1428571492
97120  23.924  -19.773  -27.947 0.1428571492
121282  33.454  0.241  -31.719 0.1428571492
90599  23.004  -25.734  -25.160 0.1428571492
105356  37.095  -13.998  -34.483 0.1428571492
95876  24.560  -21.413  -27.504 0.1428571492
91959  24.044  -24.469  -26.265 0.1428571492
91922  22.277  -24.602  -24.709 0.1428571492
93224  22.200  -23.342  -24.827 0.1428571492
95877  24.075  -21.353  -27.005 0.1428571492
85318  23.348  -29.041  -24.380 0.1428571492
86659  22.192  -28.744  -24.118 0.1428571492
86677  24.482  -28.253  -25.194 0.1428571492
86691  25.114  -27.973  -25.560 0.2857142985
86692  24.911  -28.134  -25.479 0.2857142985
87975  26.493  -27.169  -24.600 0.1428571492
87976  25.922  -27.426  -25.065 0.1428571492
87978  23.897  -27.636  -25.211 0.1428571492
89270  23.546  -26.296  -25.381 0.1428571492
89284  25.866  -25.858  -26.558 0.4285714328
90596  25.173  -25.739  -26.106 0.5714285970
90614  25.494  -25.404  -26.557 0.2857142985
91938  26.900  -24.820  -25.556 0.1428571492
91972  25.796  -24.133  -27.455 0.4285714328
93220  28.023  -22.960  -25.348 0.2857142985
93255  25.065  -23.433  -27.145 0.2857142985
94506  23.402  -23.000  -25.911 0.2857142985
94555  27.975  -22.530  -28.431 0.2857142985
94573  27.479  -22.482  -29.382 0.5714285970
95892  27.333  -21.014  -29.002 0.5714285970
95910  27.644  -21.519  -29.539 0.5714285970
95921  28.857  -20.906  -30.376 0.5714285970
95923  28.081  -21.410  -29.929 0.5714285970
97082  29.296  -20.296  -26.500 0.2857142985
97115  28.668  -21.473  -28.541 0.5714285970
97133  29.990  -20.346  -30.176 0.4285714328
97135  28.124  -20.150  -29.743 0.5714285970
97143  29.873  -20.307  -30.388 0.5714285970
97146  27.958  -20.964  -30.012 0.5714285970
98291  29.995  -20.293  -29.841 0.4285714328
98292  28.049  -19.623  -29.658 0.5714285970
99431  31.131  -18.082  -31.189 0.5714285970
99434  29.020  -18.739  -29.852 0.5714285970
99441  31.184  -18.002  -31.376 0.5714285970
99442  30.924  -18.126  -31.254 0.5714285970
100601  30.906  -17.970  -28.044 0.1428571492
100616  26.669  -18.268  -29.008 0.4285714328
101823  31.054  -17.127  -31.712 0.7142857313
101834  32.428  -16.478  -32.553 0.7142857313
103001  30.452  -15.243  -30.212 0.5714285970
103003  27.421  -16.244  -29.723 0.2857142985
103034  34.276  -15.302  -32.251 0.1428571492
104177  31.410  -14.820  -31.620 0.7142857313
104192  34.194  -15.213  -31.842 0.2857142985
104193  31.457  -14.333  -32.278 0.7142857313
104203  36.120  -14.587  -32.995 0.2857142985
104208  31.859  -14.897  -32.998 0.5714285970
104217  35.987  -14.986  -33.781 0.1428571492
104228  35.783  -14.210  -34.414 0.4285714328
105295  32.831  -13.233  -31.669 0.5714285970
105298  31.128  -14.427  -30.298 0.7142857313
105328  36.353  -14.097  -32.797 0.1428571492
105333  31.782  -14.592  -33.013 0.5714285970
105344  36.811  -14.433  -33.734 0.1428571492
105345  36.512  -14.570  -34.266 0.1428571492
105357  36.295  -13.963  -34.668 0.4285714328
106448  33.285  -12.933  -31.878 0.5714285970
106486  36.821  -13.219  -34.989 0.1428571492
106488  35.506  -13.331  -34.609 0.4285714328
107553  32.365  -11.614  -29.265 0.7142857313
107569  34.105  -11.007  -30.866 0.7142857313
107583  33.613  -12.225  -31.636 0.5714285970
107617  35.961  -11.731  -35.126 0.5714285970
108654  32.047  -9.964  -28.421 0.7142857313
109809  32.975  -9.044  -28.576 0.7142857313
109871  34.663  -9.838  -32.674 0.7142857313
110928  33.479  -8.470  -28.692 0.8571428657
110944  34.332  -8.616  -29.498 1.0000000000
110983  34.975  -8.631  -33.489 0.1428571492
112056  34.301  -7.978  -29.176 0.7142857313
112070  34.622  -7.890  -29.661 0.8571428657
113180  32.859  -6.098  -27.811 0.7142857313
113181  32.587  -6.087  -27.791 0.7142857313
113225  34.547  -6.844  -30.690 0.8571428657
113269  34.633  -5.743  -34.098 0.1428571492
114392  33.435  -5.551  -27.965 0.8571428657
114394  32.154  -5.596  -27.657 0.8571428657
114406  33.279  -6.011  -27.954 0.8571428657
114408  30.742  -5.647  -28.004 0.7142857313
114418  29.300  -5.544  -28.812 0.1428571492
114451  33.984  -5.780  -32.919 0.1428571492
117976  30.372  -2.721  -26.890 0.7142857313
117993  31.264  -2.401  -26.974 0.7142857313
118018  33.860  -2.784  -31.003 0.1428571492
119042  31.592  -0.950  -26.593 0.5714285970
119055  31.033  -1.650  -26.729 0.8571428657
119068  30.702  -2.046  -26.711 0.7142857313
120123  30.913  -0.820  -26.603 0.7142857313
120141  34.064  -1.667  -30.214 0.1428571492
121242  30.614  -0.613  -26.516 0.7142857313
122329  29.337  1.695  -26.587 0.7142857313
122344  33.178  1.845  -27.574 0.8571428657
123439  29.600  2.591  -26.564 0.5714285970
124487  31.967  3.532  -26.539 0.8571428657
125588  28.917  4.522  -27.530 0.5714285970
126651  33.298  5.562  -27.779 0.5714285970
126688  34.049  5.845  -29.904 0.5714285970
126706  34.084  5.911  -30.147 0.4285714328
127719  32.158  6.924  -27.318 0.4285714328
127748  33.896  6.513  -29.571 0.5714285970
127761  34.114  6.156  -30.200 0.5714285970
128699  27.595  8.097  -25.165 0.2857142985
128740  33.287  7.282  -28.481 0.4285714328
128769  33.118  7.928  -31.249 0.1428571492
128796  32.157  7.942  -33.700 0.1428571492
129727  32.604  7.753  -27.877 0.5714285970
129734  33.443  7.669  -28.755 0.5714285970
129775  31.810  8.725  -32.283 0.1428571492
129784  31.725  8.535  -33.109 0.1428571492
130652  31.620  8.929  -27.740 0.2857142985
130659  31.859  9.279  -28.380 0.2857142985
131547  31.069  10.905  -29.972 0.1428571492
131561  31.857  10.078  -31.112 0.1428571492
133369  27.738  13.545  -27.793 0.1428571492
133377  29.892  11.881  -29.238 0.2857142985
133390  30.004  11.715  -29.397 0.2857142985
133391  29.765  11.770  -29.414 0.2857142985
134333  27.826  13.133  -26.098 0.1428571492
