#!ascii label  , from subject sub-01 vox2ras=TkReg
305
108691  33.533  -10.748  -29.848 0.0000000000
97134  29.668  -20.598  -29.909 0.0000000000
115628  30.252  -4.366  -27.677 0.0000000000
128717  30.178  7.391  -26.795 0.0000000000
95911  27.165  -21.576  -29.183 0.0000000000
117973  33.116  -2.791  -27.866 0.0000000000
121241  32.429  0.566  -26.791 0.0000000000
106416  31.545  -12.765  -29.573 0.0000000000
103020  31.098  -15.515  -31.645 0.0000000000
105331  33.144  -14.149  -32.902 0.0000000000
110965  34.493  -8.564  -31.088 0.0000000000
106473  35.539  -12.320  -34.810 0.0000000000
112059  32.368  -7.468  -28.071 0.0000000000
115640  34.365  -5.472  -29.139 0.0000000000
125579  29.408  4.525  -26.955 0.0000000000
125587  32.945  4.259  -27.284 0.0000000000
99404  31.267  -18.370  -29.939 0.0000000000
120112  31.322  -0.419  -26.604 0.0000000000
122327  31.152  1.484  -26.226 0.0000000000
107571  32.804  -12.276  -29.933 0.0000000000
105296  32.205  -13.653  -31.292 0.0000000000
107595  33.604  -12.524  -32.139 0.0000000000
95922  28.470  -21.182  -30.145 0.0000000000
114407  31.421  -5.949  -27.796 0.0000000000
113200  33.006  -6.482  -27.941 0.0000000000
115625  32.825  -4.828  -27.655 0.0000000000
120133  33.614  -0.732  -28.883 0.0000000000
118007  34.050  -2.765  -29.459 0.0000000000
127705  28.857  6.653  -27.141 0.0000000000
126654  28.864  5.234  -27.793 0.0000000000
126643  30.242  5.801  -26.672 0.0000000000
129755  32.928  8.645  -30.223 0.0000000000
128759  33.799  7.293  -29.893 0.0000000000
127717  33.353  5.987  -28.070 0.0000000000
126689  33.871  5.534  -29.579 0.0000000000
124543  33.739  3.659  -29.408 0.0000000000
101833  32.597  -16.619  -32.415 0.0000000000
100652  31.237  -17.670  -31.505 0.0000000000
94558  26.126  -22.025  -28.227 0.0000000000
116835  31.657  -3.713  -27.296 0.0000000000
119067  30.991  -2.069  -26.804 0.0000000000
120122  32.597  -0.489  -27.214 0.0000000000
121255  33.511  0.463  -28.468 0.0000000000
104162  30.221  -14.537  -29.777 0.0000000000
105297  31.501  -14.240  -30.615 0.0000000000
105316  31.650  -14.441  -32.862 0.0000000000
103047  33.713  -15.669  -32.819 0.0000000000
109850  34.449  -9.487  -30.767 0.0000000000
107594  33.880  -11.840  -32.584 0.0000000000
108722  34.614  -10.731  -33.081 0.0000000000
108676  32.464  -10.547  -28.752 0.0000000000
110931  31.005  -8.335  -28.583 0.0000000000
109828  33.409  -9.392  -29.056 0.0000000000
110927  34.006  -8.319  -29.030 0.0000000000
113213  34.474  -7.043  -29.828 0.0000000000
114429  34.492  -5.872  -30.863 0.0000000000
116833  33.489  -3.970  -28.125 0.0000000000
116863  34.525  -4.004  -30.037 0.0000000000
124489  29.953  3.610  -26.617 0.0000000000
128732  31.648  7.445  -27.225 0.0000000000
127701  32.454  5.902  -26.996 0.0000000000
125577  31.488  4.555  -26.501 0.0000000000
123437  31.539  2.550  -26.436 0.0000000000
123461  32.927  2.614  -27.333 0.0000000000
123476  33.551  2.566  -28.776 0.0000000000
99433  29.665  -18.779  -30.479 0.0000000000
101809  30.194  -16.793  -30.886 0.0000000000
106461  34.313  -13.087  -33.134 0.0000000000
104205  34.712  -15.051  -33.207 0.0000000000
121229  29.914  0.786  -26.330 0.0000000000
122328  30.194  1.561  -26.244 0.0000000000
107552  33.155  -11.162  -29.644 0.0000000000
107570  33.453  -11.696  -30.430 0.0000000000
94540  25.965  -22.828  -27.851 0.0000000000
95908  29.041  -21.276  -30.226 0.0000000000
115642  30.317  -4.976  -28.034 0.0000000000
114395  31.412  -5.311  -27.661 0.0000000000
115627  30.984  -4.629  -27.606 0.0000000000
120142  34.066  -0.992  -30.008 0.0000000000
126644  29.389  5.572  -27.048 0.0000000000
127703  30.679  6.480  -26.735 0.0000000000
127747  34.097  6.080  -29.965 0.0000000000
125630  33.709  4.506  -30.146 0.0000000000
101821  32.482  -16.786  -31.873 0.0000000000
101807  31.880  -17.068  -31.139 0.0000000000
98293  27.483  -19.508  -29.313 0.0000000000
117994  30.832  -2.271  -26.743 0.0000000000
119056  30.087  -2.043  -26.642 0.0000000000
121227  31.632  0.486  -26.476 0.0000000000
120111  31.972  -0.423  -26.668 0.0000000000
120121  33.314  -0.576  -27.874 0.0000000000
121240  33.059  0.725  -27.570 0.0000000000
129718  29.465  8.292  -26.715 0.0000000000
105282  30.952  -13.847  -29.849 0.0000000000
105281  31.941  -13.583  -30.101 0.0000000000
105314  32.771  -13.492  -32.186 0.0000000000
105315  31.881  -14.052  -32.544 0.0000000000
105332  32.054  -14.517  -33.008 0.0000000000
104207  32.565  -15.166  -33.046 0.0000000000
104206  33.579  -15.166  -33.021 0.0000000000
94574  27.044  -22.046  -29.290 0.0000000000
94557  26.675  -22.608  -28.785 0.0000000000
108712  34.389  -10.592  -32.161 0.0000000000
109862  34.600  -9.451  -31.795 0.0000000000
107533  31.154  -11.104  -28.750 0.0000000000
112060  31.451  -7.448  -28.228 0.0000000000
110930  31.880  -8.338  -28.279 0.0000000000
109810  32.323  -9.122  -28.453 0.0000000000
110929  32.720  -8.343  -28.353 0.0000000000
110945  33.821  -8.784  -29.179 0.0000000000
112058  33.242  -7.575  -28.310 0.0000000000
114405  33.701  -5.824  -28.260 0.0000000000
113199  33.750  -6.888  -28.549 0.0000000000
114404  34.212  -6.431  -29.107 0.0000000000
114417  34.369  -6.114  -29.951 0.0000000000
117974  32.319  -2.713  -27.238 0.0000000000
116834  32.621  -3.869  -27.609 0.0000000000
116864  34.312  -3.333  -29.675 0.0000000000
115665  34.526  -4.809  -30.967 0.0000000000
126653  29.212  4.984  -27.415 0.0000000000
125589  28.323  4.571  -27.988 0.0000000000
124509  28.529  4.058  -27.591 0.0000000000
124490  28.951  3.545  -27.143 0.0000000000
129743  33.544  7.894  -29.222 0.0000000000
129744  33.105  8.550  -29.348 0.0000000000
128731  32.389  7.354  -27.582 0.0000000000
127718  32.827  6.428  -27.610 0.0000000000
125586  33.423  4.610  -27.872 0.0000000000
126652  32.843  5.235  -27.227 0.0000000000
125576  32.380  4.413  -26.815 0.0000000000
124488  30.979  3.604  -26.398 0.0000000000
124508  32.667  3.484  -27.027 0.0000000000
123436  32.370  2.560  -26.748 0.0000000000
124507  33.199  3.533  -27.617 0.0000000000
124553  33.584  3.403  -30.481 0.0000000000
123486  33.439  2.453  -29.773 0.0000000000
122365  33.447  1.451  -29.120 0.0000000000
100626  28.431  -18.119  -29.929 0.0000000000
103000  30.842  -15.175  -30.515 0.0000000000
103022  30.069  -15.994  -30.185 0.0000000000
103021  30.779  -15.769  -31.126 0.0000000000
100638  31.446  -17.726  -31.229 0.0000000000
100653  30.962  -17.905  -31.390 0.0000000000
99418  31.166  -18.314  -30.648 0.0000000000
99432  30.622  -18.599  -30.821 0.0000000000
107605  34.793  -11.865  -33.541 0.0000000000
106474  34.989  -12.949  -34.431 0.0000000000
120124  30.462  -1.085  -26.557 0.0000000000
121243  30.191  -0.395  -26.412 0.0000000000
121228  30.732  0.236  -26.399 0.0000000000
122326  32.042  1.544  -26.505 0.0000000000
106415  32.352  -12.782  -29.863 0.0000000000
105280  32.374  -13.277  -30.382 0.0000000000
106433  32.803  -12.836  -30.459 0.0000000000
106432  33.123  -12.851  -31.202 0.0000000000
106462  33.588  -13.064  -32.410 0.0000000000
95909  28.286  -21.854  -29.682 0.0000000000
94572  28.048  -22.645  -29.105 0.0000000000
95891  28.463  -22.134  -28.879 0.0000000000
97098  28.707  -21.194  -27.747 0.0000000000
110975  34.506  -8.427  -31.892 0.0000000000
110984  34.693  -8.815  -32.720 0.0000000000
113203  30.257  -6.449  -28.549 0.0000000000
113202  31.027  -6.585  -28.113 0.0000000000
113201  31.973  -6.538  -27.840 0.0000000000
114393  33.055  -5.733  -27.802 0.0000000000
115624  33.476  -5.098  -27.983 0.0000000000
119066  33.403  -1.730  -28.283 0.0000000000
117992  33.616  -2.802  -28.674 0.0000000000
119081  33.675  -1.848  -29.254 0.0000000000
119080  34.189  -2.030  -29.932 0.0000000000
125578  30.327  4.766  -26.544 0.0000000000
129754  33.419  8.035  -30.089 0.0000000000
128750  33.648  7.209  -29.067 0.0000000000
127732  33.112  6.866  -28.179 0.0000000000
126670  33.528  5.453  -28.456 0.0000000000
125603  33.716  4.572  -28.847 0.0000000000
124528  33.567  3.595  -28.383 0.0000000000
125617  33.758  4.572  -29.494 0.0000000000
103037  31.298  -15.977  -31.990 0.0000000000
103038  30.904  -16.447  -31.664 0.0000000000
101822  31.871  -17.016  -32.066 0.0000000000
95893  26.632  -21.484  -28.738 0.0000000000
97116  27.339  -20.439  -28.984 0.0000000000
97136  27.735  -20.400  -29.511 0.0000000000
97145  28.502  -20.368  -30.087 0.0000000000
97144  29.330  -20.467  -30.311 0.0000000000
116837  29.783  -3.719  -27.551 0.0000000000
116836  30.724  -3.625  -27.310 0.0000000000
117975  31.354  -2.651  -26.856 0.0000000000
119043  31.199  -0.968  -26.635 0.0000000000
119054  32.124  -1.546  -26.774 0.0000000000
119053  32.812  -1.644  -27.527 0.0000000000
121261  33.674  0.299  -29.525 0.0000000000
128719  28.288  7.350  -26.537 0.0000000000
128718  29.167  7.451  -26.800 0.0000000000
104161  30.794  -14.682  -30.197 0.0000000000
104178  31.169  -14.906  -30.679 0.0000000000
104176  31.539  -14.052  -32.038 0.0000000000
104194  31.542  -14.881  -32.524 0.0000000000
103049  32.079  -15.825  -32.632 0.0000000000
103048  32.898  -16.135  -33.036 0.0000000000
103036  33.074  -16.260  -32.421 0.0000000000
108690  34.057  -10.402  -30.381 0.0000000000
107582  33.993  -11.304  -31.515 0.0000000000
108701  34.341  -10.390  -31.246 0.0000000000
107604  35.445  -11.747  -34.365 0.0000000000
109870  34.984  -9.636  -33.502 0.0000000000
108721  35.285  -10.778  -33.814 0.0000000000
107532  31.869  -10.728  -28.615 0.0000000000
108675  33.104  -10.484  -29.210 0.0000000000
109811  31.505  -9.207  -28.533 0.0000000000
108653  32.775  -9.796  -28.631 0.0000000000
108674  33.754  -9.949  -29.656 0.0000000000
109827  33.953  -9.229  -29.479 0.0000000000
109839  34.348  -9.427  -29.943 0.0000000000
110955  34.642  -8.643  -30.196 0.0000000000
112057  33.917  -7.764  -28.727 0.0000000000
113198  34.224  -7.321  -29.168 0.0000000000
112079  34.650  -7.765  -30.457 0.0000000000
112090  34.484  -7.659  -31.373 0.0000000000
113237  34.463  -6.728  -31.661 0.0000000000
115626  31.932  -4.678  -27.500 0.0000000000
115641  34.053  -4.763  -28.559 0.0000000000
116851  34.158  -3.721  -29.063 0.0000000000
116850  34.438  -4.600  -29.324 0.0000000000
115653  34.604  -5.134  -30.031 0.0000000000
123440  28.877  2.482  -27.019 0.0000000000
128733  30.832  7.669  -27.101 0.0000000000
128716  31.023  7.087  -26.922 0.0000000000
126642  31.099  5.584  -26.577 0.0000000000
126641  32.060  5.373  -26.722 0.0000000000
123438  30.569  2.573  -26.359 0.0000000000
122345  32.705  1.642  -27.059 0.0000000000
123460  33.416  2.627  -27.923 0.0000000000
122359  33.461  1.613  -28.184 0.0000000000
98301  29.246  -19.659  -30.231 0.0000000000
98300  29.877  -19.717  -30.512 0.0000000000
101810  29.461  -16.848  -30.258 0.0000000000
101808  30.636  -16.771  -31.449 0.0000000000
100639  30.597  -17.545  -31.233 0.0000000000
100640  29.987  -17.771  -30.631 0.0000000000
105330  34.454  -14.251  -33.746 0.0000000000
105346  35.344  -13.860  -34.312 0.0000000000
94573  27.479  -22.482  -29.382 0.0000000000
95892  27.333  -21.014  -29.002 0.0000000000
95910  27.644  -21.519  -29.539 0.0000000000
95921  28.857  -20.906  -30.376 0.0000000000
95923  28.081  -21.410  -29.929 0.0000000000
97115  28.668  -21.473  -28.541 0.0000000000
97135  28.124  -20.150  -29.743 0.0000000000
97143  29.873  -20.307  -30.388 0.0000000000
97146  27.958  -20.964  -30.012 0.0000000000
98292  28.049  -19.623  -29.658 0.0000000000
99431  31.131  -18.082  -31.189 0.0000000000
99434  29.020  -18.739  -29.852 0.0000000000
99441  31.184  -18.002  -31.376 0.0000000000
99442  30.924  -18.126  -31.254 0.0000000000
101823  31.054  -17.127  -31.712 0.0000000000
101834  32.428  -16.478  -32.553 0.0000000000
103001  30.452  -15.243  -30.212 0.0000000000
104177  31.410  -14.820  -31.620 0.0000000000
104193  31.457  -14.333  -32.278 0.0000000000
104208  31.859  -14.897  -32.998 0.0000000000
104218  35.399  -14.652  -34.076 0.0000000000
105295  32.831  -13.233  -31.669 0.0000000000
105298  31.128  -14.427  -30.298 0.0000000000
105333  31.782  -14.592  -33.013 0.0000000000
106448  33.285  -12.933  -31.878 0.0000000000
107553  32.365  -11.614  -29.265 0.0000000000
107569  34.105  -11.007  -30.866 0.0000000000
107583  33.613  -12.225  -31.636 0.0000000000
107617  35.961  -11.731  -35.126 0.0000000000
108654  32.047  -9.964  -28.421 0.0000000000
109809  32.975  -9.044  -28.576 0.0000000000
109871  34.663  -9.838  -32.674 0.0000000000
110928  33.479  -8.470  -28.692 0.0000000000
110944  34.332  -8.616  -29.498 0.0000000000
112056  34.301  -7.978  -29.176 0.0000000000
112070  34.622  -7.890  -29.661 0.0000000000
113180  32.859  -6.098  -27.811 0.0000000000
113181  32.587  -6.087  -27.791 0.0000000000
113225  34.547  -6.844  -30.690 0.0000000000
114392  33.435  -5.551  -27.965 0.0000000000
114394  32.154  -5.596  -27.657 0.0000000000
114406  33.279  -6.011  -27.954 0.0000000000
114408  30.742  -5.647  -28.004 0.0000000000
117976  30.372  -2.721  -26.890 0.0000000000
117993  31.264  -2.401  -26.974 0.0000000000
119042  31.592  -0.950  -26.593 0.0000000000
119055  31.033  -1.650  -26.729 0.0000000000
119068  30.702  -2.046  -26.711 0.0000000000
120123  30.913  -0.820  -26.603 0.0000000000
121242  30.614  -0.613  -26.516 0.0000000000
122329  29.337  1.695  -26.587 0.0000000000
122344  33.178  1.845  -27.574 0.0000000000
123439  29.600  2.591  -26.564 0.0000000000
124487  31.967  3.532  -26.539 0.0000000000
125588  28.917  4.522  -27.530 0.0000000000
126651  33.298  5.562  -27.779 0.0000000000
126688  34.049  5.845  -29.904 0.0000000000
127748  33.896  6.513  -29.571 0.0000000000
127761  34.114  6.156  -30.200 0.0000000000
129727  32.604  7.753  -27.877 0.0000000000
129734  33.443  7.669  -28.755 0.0000000000
